0.06805555555555558 0.06944444444444448 0.08518518518518522 0.07361111111111115 0.06481481481481484 0.12546296296296286 0.12407407407407398 0.1324074074074074 0.1361111111111111 0.12083333333333335
0.15486111111111112 0.06388888888888888 0.11180555555555556 0.07222222222222222 0.07083333333333333 0.10208333333333333 0.11319444444444444 0.09652777777777778 0.10972222222222222 0.10486111111111111
0.07692307692307684 0.298290598290598 0.07692307692307684 0.07863247863247856 0.0777777777777777 0.07863247863247858 0.07863247863247855 0.07948717948717941 0.07777777777777771 0.07692307692307684
0.07698412698412693 0.2476190476190476 0.08253968253968244 0.07698412698412695 0.07539682539682532 0.07777777777777775 0.09206349206349206 0.08730158730158726 0.0920634920634921 0.0912698412698412
0.07619047619047614 0.30714285714285716 0.07301587301587298 0.07460317460317456 0.07698412698412692 0.08333333333333333 0.07777777777777772 0.07777777777777771 0.07698412698412695 0.07619047619047614
0.08333333333333329 0.07857142857142851 0.09126984126984124 0.08730158730158724 0.08730158730158728 0.12142857142857133 0.1071428571428571 0.11111111111111105 0.12222222222222215 0.11031746031746022
0.09320987654320977 0.07160493827160483 0.0919753086419752 0.0839506172839505 0.09197530864197517 0.1246913580246912 0.10555555555555543 0.11419753086419743 0.1018518518518517 0.12098765432098754
0.0888888888888888 0.06166666666666658 0.15388888888888894 0.07833333333333324 0.08166666666666657 0.10833333333333335 0.11277777777777777 0.10055555555555551 0.10333333333333337 0.11055555555555557
0.07134502923976603 0.06900584795321635 0.0830409356725146 0.0812865497076023 0.0701754385964912 0.1461988304093566 0.11111111111111109 0.13099415204678358 0.1333333333333332 0.10350877192982452
0.09185185185185187 0.16592592592592578 0.09037037037037036 0.07703703703703703 0.07777777777777777 0.09259259259259257 0.10740740740740737 0.10074074074074066 0.09851851851851852 0.09777777777777781
0.06543209876543214 0.05967078189300417 0.08888888888888895 0.06255144032921814 0.06913580246913584 0.16419753086419747 0.11934156378600817 0.1168724279835391 0.13621399176954724 0.11769547325102879
0.09629629629629627 0.09444444444444443 0.10370370370370362 0.09814814814814815 0.09629629629629627 0.11018518518518518 0.10555555555555556 0.09814814814814808 0.09537037037037031 0.10185185185185183
0.08499999999999988 0.0616666666666666 0.07611111111111105 0.06944444444444435 0.061666666666666585 0.15388888888888902 0.11666666666666657 0.14722222222222228 0.13333333333333353 0.09499999999999993
0.09375 0.09375 0.10625 0.0875 0.08611111111111111 0.09027777777777778 0.10694444444444444 0.10625 0.12430555555555556 0.10486111111111111
0.09150326797385608 0.07385620915032666 0.1705882352941174 0.08496732026143776 0.08431372549019593 0.10326797385620902 0.09738562091503256 0.09869281045751618 0.09803921568627436 0.09738562091503256
0.09841269841269838 0.08253968253968251 0.10476190476190471 0.09841269841269834 0.09047619047619043 0.10873015873015864 0.10634920634920633 0.10555555555555551 0.10158730158730155 0.1031746031746031
0.07632850241545906 0.14685990338164248 0.19710144927536227 0.06086956521739139 0.07246376811594211 0.09033816425120779 0.08550724637681167 0.08599033816425128 0.09758454106280201 0.0869565217391305
0.0673400673400673 0.07542087542087536 0.07676767676767672 0.05050505050505047 0.37979797979797986 0.06498316498316495 0.07373737373737368 0.072053872053872 0.06666666666666662 0.07272727272727268
0.06618357487922714 0.052173913043478334 0.05362318840579719 0.15893719806763298 0.40869565217391285 0.0507246376811595 0.04782608695652181 0.052173913043478355 0.05314009661835756 0.056521739130434887
0.1333333333333332 0.08205128205128198 0.0914529914529914 0.12649572649572638 0.12222222222222215 0.0854700854700854 0.08461538461538455 0.09316239316239311 0.08974358974358966 0.0914529914529914
0.056521739130434887 0.05024154589371988 0.05458937198067642 0.13816425120772957 0.41835748792270516 0.05845410628019331 0.053140096618357585 0.05700483091787449 0.05507246376811604 0.05845410628019329
0.09285714285714282 0.09047619047619043 0.11507936507936499 0.09047619047619043 0.10079365079365075 0.10158730158730152 0.10634920634920629 0.09523809523809518 0.10793650793650787 0.09920634920634917
0.1040935672514619 0.06315789473684208 0.07777777777777777 0.06783625730994153 0.11286549707602332 0.14444444444444426 0.09941520467836251 0.13274853801169584 0.1017543859649122 0.09590643274853801
0.0793650793650793 0.0793650793650793 0.08888888888888885 0.22619047619047616 0.08492063492063487 0.08809523809523806 0.09047619047619045 0.08412698412698405 0.08571428571428566 0.09285714285714282
0.0911111111111111 0.0837037037037037 0.10814814814814812 0.07703703703703701 0.08740740740740736 0.10814814814814808 0.1081481481481481 0.10370370370370369 0.11555555555555554 0.117037037037037
0.09537037037037027 0.09074074074074064 0.09351851851851847 0.17499999999999982 0.09166666666666655 0.08981481481481472 0.09351851851851847 0.09351851851851843 0.09074074074074064 0.086111111111111
0.09999999999999984 0.24629629629629632 0.07901234567901223 0.06728395061728384 0.09444444444444433 0.07839506172839496 0.09691358024691343 0.08148148148148136 0.07716049382716034 0.07901234567901225
0.10116959064327481 0.06023391812865494 0.08654970760233913 0.1807017543859648 0.11461988304093564 0.08304093567251464 0.09766081871345023 0.08830409356725144 0.09298245614035086 0.09473684210526309
0.2257309941520468 0.06666666666666665 0.0754385964912281 0.07076023391812865 0.09707602339181282 0.11988304093567245 0.08713450292397663 0.0912280701754386 0.08187134502923973 0.08421052631578946
0.09059829059829053 0.08632478632478627 0.09145299145299136 0.17350427350427328 0.09401709401709397 0.09658119658119652 0.09401709401709396 0.08888888888888882 0.09230769230769226 0.09230769230769226
0.18958333333333333 0.06875 0.08958333333333333 0.06666666666666667 0.08958333333333333 0.11180555555555556 0.0875 0.1 0.10625 0.09027777777777778
0.08981481481481471 0.08796296296296287 0.0990740740740741 0.086111111111111 0.0953703703703703 0.10185185185185176 0.11481481481481483 0.1074074074074074 0.10277777777777776 0.1148148148148149
0.07719298245614035 0.0690058479532163 0.08596491228070169 0.290643274853801 0.08070175438596491 0.08128654970760231 0.08421052631578937 0.07777777777777772 0.07777777777777777 0.07543859649122803
0.11037037037037037 0.2229629629629628 0.07777777777777775 0.07407407407407407 0.09185185185185184 0.08370370370370374 0.08592592592592586 0.0837037037037036 0.07925925925925922 0.0903703703703704
0.07828282828282838 0.06262626262626265 0.1186868686868687 0.07020202020202025 0.07575757575757584 0.13535353535353536 0.10606060606060605 0.12171717171717182 0.11262626262626271 0.11868686868686876
0.0798611111111111 0.07152777777777777 0.07777777777777778 0.22291666666666668 0.08888888888888889 0.10347222222222222 0.08055555555555556 0.10069444444444445 0.08055555555555556 0.09375
0.07979797979797991 0.06818181818181826 0.0808080808080809 0.1358585858585859 0.1116161616161617 0.11919191919191931 0.10656565656565661 0.09292929292929299 0.09949494949494955 0.10555555555555561
0.07430555555555556 0.07847222222222222 0.08194444444444444 0.24027777777777778 0.07708333333333334 0.0875 0.09583333333333334 0.08194444444444444 0.08333333333333333 0.09930555555555555
0.07692307692307684 0.30085470085470056 0.0777777777777777 0.07777777777777771 0.07692307692307684 0.07777777777777771 0.07863247863247856 0.07692307692307684 0.0777777777777777 0.07863247863247855
0.1572222222222222 0.07666666666666658 0.09166666666666665 0.07444444444444434 0.09111111111111106 0.09055555555555549 0.11111111111111109 0.11222222222222225 0.09333333333333325 0.1016666666666667
0.09590643274853797 0.0631578947368421 0.24385964912280697 0.06959064327485379 0.09473684210526315 0.08771929824561399 0.08011695906432748 0.09181286549707603 0.09005847953216371 0.08304093567251457
0.06666666666666655 0.07499999999999989 0.07333333333333326 0.35388888888888903 0.0649999999999999 0.07333333333333326 0.07277777777777769 0.07222222222222215 0.06555555555555546 0.08222222222222214
0.0738888888888888 0.19277777777777783 0.0788888888888888 0.0783333333333333 0.08277777777777771 0.07666666666666658 0.11611111111111107 0.08944444444444431 0.11055555555555563 0.10055555555555548
0.08547008547008539 0.08290598290598283 0.08376068376068369 0.22735042735042701 0.08205128205128195 0.08803418803418797 0.08803418803418793 0.08376068376068369 0.09145299145299138 0.08717948717948709
0.419047619047619 0.03412698412698408 0.05925925925925923 0.04047619047619044 0.10925925925925915 0.08253968253968247 0.052645502645502606 0.0793650793650793 0.053174603174603145 0.07010582010582007
0.09791666666666667 0.09027777777777778 0.10694444444444444 0.09097222222222222 0.09305555555555556 0.09722222222222222 0.09930555555555555 0.10833333333333334 0.11319444444444444 0.10277777777777777
0.08174603174603173 0.07698412698412692 0.0936507936507936 0.07857142857142851 0.08333333333333329 0.13333333333333328 0.10317460317460309 0.12301587301587297 0.13333333333333322 0.09285714285714285
0.09111111111111109 0.0711111111111111 0.08814814814814813 0.12148148148148144 0.07703703703703701 0.10740740740740738 0.10296296296296295 0.11999999999999998 0.12962962962962946 0.09111111111111114
0.08888888888888885 0.08650793650793645 0.08412698412698408 0.1793650793650792 0.08492063492063491 0.09285714285714278 0.09682539682539673 0.09206349206349206 0.09841269841269835 0.09603174603174602
0.08169934640522862 0.0640522875816992 0.07124183006535934 0.23529411764705857 0.10849673202614364 0.08039215686274495 0.08954248366013058 0.09934640522875801 0.0816993464052286 0.0882352941176469
0.08148148148148145 0.13999999999999993 0.08074074074074072 0.16814814814814807 0.07851851851851849 0.08666666666666666 0.09481481481481481 0.09259259259259256 0.08222222222222224 0.09481481481481481
0.07698412698412693 0.15079365079365065 0.23412698412698402 0.07301587301587295 0.07698412698412692 0.08095238095238091 0.07777777777777775 0.07460317460317455 0.07936507936507928 0.07539682539682534
0.19565217391304351 0.04927536231884067 0.19082125603864736 0.053140096618357585 0.07487922705314018 0.11256038647342981 0.067632850241546 0.10579710144927537 0.07246376811594216 0.07777777777777782
0.09259259259259248 0.061111111111111005 0.22098765432098763 0.06666666666666654 0.0679012345679011 0.10555555555555543 0.09382716049382704 0.09938271604938258 0.1061728395061727 0.08580246913580238
0.08119658119658112 0.09401709401709393 0.08290598290598283 0.08376068376068367 0.0794871794871794 0.13504273504273487 0.10854700854700845 0.11794871794871785 0.10769230769230756 0.10940170940170937
0.09375 0.11388888888888889 0.09166666666666666 0.09930555555555555 0.09722222222222222 0.09444444444444444 0.09375 0.1125 0.10208333333333333 0.10138888888888889
0.0854700854700854 0.08119658119658112 0.09658119658119652 0.08376068376068371 0.08290598290598283 0.09829059829059822 0.11623931623931615 0.1076923076923076 0.1273504273504273 0.12051282051282038
0.07647058823529397 0.22026143790849642 0.08627450980392144 0.07647058823529397 0.08300653594771226 0.07973856209150314 0.08954248366013058 0.09411764705882339 0.10196078431372538 0.0921568627450979
0.15138888888888888 0.07013888888888889 0.08402777777777778 0.07777777777777778 0.1125 0.10347222222222222 0.09513888888888888 0.10555555555555556 0.10416666666666667 0.09583333333333334
0.08888888888888886 0.07936507936507928 0.08571428571428565 0.0841269841269841 0.0793650793650793 0.13015873015873 0.1063492063492063 0.11428571428571421 0.12777777777777763 0.10396825396825396
0.09572649572649564 0.08547008547008539 0.10854700854700844 0.08376068376068369 0.08717948717948709 0.09230769230769226 0.12649572649572635 0.10427350427350418 0.10683760683760682 0.10940170940170933
0.07499999999999989 0.19388888888888883 0.08333333333333327 0.0649999999999999 0.07166666666666656 0.11888888888888892 0.09999999999999994 0.0972222222222222 0.10055555555555551 0.09444444444444439
0.07708333333333334 0.28055555555555556 0.08194444444444444 0.07708333333333334 0.08541666666666667 0.07430555555555556 0.07777777777777778 0.07777777777777778 0.08263888888888889 0.08541666666666667
0.09481481481481484 0.0785185185185185 0.09185185185185184 0.08222222222222218 0.08148148148148145 0.09555555555555557 0.11925925925925925 0.11407407407407405 0.12148148148148148 0.12074074074074066
0.07430555555555556 0.19166666666666668 0.08819444444444445 0.06944444444444445 0.08680555555555555 0.08958333333333333 0.10555555555555556 0.10486111111111111 0.08263888888888889 0.10694444444444444
0.10158730158730155 0.08650793650793645 0.09126984126984124 0.08888888888888885 0.09523809523809519 0.10079365079365077 0.10952380952380947 0.11031746031746024 0.10555555555555551 0.11031746031746026
0.07248677248677239 0.2682539682539679 0.09206349206349197 0.06666666666666658 0.06455026455026448 0.07248677248677245 0.08253968253968245 0.08571428571428563 0.09206349206349203 0.1031746031746031
0.14592592592592582 0.0785185185185185 0.08444444444444443 0.0725925925925926 0.10148148148148148 0.09555555555555555 0.10888888888888881 0.10296296296296287 0.10074074074074076 0.10888888888888885
0.09583333333333334 0.08888888888888889 0.09791666666666667 0.09513888888888888 0.09861111111111111 0.10277777777777777 0.11319444444444444 0.09652777777777778 0.1125 0.09861111111111111
0.07481481481481478 0.19851851851851826 0.07851851851851854 0.0696296296296296 0.0718518518518518 0.13037037037037028 0.09037037037037035 0.10148148148148152 0.09777777777777773 0.08666666666666668
0.07222222222222216 0.3317460317460319 0.07222222222222217 0.07619047619047614 0.07222222222222217 0.07460317460317455 0.07619047619047614 0.07539682539682535 0.07539682539682535 0.07380952380952374
0.08333333333333323 0.08518518518518509 0.08703703703703694 0.2240740740740741 0.08333333333333323 0.08425925925925916 0.08981481481481471 0.08796296296296285 0.08703703703703693 0.08796296296296285
0.0777777777777777 0.29914529914529886 0.07863247863247858 0.07692307692307684 0.07692307692307684 0.07777777777777771 0.0777777777777777 0.07863247863247856 0.07863247863247858 0.07777777777777771
0.12863247863247848 0.05940170940170936 0.11196581196581186 0.08034188034188025 0.06410256410256403 0.12564102564102547 0.09829059829059822 0.1175213675213674 0.10982905982905976 0.10427350427350418
0.0679012345679011 0.0839506172839505 0.10370370370370359 0.07530864197530851 0.0759259259259258 0.13641975308641957 0.10555555555555542 0.12222222222222211 0.11049382716049368 0.1185185185185184
0.07201646090534983 0.2234567901234569 0.0724279835390947 0.05884773662551446 0.06707818930041157 0.12674897119341558 0.08230452674897122 0.11851851851851851 0.07860082304526751 0.10000000000000003
0.10370370370370365 0.07185185185185185 0.10592592592592591 0.07555555555555553 0.07777777777777775 0.11333333333333329 0.09629629629629627 0.11555555555555556 0.13999999999999985 0.09999999999999996
0.08055555555555548 0.1138888888888888 0.07055555555555547 0.15111111111111122 0.18888888888888888 0.06833333333333325 0.09499999999999999 0.06833333333333325 0.07611111111111103 0.08722222222222219
0.0944444444444444 0.09285714285714282 0.11031746031746026 0.08968253968253964 0.09682539682539677 0.09841269841269838 0.1055555555555555 0.10793650793650791 0.10396825396825388 0.09999999999999994
0.09090909090909087 0.0929292929292929 0.0929292929292929 0.15959595959595954 0.09393939393939392 0.09191919191919189 0.0929292929292929 0.09191919191919189 0.09494949494949492 0.097979797979798
0.08888888888888889 0.07925925925925922 0.09481481481481481 0.08296296296296296 0.0903703703703704 0.11925925925925915 0.1111111111111111 0.11703703703703702 0.11037037037037033 0.10592592592592588
0.07722222222222218 0.06388888888888879 0.09499999999999999 0.07388888888888881 0.07555555555555546 0.10611111111111104 0.15722222222222237 0.11166666666666665 0.09444444444444443 0.1450000000000001
0.08547008547008542 0.082051282051282 0.1042735042735042 0.09059829059829057 0.08290598290598282 0.10683760683760674 0.11538461538461527 0.10683760683760671 0.1076923076923076 0.11794871794871785
0.0837037037037037 0.07555555555555554 0.09703703703703705 0.08444444444444445 0.08370370370370368 0.1066666666666666 0.13407407407407396 0.11037037037037033 0.11481481481481479 0.10962962962962959
0.15999999999999998 0.07277777777777769 0.11777777777777779 0.06611111111111102 0.09666666666666666 0.09777777777777777 0.09777777777777773 0.08722222222222215 0.10111111111111107 0.10277777777777777
0.05440613026819923 0.19233716475095788 0.06551724137931032 0.19118773946360162 0.05632183908045972 0.07739463601532563 0.11379310344827592 0.07969348659003825 0.07049808429118774 0.09885057471264372
0.07017543859649115 0.12631578947368416 0.08479532163742687 0.17543859649122795 0.0707602339181286 0.08654970760233915 0.09122807017543859 0.09766081871345024 0.1052631578947367 0.09181286549707603
0.24093567251461984 0.06081871345029239 0.10818713450292392 0.06842105263157892 0.09239766081871345 0.08479532163742687 0.08713450292397656 0.08304093567251458 0.09181286549707601 0.08245614035087712
0.15228758169934617 0.06928104575163385 0.11699346405228744 0.07908496732026128 0.08104575163398678 0.10065359477124167 0.10588235294117633 0.09281045751633973 0.1013071895424835 0.10065359477124167
0.07301587301587298 0.07380952380952377 0.0817460317460317 0.07936507936507929 0.07857142857142854 0.12142857142857137 0.10476190476190468 0.12857142857142848 0.16190476190476177 0.09682539682539677
0.08366013071895409 0.07712418300653583 0.08627450980392144 0.07450980392156849 0.08235294117647042 0.12418300653594752 0.12810457516339852 0.12026143790849658 0.09084967320261421 0.13267973856209128
0.07777777777777778 0.06944444444444445 0.1 0.08472222222222223 0.09166666666666666 0.1125 0.11527777777777778 0.11736111111111111 0.10972222222222222 0.12152777777777778
0.075 0.07013888888888889 0.08472222222222223 0.25625 0.07708333333333334 0.0763888888888889 0.09027777777777778 0.08472222222222223 0.09097222222222222 0.09444444444444444
0.07222222222222216 0.07460317460317456 0.07539682539682535 0.27460317460317457 0.08968253968253964 0.08174603174603166 0.08095238095238091 0.08412698412698406 0.0825396825396825 0.08412698412698409
0.15161290322580653 0.05125448028673832 0.08136200716845873 0.18530465949820796 0.10215053763440862 0.08996415770609316 0.07777777777777772 0.09068100358422934 0.08028673835125442 0.08960573476702503
0.12708333333333333 0.06805555555555555 0.07847222222222222 0.1423611111111111 0.11041666666666666 0.09236111111111112 0.09930555555555555 0.09861111111111111 0.08541666666666667 0.09791666666666667
0.0811965811965811 0.14358974358974347 0.0897435897435897 0.08034188034188028 0.09914529914529911 0.11452991452991441 0.09572649572649564 0.09743589743589745 0.10085470085470073 0.09743589743589737
0.2521739130434783 0.10531400966183586 0.07391304347826096 0.08888888888888896 0.07536231884057984 0.07101449275362327 0.07826086956521747 0.0830917874396136 0.08647342995169092 0.08550724637681172
0.18541666666666667 0.24791666666666667 0.07291666666666667 0.06666666666666667 0.08402777777777778 0.06805555555555555 0.06666666666666667 0.06875 0.06875 0.07083333333333333
0.08692810457516324 0.08104575163398677 0.10915032679738547 0.08758169934640508 0.09150326797385608 0.10326797385620902 0.11176470588235278 0.10065359477124171 0.11437908496732013 0.11372549019607828
0.08362573099415203 0.12690058479532149 0.09239766081871344 0.0660818713450292 0.06900584795321636 0.09883040935672512 0.13274853801169584 0.11345029239766079 0.11871345029239762 0.09824561403508766
0.07584541062801942 0.18792270531400967 0.09227053140096625 0.07729468599033824 0.07777777777777786 0.09758454106280197 0.0946859903381643 0.09661835748792277 0.09323671497584549 0.1067632850241546
0.10555555555555556 0.07847222222222222 0.10347222222222222 0.09027777777777778 0.08819444444444445 0.09513888888888888 0.10902777777777778 0.1125 0.11597222222222223 0.10138888888888889
0.09629629629629625 0.0925925925925925 0.09629629629629623 0.08796296296296285 0.09166666666666659 0.09907407407407409 0.10833333333333334 0.10462962962962953 0.10833333333333335 0.11481481481481483
0.14814814814814822 0.20509259259259255 0.06759259259259259 0.07361111111111113 0.05416666666666669 0.11064814814814812 0.0842592592592593 0.08472222222222225 0.08750000000000008 0.08425925925925931
0.09222222222222218 0.06555555555555546 0.10166666666666667 0.08555555555555548 0.08944444444444435 0.09555555555555552 0.1416666666666667 0.10055555555555552 0.1044444444444444 0.12333333333333345
0.07843137254901944 0.26013071895424805 0.07581699346405216 0.07385620915032665 0.07385620915032666 0.08692810457516327 0.08235294117647043 0.08300653594771225 0.09411764705882342 0.09150326797385606
0.075 0.2375 0.08541666666666667 0.07222222222222222 0.07361111111111111 0.08194444444444444 0.09791666666666667 0.08472222222222223 0.09375 0.09791666666666667
0.09590643274853797 0.07309941520467833 0.1023391812865497 0.0970760233918128 0.09532163742690059 0.09824561403508766 0.10760233918128649 0.10760233918128646 0.11345029239766075 0.10935672514619878
0.13040935672514609 0.09239766081871341 0.08421052631578942 0.07602339181286547 0.12865497076023386 0.08830409356725143 0.09941520467836251 0.09590643274853794 0.11286549707602335 0.09181286549707598
0.0814814814814814 0.19365079365079343 0.0857142857142856 0.065079365079365 0.083068783068783 0.10317460317460309 0.08465608465608458 0.10423280423280412 0.0999999999999999 0.09894179894179884
0.16339869281045732 0.07124183006535934 0.09411764705882339 0.07320261437908483 0.12156862745098024 0.08627450980392144 0.09542483660130704 0.09607843137254887 0.10849673202614366 0.09019607843137241
0.06262626262626268 0.3914141414141413 0.07525252525252532 0.06060606060606066 0.06818181818181822 0.07020202020202031 0.06616161616161624 0.06767676767676771 0.06666666666666672 0.07121212121212127
0.09097222222222222 0.08333333333333333 0.09097222222222222 0.08194444444444444 0.10069444444444445 0.1 0.11458333333333333 0.11597222222222223 0.1 0.12152777777777778
0.08434343434343439 0.06565656565656573 0.11969696969696976 0.08636363636363645 0.08787878787878796 0.0954545454545455 0.11666666666666672 0.11212121212121223 0.11464646464646465 0.11717171717171719
0.08253968253968248 0.10396825396825396 0.08412698412698408 0.0817460317460317 0.09126984126984122 0.08888888888888888 0.13571428571428562 0.09682539682539673 0.12698412698412692 0.10793650793650784
0.06262626262626265 0.27575757575757576 0.06767676767676774 0.09444444444444448 0.06767676767676774 0.10505050505050507 0.07222222222222226 0.09494949494949502 0.08080808080808088 0.07878787878787887
0.0817460317460317 0.07777777777777772 0.1095238095238095 0.09365079365079361 0.10158730158730155 0.11269841269841259 0.10476190476190472 0.10158730158730156 0.09841269841269838 0.11825396825396815
0.06868686868686877 0.05858585858585862 0.0904040404040405 0.07929292929292933 0.08232323232323238 0.1267676767676768 0.11464646464646469 0.12020202020202023 0.13686868686868697 0.12222222222222236
0.1140096618357489 0.06280193236714984 0.09178743961352664 0.07681159420289863 0.08309178743961361 0.08792270531400975 0.11642512077294685 0.11980676328502421 0.1323671497584541 0.11497584541062805
0.07342995169082131 0.054106280193236794 0.09275362318840581 0.18405797101449275 0.06086956521739139 0.11932367149758456 0.10434782608695657 0.11304347826086959 0.10434782608695663 0.0937198067632851
0.0919753086419752 0.06851851851851841 0.09012345679012333 0.07469135802469125 0.08827160493827146 0.10555555555555537 0.12345679012345664 0.12469135802469125 0.12283950617283937 0.10987654320987641
0.10432098765432084 0.07716049382716039 0.09753086419753074 0.08209876543209867 0.07777777777777765 0.10740740740740728 0.1141975308641974 0.11913580246913563 0.12407407407407393 0.09629629629629617
0.08666666666666667 0.07851851851851852 0.10222222222222221 0.08370370370370367 0.11555555555555548 0.10962962962962958 0.10370370370370369 0.11259259259259259 0.10296296296296295 0.10444444444444442
0.08888888888888877 0.21176470588235263 0.08954248366013058 0.08431372549019593 0.08496732026143776 0.09542483660130703 0.08496732026143776 0.07777777777777763 0.09542483660130704 0.08692810457516328
0.09074074074074064 0.08796296296296285 0.09722222222222218 0.0953703703703703 0.08888888888888877 0.10092592592592592 0.10462962962962966 0.10740740740740734 0.11296296296296296 0.11388888888888893
0.2872222222222224 0.0627777777777777 0.07277777777777769 0.10666666666666662 0.0677777777777777 0.0749999999999999 0.0799999999999999 0.08777777777777764 0.08055555555555548 0.07944444444444435
0.08888888888888878 0.08981481481481471 0.1092592592592593 0.0888888888888888 0.0870370370370369 0.09074074074074068 0.11296296296296307 0.10185185185185171 0.11759259259259262 0.11296296296296306
0.11880341880341866 0.06495726495726489 0.09059829059829047 0.08504273504273498 0.12478632478632472 0.09444444444444436 0.10555555555555546 0.10811965811965805 0.10128205128205124 0.10641025641025632
0.10851851851851843 0.04518518518518519 0.21037037037037026 0.052222222222222225 0.06703703703703699 0.11074074074074068 0.1159259259259258 0.10407407407407401 0.07481481481481479 0.11111111111111105
0.15555555555555553 0.1583333333333334 0.06111111111111101 0.06166666666666658 0.15888888888888889 0.06999999999999995 0.07611111111111107 0.08055555555555552 0.10611111111111118 0.07166666666666656
0.0875 0.08125 0.10138888888888889 0.09236111111111112 0.09027777777777778 0.11180555555555556 0.10694444444444444 0.11041666666666666 0.11458333333333333 0.10347222222222222
0.09691358024691343 0.17098765432098742 0.07283950617283938 0.06666666666666655 0.17345679012345652 0.09259259259259246 0.08456790123456778 0.08024691358024677 0.08703703703703691 0.07469135802469125
0.0712121212121213 0.20858585858585868 0.07777777777777785 0.1555555555555556 0.06868686868686875 0.07525252525252532 0.08636363636363646 0.08585858585858597 0.08383838383838392 0.08686868686868696
0.09087301587301584 0.09880952380952375 0.09563492063492059 0.18809523809523795 0.14087301587301584 0.0714285714285714 0.08253968253968254 0.0686507936507936 0.09484126984126981 0.06825396825396819
0.11604938271604924 0.07283950617283938 0.07654320987654309 0.07283950617283938 0.18641975308641962 0.09382716049382703 0.09567901234567891 0.0956790123456789 0.1061728395061727 0.08395061728395055
0.13555555555555543 0.07407407407407406 0.11185185185185183 0.08814814814814816 0.08518518518518518 0.09925925925925923 0.09481481481481481 0.10666666666666662 0.10518518518518515 0.09925925925925923
0.09537037037037031 0.08518518518518506 0.10092592592592592 0.08981481481481472 0.10277777777777777 0.09351851851851843 0.11944444444444442 0.10555555555555546 0.09999999999999998 0.10740740740740752
0.075 0.07013888888888889 0.07291666666666667 0.09652777777777778 0.09305555555555556 0.12777777777777777 0.12638888888888888 0.11319444444444444 0.08888888888888889 0.1361111111111111
0.08376068376068366 0.1538461538461537 0.09999999999999998 0.08034188034188028 0.08034188034188026 0.08290598290598288 0.10598290598290593 0.10085470085470073 0.10512820512820507 0.10683760683760671
0.09037037037037036 0.07407407407407404 0.07703703703703699 0.20592592592592582 0.07703703703703704 0.10296296296296291 0.08666666666666667 0.10074074074074071 0.09629629629629627 0.0888888888888889
0.0763888888888889 0.06944444444444445 0.09375 0.08263888888888889 0.10347222222222222 0.12430555555555556 0.10625 0.11041666666666666 0.12361111111111112 0.10972222222222222
0.07777777777777771 0.29914529914529886 0.07692307692307684 0.07692307692307684 0.07863247863247856 0.07863247863247855 0.07863247863247855 0.0777777777777777 0.0777777777777777 0.0777777777777777
0.05083333333333329 0.03277777777777774 0.06416666666666668 0.03722222222222217 0.05277777777777776 0.2538888888888886 0.11583333333333344 0.16583333333333336 0.10305555555555564 0.12361111111111114
0.09150326797385604 0.17254901960784289 0.21045751633986892 0.06405228758169922 0.09999999999999984 0.0790849673202613 0.07124183006535935 0.06732026143790837 0.07385620915032666 0.0699346405228757
0.07539682539682534 0.08015873015873011 0.0833333333333333 0.27460317460317446 0.07857142857142853 0.08015873015873012 0.0793650793650793 0.08174603174603166 0.08571428571428566 0.08095238095238089
0.08771929824561402 0.059649122807017535 0.060233918128654945 0.33742690058479513 0.09532163742690057 0.07192982456140345 0.06608187134502923 0.07894736842105256 0.06257309941520466 0.08011695906432742
0.13162393162393152 0.0794871794871794 0.09316239316239305 0.08290598290598283 0.14273504273504256 0.09316239316239308 0.09658119658119653 0.09230769230769223 0.0914529914529914 0.09658119658119652
0.0666666666666666 0.057309941520467825 0.32631578947368406 0.06198830409356722 0.055555555555555566 0.10584795321637418 0.0771929824561403 0.0888888888888889 0.08421052631578944 0.07602339181286553
0.09027777777777778 0.20694444444444443 0.08611111111111111 0.07916666666666666 0.0798611111111111 0.10138888888888889 0.09236111111111112 0.09097222222222222 0.09375 0.07916666666666666
0.09333333333333328 0.08444444444444445 0.09925925925925923 0.1281481481481481 0.09333333333333332 0.10740740740740742 0.10148148148148145 0.09777777777777774 0.08888888888888889 0.10592592592592591
0.0687830687830687 0.05132275132275125 0.056084656084656015 0.05396825396825389 0.4603174603174601 0.0597883597883597 0.06402116402116394 0.060846560846560746 0.05978835978835972 0.06507936507936499
0.056410256410256356 0.061538461538461466 0.18974358974358957 0.05341880341880337 0.0662393162393162 0.15940170940170928 0.09316239316239308 0.11068376068376065 0.10256410256410245 0.10683760683760679
0.08611111111111111 0.07569444444444444 0.08680555555555555 0.19583333333333333 0.09166666666666666 0.08472222222222223 0.09791666666666667 0.09375 0.09027777777777778 0.09722222222222222
0.07485380116959062 0.20292397660818715 0.22105263157894733 0.06257309941520468 0.0660818713450292 0.07602339181286545 0.0736842105263158 0.07309941520467832 0.07719298245614034 0.0725146198830409
0.07857142857142851 0.08015873015873012 0.08333333333333329 0.23174603174603176 0.08730158730158728 0.0817460317460317 0.09365079365079361 0.08571428571428563 0.08571428571428566 0.09206349206349199
0.06666666666666665 0.05321637426900584 0.06023391812865492 0.05847953216374269 0.46725146198830403 0.05614035087719299 0.06023391812865497 0.05847953216374264 0.060233918128654966 0.05906432748538009
0.09925925925925926 0.09407407407407407 0.1007407407407407 0.10296296296296291 0.08962962962962963 0.10592592592592591 0.10518518518518515 0.10296296296296291 0.10148148148148145 0.09777777777777777
0.08632478632478627 0.08717948717948709 0.09401709401709393 0.1316239316239315 0.1076923076923076 0.09743589743589737 0.09914529914529908 0.09914529914529904 0.09230769230769226 0.10512820512820505
0.07094017094017088 0.04059829059829056 0.0645299145299145 0.05042735042735037 0.38846153846153836 0.0978632478632478 0.06367521367521366 0.08162393162393157 0.07393162393162386 0.0679487179487179
0.07626262626262632 0.0661616161616162 0.11363636363636367 0.06111111111111115 0.13787878787878796 0.11060606060606065 0.093939393939394 0.11666666666666664 0.13282828282828288 0.09090909090909098
0.05691609977324258 0.034693877551020366 0.03945578231292513 0.2290249433106576 0.3682539682539684 0.055102040816326525 0.05260770975056683 0.05306122448979586 0.0496598639455782 0.06122448979591833
0.10052910052910048 0.05873015873015868 0.07671957671957666 0.19735449735449725 0.08941798941798931 0.10264550264550251 0.08359788359788353 0.10317460317460304 0.0719576719576719 0.1158730158730158
0.04888888888888887 0.035555555555555514 0.055555555555555546 0.055277777777777794 0.381388888888889 0.06222222222222221 0.08888888888888889 0.08333333333333334 0.10250000000000005 0.0863888888888889
0.05959595959595961 0.17020202020202022 0.054040404040404076 0.05353535353535355 0.3893939393939394 0.054040404040404055 0.05505050505050508 0.054545454545454584 0.0545454545454546 0.05505050505050508
0.10170940170940164 0.07606837606837599 0.17065527065527059 0.0555555555555555 0.10626780626780619 0.10170940170940163 0.09259259259259255 0.09145299145299138 0.09658119658119653 0.1074074074074073
0.09444444444444439 0.08518518518518509 0.0944444444444444 0.15092592592592582 0.09074074074074068 0.09537037037037036 0.09351851851851847 0.09722222222222217 0.09814814814814811 0.09999999999999996
0.05847953216374264 0.03684210526315787 0.06198830409356724 0.04093567251461986 0.36140350877192967 0.1233918128654971 0.07397660818713445 0.08976608187134498 0.07280701754385957 0.08040935672514615
0.09320987654320978 0.0691358024691357 0.08518518518518504 0.14753086419753073 0.09012345679012336 0.11419753086419739 0.10061728395061717 0.09999999999999984 0.09074074074074064 0.10925925925925908
0.066111111111111 0.04999999999999991 0.05666666666666658 0.05277777777777769 0.41388888888888875 0.09111111111111105 0.06222222222222214 0.08055555555555549 0.06166666666666656 0.06499999999999996
0.08205128205128195 0.0777777777777777 0.09059829059829053 0.07777777777777771 0.08205128205128195 0.12478632478632463 0.10854700854700848 0.11282051282051278 0.14188034188034168 0.10170940170940158
0.08333333333333323 0.2425925925925926 0.08518518518518509 0.08333333333333323 0.08333333333333323 0.08518518518518509 0.08333333333333323 0.08333333333333323 0.08425925925925914 0.08611111111111101
0.0916666666666666 0.08703703703703694 0.09537037037037034 0.09814814814814808 0.16574074074074063 0.09259259259259255 0.09259259259259255 0.09166666666666656 0.09351851851851847 0.09166666666666656
0.09572649572649566 0.07863247863247858 0.09401709401709393 0.08205128205128201 0.08461538461538455 0.12051282051282036 0.10341880341880333 0.10598290598290598 0.12307692307692293 0.11196581196581186
0.06777777777777769 0.15222222222222231 0.05611111111111102 0.053333333333333253 0.3188888888888891 0.07777777777777767 0.0655555555555555 0.07333333333333324 0.06944444444444435 0.06555555555555549
0.08034188034188025 0.24273504273504243 0.09316239316239308 0.08034188034188026 0.08290598290598283 0.08717948717948712 0.08461538461538456 0.07863247863247858 0.08632478632478624 0.08376068376068369
0.06425120772946868 0.05169082125603875 0.17874396135265708 0.050724637681159486 0.30241545893719823 0.06280193236714984 0.07729468599033829 0.07101449275362323 0.0685990338164252 0.07246376811594209
0.08703703703703693 0.08518518518518509 0.086111111111111 0.19444444444444445 0.08703703703703691 0.08796296296296285 0.0962962962962963 0.09444444444444436 0.08796296296296287 0.09351851851851846
0.0911111111111111 0.08592592592592593 0.10148148148148142 0.10370370370370365 0.09037037037037036 0.10518518518518519 0.1081481481481481 0.10444444444444442 0.09999999999999998 0.10962962962962958
0.08148148148148146 0.2844444444444443 0.08222222222222224 0.07481481481481479 0.08074074074074075 0.08148148148148147 0.07999999999999999 0.07555555555555553 0.07999999999999997 0.07925925925925924
0.0649999999999999 0.2744444444444445 0.06944444444444435 0.06833333333333323 0.06333333333333324 0.10722222222222223 0.09222222222222214 0.08111111111111106 0.08944444444444437 0.08944444444444437
0.09122807017543859 0.059649122807017535 0.08771929824561399 0.1040935672514619 0.13859649122807013 0.14385964912280685 0.08538011695906435 0.10467836257309936 0.09298245614035083 0.09181286549707601
0.06666666666666658 0.08040935672514611 0.12543859649122813 0.060233918128654924 0.06198830409356722 0.14005847953216372 0.12280701754385963 0.09736842105263155 0.1190058479532164 0.12602339181286548
0.10634920634920626 0.06243386243386235 0.09100529100529094 0.07619047619047611 0.13174603174603158 0.13174603174603167 0.09999999999999992 0.10740740740740734 0.09312169312169306 0.0999999999999999
0.07391304347826093 0.05652173913043487 0.07632850241545902 0.15265700483091793 0.07632850241545902 0.13961352657004833 0.09710144927536236 0.11256038647342999 0.09516908212560392 0.11980676328502425
0.09074074074074065 0.08796296296296285 0.09629629629629627 0.09629629629629623 0.08888888888888878 0.10370370370370373 0.09907407407407409 0.10462962962962954 0.12222222222222218 0.11018518518518516
0.08263888888888889 0.07152777777777777 0.08194444444444444 0.08541666666666667 0.2263888888888889 0.09513888888888888 0.08819444444444445 0.08958333333333333 0.09166666666666666 0.0875
0.12751322751322736 0.07407407407407399 0.11534391534391523 0.07619047619047611 0.10052910052910045 0.10052910052910047 0.101058201058201 0.10476190476190464 0.10529100529100523 0.09470899470899463
0.10493827160493814 0.14814814814814797 0.0913580246913579 0.08456790123456778 0.08765432098765423 0.09506172839506163 0.10555555555555543 0.09444444444444433 0.0993827160493826 0.0888888888888888
0.08596491228070173 0.06900584795321635 0.07836257309941519 0.07660818713450289 0.07719298245614034 0.17426900584795305 0.10233918128654963 0.14327485380116953 0.08713450292397655 0.10584795321637423
0.05925925925925918 0.206349206349206 0.06666666666666657 0.27407407407407364 0.07460317460317456 0.0597883597883597 0.06878306878306871 0.06455026455026446 0.06772486772486765 0.05820105820105812
0.08823529411764691 0.06993464052287567 0.08888888888888875 0.20196078431372516 0.08562091503267963 0.10653594771241816 0.08496732026143777 0.09084967320261421 0.0895424836601306 0.09346405228758155
0.17654320987654307 0.06790123456790112 0.0679012345679011 0.10679012345679 0.16234567901234548 0.07283950617283935 0.09012345679012333 0.07901234567901222 0.08641975308641967 0.09012345679012333
0.28654970760233917 0.05614035087719298 0.07543859649122804 0.05906432748538007 0.13742690058479523 0.07017543859649122 0.0748538011695906 0.0812865497076023 0.07777777777777775 0.08128654970760224
0.06611111111111102 0.31333333333333346 0.08722222222222213 0.06111111111111101 0.07611111111111102 0.07166666666666657 0.08111111111111102 0.07055555555555545 0.08722222222222215 0.08555555555555543
0.11746031746031736 0.06719576719576713 0.12645502645502638 0.07089947089947081 0.06772486772486765 0.08888888888888882 0.1068783068783068 0.10423280423280422 0.1460317460317459 0.10423280423280412
0.13040935672514609 0.06432748538011694 0.10526315789473675 0.0701754385964912 0.08421052631578947 0.11754385964912273 0.10935672514619876 0.09532163742690059 0.11286549707602328 0.11052631578947357
0.11152263374485596 0.2872427983539093 0.07572016460905352 0.07860082304526755 0.06995884773662558 0.06913580246913584 0.0798353909465021 0.08436213991769553 0.07325102880658439 0.07037037037037043
0.11212121212121219 0.06363636363636369 0.09747474747474758 0.07222222222222228 0.11515151515151519 0.11414141414141421 0.1045454545454546 0.11161616161616167 0.11464646464646476 0.09444444444444448
0.11296296296296296 0.07222222222222226 0.09027777777777782 0.18842592592592583 0.1087962962962963 0.08842592592592598 0.08101851851851853 0.07962962962962968 0.08935185185185189 0.08888888888888893
0.09185185185185187 0.07629629629629629 0.08370370370370371 0.16814814814814802 0.07777777777777777 0.09703703703703703 0.10296296296296294 0.09777777777777773 0.10074074074074076 0.10370370370370367
0.07259259259259257 0.34370370370370323 0.06740740740740739 0.0733333333333333 0.06740740740740739 0.0755555555555556 0.07555555555555553 0.07481481481481475 0.07259259259259258 0.07703703703703703
0.06728395061728383 0.06049382716049371 0.07716049382716036 0.34567901234567894 0.06975308641975296 0.06975308641975297 0.08333333333333322 0.0790123456790122 0.06913580246913568 0.07839506172839497
