0.21739130434782608 0.21739130434782608 0.2608695652173913 0.043478260869565216 0.2608695652173913
0.17647058823529413 0.35294117647058826 0.11764705882352941 0.058823529411764705 0.29411764705882354
0.07142857142857142 0.5714285714285714 0.14285714285714285 0.07142857142857142 0.14285714285714285
0.10526315789473684 0.3684210526315789 0.05263157894736842 0.21052631578947367 0.2631578947368421
0.2727272727272727 0.45454545454545453 0.09090909090909091 0.09090909090909091 0.09090909090909091
0.1111111111111111 0.1111111111111111 0.5555555555555556 0.1111111111111111 0.1111111111111111
0.05555555555555555 0.4444444444444444 0.05555555555555555 0.1111111111111111 0.3333333333333333
0.25 0.2 0.45 0.05 0.05
0.1875 0.5 0.0625 0.125 0.125
0.2 0.3 0.1 0.1 0.3
0.3333333333333333 0.2222222222222222 0.1111111111111111 0.1111111111111111 0.2222222222222222
0.2857142857142857 0.07142857142857142 0.07142857142857142 0.07142857142857142 0.5
0.09090909090909091 0.36363636363636365 0.18181818181818182 0.18181818181818182 0.18181818181818182
0.1 0.4 0.2 0.1 0.2
0.3125 0.3125 0.25 0.0625 0.0625
0.058823529411764705 0.17647058823529413 0.17647058823529413 0.11764705882352941 0.47058823529411764
0.047619047619047616 0.047619047619047616 0.047619047619047616 0.19047619047619047 0.6666666666666666
0.3333333333333333 0.08333333333333333 0.25 0.25 0.08333333333333333
0.1935483870967742 0.4838709677419355 0.1935483870967742 0.03225806451612903 0.0967741935483871
0.09090909090909091 0.09090909090909091 0.09090909090909091 0.6363636363636364 0.09090909090909091
0.39285714285714285 0.07142857142857142 0.03571428571428571 0.10714285714285714 0.39285714285714285
0.2777777777777778 0.1111111111111111 0.5 0.05555555555555555 0.05555555555555555
0.375 0.125 0.125 0.125 0.25
0.21052631578947367 0.3157894736842105 0.05263157894736842 0.10526315789473684 0.3157894736842105
0.07692307692307693 0.15384615384615385 0.23076923076923078 0.07692307692307693 0.46153846153846156
0.16666666666666666 0.08333333333333333 0.08333333333333333 0.3333333333333333 0.3333333333333333
0.375 0.3125 0.0625 0.0625 0.1875
0.42857142857142855 0.32142857142857145 0.14285714285714285 0.03571428571428571 0.07142857142857142
0.1111111111111111 0.1111111111111111 0.1111111111111111 0.2222222222222222 0.4444444444444444
0.09090909090909091 0.5454545454545454 0.09090909090909091 0.18181818181818182 0.09090909090909091
0.375 0.125 0.25 0.125 0.125
0.1111111111111111 0.3333333333333333 0.2222222222222222 0.2222222222222222 0.1111111111111111
0.125 0.125 0.5 0.125 0.125
0.15384615384615385 0.3076923076923077 0.15384615384615385 0.07692307692307693 0.3076923076923077
0.3 0.1 0.4 0.1 0.1
0.4444444444444444 0.1111111111111111 0.1111111111111111 0.1111111111111111 0.2222222222222222
0.1111111111111111 0.1111111111111111 0.5555555555555556 0.1111111111111111 0.1111111111111111
0.1 0.1 0.1 0.4 0.3
0.5555555555555556 0.1111111111111111 0.1111111111111111 0.1111111111111111 0.1111111111111111
0.14285714285714285 0.14285714285714285 0.14285714285714285 0.42857142857142855 0.14285714285714285
0.125 0.125 0.125 0.125 0.5
0.1111111111111111 0.1111111111111111 0.5555555555555556 0.1111111111111111 0.1111111111111111
0.2 0.3 0.1 0.3 0.1
0.2 0.1 0.2 0.3 0.2
0.1 0.1 0.4 0.1 0.3
0.15384615384615385 0.07692307692307693 0.07692307692307693 0.15384615384615385 0.5384615384615384
0.14285714285714285 0.5714285714285714 0.14285714285714285 0.07142857142857142 0.07142857142857142
0.06666666666666667 0.06666666666666667 0.06666666666666667 0.2 0.6
0.2777777777777778 0.05555555555555555 0.3888888888888889 0.16666666666666666 0.1111111111111111
0.1 0.2 0.4 0.1 0.2
0.16666666666666666 0.25 0.08333333333333333 0.08333333333333333 0.4166666666666667
0.043478260869565216 0.13043478260869565 0.043478260869565216 0.7391304347826086 0.043478260869565216
0.15384615384615385 0.07692307692307693 0.38461538461538464 0.23076923076923078 0.15384615384615385
0.3333333333333333 0.16666666666666666 0.08333333333333333 0.08333333333333333 0.3333333333333333
0.3 0.1 0.1 0.4 0.1
0.14814814814814814 0.2962962962962963 0.07407407407407407 0.037037037037037035 0.4444444444444444
0.13636363636363635 0.3181818181818182 0.09090909090909091 0.09090909090909091 0.36363636363636365
0.3333333333333333 0.2222222222222222 0.1111111111111111 0.2222222222222222 0.1111111111111111
0.3125 0.0625 0.4375 0.0625 0.125
0.1111111111111111 0.1111111111111111 0.1111111111111111 0.2222222222222222 0.4444444444444444
0.07692307692307693 0.15384615384615385 0.07692307692307693 0.3076923076923077 0.38461538461538464
0.3157894736842105 0.21052631578947367 0.05263157894736842 0.3684210526315789 0.05263157894736842
0.26666666666666666 0.3333333333333333 0.06666666666666667 0.2 0.13333333333333333
0.07142857142857142 0.14285714285714285 0.07142857142857142 0.21428571428571427 0.5
0.4 0.1 0.1 0.1 0.3
0.1111111111111111 0.1111111111111111 0.5555555555555556 0.1111111111111111 0.1111111111111111
0.1111111111111111 0.2222222222222222 0.3333333333333333 0.2222222222222222 0.1111111111111111
0.06666666666666667 0.13333333333333333 0.06666666666666667 0.2 0.5333333333333333
0.1 0.1 0.6 0.1 0.1
0.1111111111111111 0.1111111111111111 0.1111111111111111 0.2222222222222222 0.4444444444444444
0.1111111111111111 0.1111111111111111 0.5555555555555556 0.1111111111111111 0.1111111111111111
0.09090909090909091 0.09090909090909091 0.09090909090909091 0.6363636363636364 0.09090909090909091
0.18181818181818182 0.36363636363636365 0.2727272727272727 0.09090909090909091 0.09090909090909091
0.09090909090909091 0.45454545454545453 0.18181818181818182 0.18181818181818182 0.09090909090909091
0.16666666666666666 0.25 0.08333333333333333 0.4166666666666667 0.08333333333333333
0.09090909090909091 0.045454545454545456 0.3181818181818182 0.18181818181818182 0.36363636363636365
0.14285714285714285 0.2857142857142857 0.14285714285714285 0.14285714285714285 0.2857142857142857
0.07142857142857142 0.14285714285714285 0.07142857142857142 0.5 0.21428571428571427
0.2 0.06666666666666667 0.13333333333333333 0.13333333333333333 0.4666666666666667
0.15384615384615385 0.07692307692307693 0.3076923076923077 0.07692307692307693 0.38461538461538464
0.07142857142857142 0.07142857142857142 0.14285714285714285 0.5714285714285714 0.14285714285714285
0.09090909090909091 0.09090909090909091 0.36363636363636365 0.36363636363636365 0.09090909090909091
0.14285714285714285 0.2857142857142857 0.35714285714285715 0.14285714285714285 0.07142857142857142
0.11764705882352941 0.35294117647058826 0.4117647058823529 0.058823529411764705 0.058823529411764705
0.15 0.3 0.4 0.05 0.1
0.2857142857142857 0.14285714285714285 0.14285714285714285 0.14285714285714285 0.2857142857142857
0.5526315789473685 0.02631578947368421 0.15789473684210525 0.02631578947368421 0.23684210526315788
0.16666666666666666 0.25 0.16666666666666666 0.08333333333333333 0.3333333333333333
0.6 0.1 0.1 0.1 0.1
0.4444444444444444 0.1111111111111111 0.1111111111111111 0.2222222222222222 0.1111111111111111
0.07142857142857142 0.14285714285714285 0.07142857142857142 0.2857142857142857 0.42857142857142855
0.3333333333333333 0.05555555555555555 0.16666666666666666 0.05555555555555555 0.3888888888888889
0.1111111111111111 0.1111111111111111 0.4444444444444444 0.05555555555555555 0.2777777777777778
0.1111111111111111 0.3333333333333333 0.3333333333333333 0.1111111111111111 0.1111111111111111
0.125 0.25 0.125 0.125 0.375
0.25 0.25 0.16666666666666666 0.16666666666666666 0.16666666666666666
0.2857142857142857 0.2857142857142857 0.14285714285714285 0.14285714285714285 0.14285714285714285
0.3125 0.1875 0.0625 0.1875 0.25
0.40625 0.1875 0.1875 0.09375 0.125
0.2857142857142857 0.14285714285714285 0.14285714285714285 0.14285714285714285 0.2857142857142857
0.08333333333333333 0.16666666666666666 0.3333333333333333 0.16666666666666666 0.25
0.5357142857142857 0.14285714285714285 0.14285714285714285 0.07142857142857142 0.10714285714285714
0.5 0.1111111111111111 0.05555555555555555 0.2777777777777778 0.05555555555555555
0.5 0.125 0.125 0.125 0.125
0.25 0.16666666666666666 0.08333333333333333 0.08333333333333333 0.4166666666666667
0.1111111111111111 0.1111111111111111 0.1111111111111111 0.5555555555555556 0.1111111111111111
0.375 0.125 0.125 0.25 0.125
0.3333333333333333 0.13333333333333333 0.06666666666666667 0.2 0.26666666666666666
0.4444444444444444 0.1111111111111111 0.1111111111111111 0.2777777777777778 0.05555555555555555
0.07142857142857142 0.14285714285714285 0.5 0.07142857142857142 0.21428571428571427
0.6086956521739131 0.08695652173913043 0.17391304347826086 0.08695652173913043 0.043478260869565216
0.6923076923076923 0.07692307692307693 0.07692307692307693 0.07692307692307693 0.07692307692307693
0.16666666666666666 0.16666666666666666 0.3333333333333333 0.16666666666666666 0.16666666666666666
0.5714285714285714 0.07142857142857142 0.07142857142857142 0.07142857142857142 0.21428571428571427
0.2222222222222222 0.1111111111111111 0.2222222222222222 0.2222222222222222 0.2222222222222222
0.125 0.0625 0.375 0.375 0.0625
0.06666666666666667 0.06666666666666667 0.6666666666666666 0.13333333333333333 0.06666666666666667
0.04 0.2 0.08 0.6 0.08
0.125 0.125 0.125 0.25 0.375
0.125 0.125 0.125 0.125 0.5
0.35714285714285715 0.14285714285714285 0.07142857142857142 0.21428571428571427 0.21428571428571427
0.125 0.125 0.5 0.125 0.125
0.14285714285714285 0.14285714285714285 0.42857142857142855 0.14285714285714285 0.14285714285714285
0.1111111111111111 0.1111111111111111 0.1111111111111111 0.5555555555555556 0.1111111111111111
0.1 0.2 0.2 0.2 0.3
0.14285714285714285 0.2857142857142857 0.14285714285714285 0.2857142857142857 0.14285714285714285
0.25 0.35 0.15 0.1 0.15
0.35294117647058826 0.23529411764705882 0.058823529411764705 0.17647058823529413 0.17647058823529413
0.14285714285714285 0.2857142857142857 0.2857142857142857 0.14285714285714285 0.14285714285714285
0.11764705882352941 0.23529411764705882 0.058823529411764705 0.5294117647058824 0.058823529411764705
0.09090909090909091 0.09090909090909091 0.09090909090909091 0.09090909090909091 0.6363636363636364
0.14285714285714285 0.14285714285714285 0.14285714285714285 0.42857142857142855 0.14285714285714285
0.1111111111111111 0.1111111111111111 0.1111111111111111 0.4444444444444444 0.2222222222222222
0.45454545454545453 0.09090909090909091 0.09090909090909091 0.2727272727272727 0.09090909090909091
0.3333333333333333 0.1111111111111111 0.1111111111111111 0.1111111111111111 0.3333333333333333
0.25 0.125 0.375 0.125 0.125
0.125 0.125 0.375 0.125 0.25
0.034482758620689655 0.41379310344827586 0.3448275862068966 0.10344827586206896 0.10344827586206896
0.2 0.1 0.05 0.05 0.6
0.15 0.05 0.35 0.35 0.1
0.18181818181818182 0.5454545454545454 0.09090909090909091 0.09090909090909091 0.09090909090909091
0.15384615384615385 0.07692307692307693 0.38461538461538464 0.07692307692307693 0.3076923076923077
0.07142857142857142 0.42857142857142855 0.07142857142857142 0.07142857142857142 0.35714285714285715
0.125 0.125 0.5 0.125 0.125
0.125 0.125 0.125 0.125 0.5
0.16666666666666666 0.16666666666666666 0.16666666666666666 0.4166666666666667 0.08333333333333333
0.5 0.08333333333333333 0.08333333333333333 0.16666666666666666 0.16666666666666666
0.2 0.1 0.1 0.1 0.5
0.14285714285714285 0.21428571428571427 0.07142857142857142 0.42857142857142855 0.14285714285714285
0.42857142857142855 0.14285714285714285 0.14285714285714285 0.14285714285714285 0.14285714285714285
0.15625 0.21875 0.40625 0.125 0.09375
0.3333333333333333 0.1111111111111111 0.1111111111111111 0.1111111111111111 0.3333333333333333
0.09090909090909091 0.36363636363636365 0.18181818181818182 0.09090909090909091 0.2727272727272727
0.14285714285714285 0.42857142857142855 0.07142857142857142 0.21428571428571427 0.14285714285714285
0.375 0.125 0.125 0.25 0.125
0.5833333333333334 0.08333333333333333 0.16666666666666666 0.08333333333333333 0.08333333333333333
0.16666666666666666 0.08333333333333333 0.25 0.08333333333333333 0.4166666666666667
0.08333333333333333 0.08333333333333333 0.5 0.16666666666666666 0.16666666666666666
0.3333333333333333 0.2 0.2 0.13333333333333333 0.13333333333333333
0.2727272727272727 0.18181818181818182 0.09090909090909091 0.18181818181818182 0.2727272727272727
0.125 0.125 0.5 0.125 0.125
0.14285714285714285 0.42857142857142855 0.14285714285714285 0.14285714285714285 0.14285714285714285
0.125 0.125 0.125 0.25 0.375
0.045454545454545456 0.18181818181818182 0.36363636363636365 0.36363636363636365 0.045454545454545456
0.07142857142857142 0.14285714285714285 0.14285714285714285 0.5714285714285714 0.07142857142857142
0.1111111111111111 0.1111111111111111 0.3333333333333333 0.2222222222222222 0.2222222222222222
0.1 0.3 0.4 0.1 0.1
0.058823529411764705 0.17647058823529413 0.058823529411764705 0.17647058823529413 0.5294117647058824
0.08333333333333333 0.08333333333333333 0.6666666666666666 0.08333333333333333 0.08333333333333333
0.07142857142857142 0.35714285714285715 0.21428571428571427 0.2857142857142857 0.07142857142857142
0.18181818181818182 0.09090909090909091 0.09090909090909091 0.5454545454545454 0.09090909090909091
0.36363636363636365 0.18181818181818182 0.09090909090909091 0.2727272727272727 0.09090909090909091
0.1 0.1 0.1 0.6 0.1
0.5294117647058824 0.058823529411764705 0.17647058823529413 0.17647058823529413 0.058823529411764705
0.18181818181818182 0.18181818181818182 0.18181818181818182 0.36363636363636365 0.09090909090909091
0.25 0.16666666666666666 0.3333333333333333 0.08333333333333333 0.16666666666666666
0.25 0.125 0.375 0.125 0.125
0.08333333333333333 0.16666666666666666 0.5833333333333334 0.08333333333333333 0.08333333333333333
0.19047619047619047 0.14285714285714285 0.23809523809523808 0.2857142857142857 0.14285714285714285
0.1 0.1 0.2 0.4 0.2
0.45454545454545453 0.09090909090909091 0.18181818181818182 0.09090909090909091 0.18181818181818182
0.3076923076923077 0.38461538461538464 0.07692307692307693 0.07692307692307693 0.15384615384615385
0.125 0.125 0.5 0.125 0.125
0.18181818181818182 0.5454545454545454 0.09090909090909091 0.09090909090909091 0.09090909090909091
0.5238095238095238 0.14285714285714285 0.14285714285714285 0.14285714285714285 0.047619047619047616
0.0625 0.125 0.5625 0.125 0.125
0.125 0.125 0.375 0.25 0.125
0.5882352941176471 0.11764705882352941 0.11764705882352941 0.058823529411764705 0.11764705882352941
0.21739130434782608 0.13043478260869565 0.17391304347826086 0.043478260869565216 0.43478260869565216
0.06666666666666667 0.4666666666666667 0.06666666666666667 0.3333333333333333 0.06666666666666667
0.08333333333333333 0.25 0.5 0.08333333333333333 0.08333333333333333
0.1111111111111111 0.05555555555555555 0.16666666666666666 0.6111111111111112 0.05555555555555555
0.05263157894736842 0.05263157894736842 0.6842105263157895 0.15789473684210525 0.05263157894736842
0.06666666666666667 0.3333333333333333 0.26666666666666666 0.13333333333333333 0.2
0.25 0.5 0.08333333333333333 0.08333333333333333 0.08333333333333333
0.14285714285714285 0.07142857142857142 0.07142857142857142 0.07142857142857142 0.6428571428571429
0.06666666666666667 0.06666666666666667 0.06666666666666667 0.7333333333333333 0.06666666666666667
0.2222222222222222 0.1111111111111111 0.1111111111111111 0.2222222222222222 0.3333333333333333
0.2727272727272727 0.09090909090909091 0.18181818181818182 0.18181818181818182 0.2727272727272727
0.07692307692307693 0.23076923076923078 0.07692307692307693 0.46153846153846156 0.15384615384615385
0.45454545454545453 0.09090909090909091 0.2727272727272727 0.09090909090909091 0.09090909090909091
0.06666666666666667 0.06666666666666667 0.6666666666666666 0.13333333333333333 0.06666666666666667
0.03333333333333333 0.26666666666666666 0.3333333333333333 0.3333333333333333 0.03333333333333333
0.25 0.125 0.125 0.375 0.125
0.5666666666666667 0.03333333333333333 0.1 0.06666666666666667 0.23333333333333334
0.2 0.3 0.05 0.2 0.25
0.125 0.125 0.125 0.5 0.125
0.5675675675675675 0.2972972972972973 0.02702702702702703 0.08108108108108109 0.02702702702702703
0.09090909090909091 0.09090909090909091 0.09090909090909091 0.45454545454545453 0.2727272727272727
0.08333333333333333 0.08333333333333333 0.08333333333333333 0.6666666666666666 0.08333333333333333
0.1111111111111111 0.1111111111111111 0.1111111111111111 0.5555555555555556 0.1111111111111111
0.1111111111111111 0.1111111111111111 0.1111111111111111 0.1111111111111111 0.5555555555555556
0.1 0.1 0.1 0.2 0.5
0.2 0.1 0.3 0.2 0.2
0.1111111111111111 0.1111111111111111 0.1111111111111111 0.5555555555555556 0.1111111111111111
0.1 0.4 0.1 0.1 0.3
0.25 0.08333333333333333 0.08333333333333333 0.08333333333333333 0.5
0.14285714285714285 0.2857142857142857 0.14285714285714285 0.14285714285714285 0.2857142857142857
0.25 0.16666666666666666 0.08333333333333333 0.4166666666666667 0.08333333333333333
0.125 0.5 0.125 0.125 0.125
0.2 0.2 0.1 0.4 0.1
0.06666666666666667 0.26666666666666666 0.4 0.13333333333333333 0.13333333333333333
0.14285714285714285 0.14285714285714285 0.2857142857142857 0.2857142857142857 0.14285714285714285
0.14285714285714285 0.14285714285714285 0.2857142857142857 0.14285714285714285 0.2857142857142857
0.1111111111111111 0.1111111111111111 0.3333333333333333 0.1111111111111111 0.3333333333333333
0.08333333333333333 0.08333333333333333 0.08333333333333333 0.5833333333333334 0.16666666666666666
0.07142857142857142 0.07142857142857142 0.07142857142857142 0.7142857142857143 0.07142857142857142
0.14285714285714285 0.07142857142857142 0.2857142857142857 0.14285714285714285 0.35714285714285715
0.16666666666666666 0.3333333333333333 0.05555555555555555 0.05555555555555555 0.3888888888888889
0.07692307692307693 0.15384615384615385 0.07692307692307693 0.38461538461538464 0.3076923076923077
0.3076923076923077 0.15384615384615385 0.07692307692307693 0.3076923076923077 0.15384615384615385
0.125 0.125 0.25 0.125 0.375
0.125 0.125 0.5 0.125 0.125
0.1111111111111111 0.1111111111111111 0.1111111111111111 0.1111111111111111 0.5555555555555556
0.14285714285714285 0.14285714285714285 0.07142857142857142 0.14285714285714285 0.5
0.3333333333333333 0.3333333333333333 0.1111111111111111 0.1111111111111111 0.1111111111111111
0.26666666666666666 0.06666666666666667 0.2 0.06666666666666667 0.4
0.375 0.125 0.125 0.25 0.125
0.09090909090909091 0.18181818181818182 0.36363636363636365 0.2727272727272727 0.09090909090909091
0.041666666666666664 0.125 0.4166666666666667 0.375 0.041666666666666664
0.125 0.25 0.25 0.125 0.25
0.08333333333333333 0.25 0.4166666666666667 0.08333333333333333 0.16666666666666666
0.1111111111111111 0.1111111111111111 0.1111111111111111 0.1111111111111111 0.5555555555555556
0.1 0.1 0.6 0.1 0.1
0.125 0.125 0.125 0.5 0.125
0.2727272727272727 0.09090909090909091 0.09090909090909091 0.36363636363636365 0.18181818181818182
0.3 0.3 0.1 0.1 0.2
0.14285714285714285 0.14285714285714285 0.42857142857142855 0.14285714285714285 0.14285714285714285
0.1111111111111111 0.1111111111111111 0.5555555555555556 0.1111111111111111 0.1111111111111111
0.2 0.06666666666666667 0.4 0.06666666666666667 0.26666666666666666
0.14285714285714285 0.14285714285714285 0.14285714285714285 0.2857142857142857 0.2857142857142857
0.5555555555555556 0.1111111111111111 0.1111111111111111 0.1111111111111111 0.1111111111111111
0.2 0.5 0.1 0.1 0.1
0.4444444444444444 0.2222222222222222 0.1111111111111111 0.1111111111111111 0.1111111111111111
0.2727272727272727 0.18181818181818182 0.18181818181818182 0.18181818181818182 0.18181818181818182
0.1111111111111111 0.1111111111111111 0.2222222222222222 0.1111111111111111 0.4444444444444444
0.16666666666666666 0.08333333333333333 0.08333333333333333 0.5833333333333334 0.08333333333333333
0.08333333333333333 0.4166666666666667 0.3333333333333333 0.08333333333333333 0.08333333333333333
0.125 0.125 0.25 0.125 0.375
0.125 0.125 0.25 0.125 0.375
0.06666666666666667 0.3333333333333333 0.4 0.06666666666666667 0.13333333333333333
0.1 0.1 0.5 0.2 0.1
0.09090909090909091 0.18181818181818182 0.5454545454545454 0.09090909090909091 0.09090909090909091
0.1111111111111111 0.1111111111111111 0.2222222222222222 0.1111111111111111 0.4444444444444444
0.21428571428571427 0.21428571428571427 0.21428571428571427 0.21428571428571427 0.14285714285714285
0.2857142857142857 0.07142857142857142 0.07142857142857142 0.5 0.07142857142857142
0.07692307692307693 0.6923076923076923 0.07692307692307693 0.07692307692307693 0.07692307692307693
0.1 0.2 0.2 0.3 0.2
0.06666666666666667 0.5333333333333333 0.26666666666666666 0.06666666666666667 0.06666666666666667
0.1111111111111111 0.4074074074074074 0.037037037037037035 0.14814814814814814 0.2962962962962963
0.1111111111111111 0.1111111111111111 0.5555555555555556 0.1111111111111111 0.1111111111111111
0.07142857142857142 0.14285714285714285 0.21428571428571427 0.07142857142857142 0.5
0.09090909090909091 0.09090909090909091 0.18181818181818182 0.5454545454545454 0.09090909090909091
0.16666666666666666 0.08333333333333333 0.08333333333333333 0.25 0.4166666666666667
0.16 0.12 0.04 0.24 0.44
0.1111111111111111 0.1111111111111111 0.1111111111111111 0.5555555555555556 0.1111111111111111
0.125 0.125 0.125 0.5 0.125
0.07142857142857142 0.35714285714285715 0.2857142857142857 0.07142857142857142 0.21428571428571427
0.09090909090909091 0.2727272727272727 0.2727272727272727 0.09090909090909091 0.2727272727272727
0.05 0.6 0.15 0.05 0.15
0.1111111111111111 0.2222222222222222 0.3333333333333333 0.2222222222222222 0.1111111111111111
0.2222222222222222 0.1111111111111111 0.4444444444444444 0.1111111111111111 0.1111111111111111
0.05263157894736842 0.5263157894736842 0.15789473684210525 0.21052631578947367 0.05263157894736842
0.125 0.1875 0.5625 0.0625 0.0625
0.2222222222222222 0.1111111111111111 0.4444444444444444 0.1111111111111111 0.1111111111111111
0.1 0.6 0.1 0.1 0.1
0.1 0.15 0.2 0.3 0.25
0.35714285714285715 0.07142857142857142 0.21428571428571427 0.21428571428571427 0.14285714285714285
0.058823529411764705 0.17647058823529413 0.5882352941176471 0.11764705882352941 0.058823529411764705
0.45454545454545453 0.09090909090909091 0.09090909090909091 0.09090909090909091 0.2727272727272727
0.1 0.1 0.3 0.1 0.4
0.1111111111111111 0.1111111111111111 0.2222222222222222 0.4444444444444444 0.1111111111111111
0.1111111111111111 0.1111111111111111 0.5555555555555556 0.1111111111111111 0.1111111111111111
0.2 0.4 0.1 0.1 0.2
0.14285714285714285 0.14285714285714285 0.14285714285714285 0.42857142857142855 0.14285714285714285
0.125 0.125 0.5 0.125 0.125
0.09523809523809523 0.47619047619047616 0.19047619047619047 0.09523809523809523 0.14285714285714285
0.125 0.125 0.5 0.125 0.125
0.07692307692307693 0.07692307692307693 0.23076923076923078 0.15384615384615385 0.46153846153846156
0.1 0.1 0.4 0.3 0.1
0.13636363636363635 0.09090909090909091 0.5454545454545454 0.13636363636363635 0.09090909090909091
0.08333333333333333 0.25 0.3333333333333333 0.25 0.08333333333333333
0.09090909090909091 0.2727272727272727 0.18181818181818182 0.09090909090909091 0.36363636363636365
0.18181818181818182 0.36363636363636365 0.09090909090909091 0.09090909090909091 0.2727272727272727
0.1 0.2 0.1 0.1 0.5
0.1 0.2 0.1 0.1 0.5
0.1 0.1 0.1 0.6 0.1
0.2 0.1 0.4 0.1 0.2
0.26666666666666666 0.06666666666666667 0.5333333333333333 0.06666666666666667 0.06666666666666667
0.125 0.25 0.375 0.125 0.125
0.08695652173913043 0.08695652173913043 0.4782608695652174 0.08695652173913043 0.2608695652173913
0.25 0.125 0.375 0.125 0.125
0.1 0.5 0.1 0.2 0.1
0.09090909090909091 0.09090909090909091 0.6363636363636364 0.09090909090909091 0.09090909090909091
0.14285714285714285 0.2857142857142857 0.2857142857142857 0.14285714285714285 0.14285714285714285
0.14285714285714285 0.14285714285714285 0.14285714285714285 0.42857142857142855 0.14285714285714285
0.1 0.1 0.1 0.6 0.1
0.125 0.125 0.125 0.125 0.5
0.1111111111111111 0.1111111111111111 0.1111111111111111 0.3333333333333333 0.3333333333333333
0.3076923076923077 0.07692307692307693 0.38461538461538464 0.07692307692307693 0.15384615384615385
0.5833333333333334 0.08333333333333333 0.08333333333333333 0.08333333333333333 0.16666666666666666
0.2 0.4 0.13333333333333333 0.2 0.06666666666666667
0.1111111111111111 0.2222222222222222 0.2222222222222222 0.1111111111111111 0.3333333333333333
0.1111111111111111 0.1111111111111111 0.1111111111111111 0.1111111111111111 0.5555555555555556
0.16666666666666666 0.16666666666666666 0.16666666666666666 0.3333333333333333 0.16666666666666666
0.09090909090909091 0.09090909090909091 0.45454545454545453 0.09090909090909091 0.2727272727272727
0.1111111111111111 0.1111111111111111 0.3333333333333333 0.1111111111111111 0.3333333333333333
0.2 0.3 0.1 0.1 0.3
0.06666666666666667 0.4666666666666667 0.26666666666666666 0.06666666666666667 0.13333333333333333
0.1111111111111111 0.3333333333333333 0.1111111111111111 0.1111111111111111 0.3333333333333333
0.06666666666666667 0.2 0.4666666666666667 0.2 0.06666666666666667
0.1111111111111111 0.1111111111111111 0.1111111111111111 0.2222222222222222 0.4444444444444444
0.3 0.05 0.5 0.1 0.05
0.3 0.1 0.1 0.3 0.2
0.125 0.25 0.375 0.125 0.125
0.3 0.1 0.1 0.1 0.4
0.13333333333333333 0.6 0.06666666666666667 0.06666666666666667 0.13333333333333333
0.041666666666666664 0.125 0.375 0.3333333333333333 0.125
0.2857142857142857 0.42857142857142855 0.09523809523809523 0.09523809523809523 0.09523809523809523
0.14285714285714285 0.07142857142857142 0.14285714285714285 0.5 0.14285714285714285
0.42857142857142855 0.14285714285714285 0.14285714285714285 0.14285714285714285 0.14285714285714285
0.15384615384615385 0.6153846153846154 0.07692307692307693 0.07692307692307693 0.07692307692307693
0.25 0.08333333333333333 0.5 0.08333333333333333 0.08333333333333333
0.18181818181818182 0.2727272727272727 0.36363636363636365 0.09090909090909091 0.09090909090909091
0.14285714285714285 0.6428571428571429 0.07142857142857142 0.07142857142857142 0.07142857142857142
0.08333333333333333 0.5833333333333334 0.08333333333333333 0.08333333333333333 0.16666666666666666
0.15789473684210525 0.21052631578947367 0.15789473684210525 0.15789473684210525 0.3157894736842105
0.1111111111111111 0.1111111111111111 0.1111111111111111 0.1111111111111111 0.5555555555555556
0.16666666666666666 0.08333333333333333 0.16666666666666666 0.16666666666666666 0.4166666666666667
0.125 0.125 0.5 0.125 0.125
0.07142857142857142 0.14285714285714285 0.5 0.03571428571428571 0.25
0.1 0.1 0.5 0.2 0.1
0.16666666666666666 0.16666666666666666 0.25 0.3333333333333333 0.08333333333333333
0.16666666666666666 0.4166666666666667 0.16666666666666666 0.08333333333333333 0.16666666666666666
0.2631578947368421 0.10526315789473684 0.15789473684210525 0.21052631578947367 0.2631578947368421
0.16666666666666666 0.25 0.4166666666666667 0.08333333333333333 0.08333333333333333
0.1 0.1 0.3 0.1 0.4
0.125 0.125 0.125 0.5 0.125
0.36363636363636365 0.18181818181818182 0.09090909090909091 0.09090909090909091 0.2727272727272727
0.09090909090909091 0.09090909090909091 0.18181818181818182 0.45454545454545453 0.18181818181818182
0.14285714285714285 0.14285714285714285 0.14285714285714285 0.42857142857142855 0.14285714285714285
0.1111111111111111 0.1111111111111111 0.1111111111111111 0.5555555555555556 0.1111111111111111
0.125 0.125 0.5 0.125 0.125
0.375 0.125 0.125 0.25 0.125
0.23076923076923078 0.5384615384615384 0.07692307692307693 0.07692307692307693 0.07692307692307693
0.46153846153846156 0.038461538461538464 0.07692307692307693 0.23076923076923078 0.19230769230769232
0.1 0.1 0.1 0.1 0.6
0.07692307692307693 0.07692307692307693 0.07692307692307693 0.15384615384615385 0.6153846153846154
0.25 0.25 0.08333333333333333 0.3333333333333333 0.08333333333333333
0.18181818181818182 0.2727272727272727 0.18181818181818182 0.2727272727272727 0.09090909090909091
0.09523809523809523 0.14285714285714285 0.09523809523809523 0.5714285714285714 0.09523809523809523
0.1111111111111111 0.1111111111111111 0.1111111111111111 0.1111111111111111 0.5555555555555556
0.041666666666666664 0.16666666666666666 0.125 0.5416666666666666 0.125
0.125 0.25 0.125 0.375 0.125
0.25 0.25 0.25 0.125 0.125
0.375 0.125 0.125 0.125 0.25
0.2857142857142857 0.14285714285714285 0.14285714285714285 0.14285714285714285 0.2857142857142857
0.1111111111111111 0.1111111111111111 0.1111111111111111 0.1111111111111111 0.5555555555555556
0.15789473684210525 0.05263157894736842 0.05263157894736842 0.05263157894736842 0.6842105263157895
0.14285714285714285 0.07142857142857142 0.42857142857142855 0.14285714285714285 0.21428571428571427
0.2222222222222222 0.1111111111111111 0.1111111111111111 0.4444444444444444 0.1111111111111111
0.1111111111111111 0.1111111111111111 0.1111111111111111 0.5555555555555556 0.1111111111111111
0.1111111111111111 0.1111111111111111 0.5555555555555556 0.1111111111111111 0.1111111111111111
0.16666666666666666 0.08333333333333333 0.4166666666666667 0.25 0.08333333333333333
0.25 0.08333333333333333 0.08333333333333333 0.3333333333333333 0.25
0.05555555555555555 0.5 0.2222222222222222 0.16666666666666666 0.05555555555555555
0.05 0.7 0.05 0.15 0.05
0.037037037037037035 0.18518518518518517 0.6666666666666666 0.037037037037037035 0.07407407407407407
0.18181818181818182 0.2727272727272727 0.36363636363636365 0.09090909090909091 0.09090909090909091
0.09090909090909091 0.09090909090909091 0.6363636363636364 0.09090909090909091 0.09090909090909091
0.07142857142857142 0.14285714285714285 0.07142857142857142 0.6428571428571429 0.07142857142857142
0.15384615384615385 0.15384615384615385 0.3076923076923077 0.15384615384615385 0.23076923076923078
0.1 0.2 0.3 0.1 0.3
0.25 0.16666666666666666 0.08333333333333333 0.08333333333333333 0.4166666666666667
0.1111111111111111 0.1111111111111111 0.1111111111111111 0.3333333333333333 0.3333333333333333
0.09090909090909091 0.5454545454545454 0.18181818181818182 0.09090909090909091 0.09090909090909091
0.08333333333333333 0.08333333333333333 0.08333333333333333 0.08333333333333333 0.6666666666666666
0.14285714285714285 0.42857142857142855 0.14285714285714285 0.14285714285714285 0.14285714285714285
0.08333333333333333 0.08333333333333333 0.08333333333333333 0.08333333333333333 0.6666666666666666
0.15384615384615385 0.23076923076923078 0.07692307692307693 0.3076923076923077 0.23076923076923078
0.07142857142857142 0.5714285714285714 0.14285714285714285 0.07142857142857142 0.14285714285714285
0.05555555555555555 0.5 0.2222222222222222 0.16666666666666666 0.05555555555555555
0.09090909090909091 0.5454545454545454 0.18181818181818182 0.09090909090909091 0.09090909090909091
0.14285714285714285 0.42857142857142855 0.14285714285714285 0.14285714285714285 0.14285714285714285
0.3157894736842105 0.3684210526315789 0.21052631578947367 0.05263157894736842 0.05263157894736842
0.06666666666666667 0.6 0.06666666666666667 0.2 0.06666666666666667
0.16666666666666666 0.08333333333333333 0.5833333333333334 0.08333333333333333 0.08333333333333333
0.09090909090909091 0.09090909090909091 0.6363636363636364 0.09090909090909091 0.09090909090909091
0.14285714285714285 0.14285714285714285 0.07142857142857142 0.14285714285714285 0.5
0.07142857142857142 0.5 0.2857142857142857 0.07142857142857142 0.07142857142857142
0.1875 0.0625 0.5 0.125 0.125
0.16666666666666666 0.4166666666666667 0.08333333333333333 0.08333333333333333 0.25
0.11764705882352941 0.11764705882352941 0.6470588235294118 0.058823529411764705 0.058823529411764705
0.18181818181818182 0.18181818181818182 0.18181818181818182 0.18181818181818182 0.2727272727272727
0.11764705882352941 0.35294117647058826 0.23529411764705882 0.058823529411764705 0.23529411764705882
0.1111111111111111 0.1111111111111111 0.5555555555555556 0.1111111111111111 0.1111111111111111
0.17647058823529413 0.058823529411764705 0.35294117647058826 0.23529411764705882 0.17647058823529413
0.1111111111111111 0.1111111111111111 0.1111111111111111 0.3333333333333333 0.3333333333333333
0.17647058823529413 0.058823529411764705 0.29411764705882354 0.11764705882352941 0.35294117647058826
0.16666666666666666 0.4444444444444444 0.05555555555555555 0.05555555555555555 0.2777777777777778
0.1111111111111111 0.05555555555555555 0.1111111111111111 0.3888888888888889 0.3333333333333333
0.15384615384615385 0.07692307692307693 0.07692307692307693 0.07692307692307693 0.6153846153846154
0.07692307692307693 0.5384615384615384 0.07692307692307693 0.15384615384615385 0.15384615384615385
0.4 0.2 0.1 0.1 0.2
0.16666666666666666 0.08333333333333333 0.5 0.16666666666666666 0.08333333333333333
0.2857142857142857 0.14285714285714285 0.2857142857142857 0.14285714285714285 0.14285714285714285
0.06666666666666667 0.6 0.13333333333333333 0.13333333333333333 0.06666666666666667
0.14285714285714285 0.42857142857142855 0.14285714285714285 0.14285714285714285 0.14285714285714285
0.42857142857142855 0.23809523809523808 0.14285714285714285 0.047619047619047616 0.14285714285714285
0.32 0.12 0.08 0.08 0.4
0.2 0.26666666666666666 0.2 0.06666666666666667 0.26666666666666666
0.2727272727272727 0.18181818181818182 0.09090909090909091 0.09090909090909091 0.36363636363636365
0.23076923076923078 0.07692307692307693 0.3076923076923077 0.07692307692307693 0.3076923076923077
0.058823529411764705 0.11764705882352941 0.35294117647058826 0.29411764705882354 0.17647058823529413
0.17391304347826086 0.2608695652173913 0.13043478260869565 0.21739130434782608 0.21739130434782608
0.3076923076923077 0.15384615384615385 0.07692307692307693 0.07692307692307693 0.38461538461538464
0.1 0.5 0.1 0.2 0.1
0.2857142857142857 0.14285714285714285 0.14285714285714285 0.14285714285714285 0.2857142857142857
0.2727272727272727 0.36363636363636365 0.18181818181818182 0.09090909090909091 0.09090909090909091
0.125 0.125 0.5 0.125 0.125
0.1 0.1 0.1 0.6 0.1
0.2727272727272727 0.09090909090909091 0.09090909090909091 0.09090909090909091 0.45454545454545453
0.125 0.125 0.5 0.125 0.125
0.14285714285714285 0.08571428571428572 0.08571428571428572 0.02857142857142857 0.6571428571428571
0.16666666666666666 0.08333333333333333 0.25 0.08333333333333333 0.4166666666666667
0.1111111111111111 0.1111111111111111 0.1111111111111111 0.5555555555555556 0.1111111111111111
0.14285714285714285 0.14285714285714285 0.07142857142857142 0.5714285714285714 0.07142857142857142
0.375 0.125 0.125 0.125 0.25
0.2857142857142857 0.07142857142857142 0.07142857142857142 0.07142857142857142 0.5
0.09090909090909091 0.36363636363636365 0.36363636363636365 0.09090909090909091 0.09090909090909091
0.6 0.1 0.1 0.1 0.1
0.5625 0.25 0.0625 0.0625 0.0625
0.047619047619047616 0.047619047619047616 0.14285714285714285 0.14285714285714285 0.6190476190476191
0.36363636363636365 0.09090909090909091 0.18181818181818182 0.2727272727272727 0.09090909090909091
0.07142857142857142 0.07142857142857142 0.42857142857142855 0.07142857142857142 0.35714285714285715
0.1111111111111111 0.1111111111111111 0.1111111111111111 0.5555555555555556 0.1111111111111111
0.7142857142857143 0.07142857142857142 0.07142857142857142 0.07142857142857142 0.07142857142857142
0.2 0.1 0.1 0.2 0.4
0.125 0.375 0.125 0.25 0.125
0.47619047619047616 0.14285714285714285 0.047619047619047616 0.047619047619047616 0.2857142857142857
0.29411764705882354 0.11764705882352941 0.35294117647058826 0.058823529411764705 0.17647058823529413
0.5454545454545454 0.09090909090909091 0.022727272727272728 0.2727272727272727 0.06818181818181818
0.3125 0.0625 0.0625 0.5 0.0625
0.6857142857142857 0.02857142857142857 0.14285714285714285 0.05714285714285714 0.08571428571428572
0.5294117647058824 0.11764705882352941 0.23529411764705882 0.058823529411764705 0.058823529411764705
0.23529411764705882 0.029411764705882353 0.23529411764705882 0.11764705882352941 0.38235294117647056
0.14285714285714285 0.14285714285714285 0.14285714285714285 0.42857142857142855 0.14285714285714285
0.8181818181818182 0.06060606060606061 0.030303030303030304 0.030303030303030304 0.06060606060606061
0.23076923076923078 0.23076923076923078 0.07692307692307693 0.38461538461538464 0.07692307692307693
0.6666666666666666 0.06666666666666667 0.06666666666666667 0.06666666666666667 0.13333333333333333
0.125 0.125 0.125 0.125 0.5
0.14285714285714285 0.14285714285714285 0.42857142857142855 0.14285714285714285 0.14285714285714285
0.2857142857142857 0.14285714285714285 0.14285714285714285 0.2857142857142857 0.14285714285714285
0.125 0.375 0.125 0.125 0.25
0.4 0.2 0.2 0.06666666666666667 0.13333333333333333
0.125 0.125 0.5 0.125 0.125
0.4444444444444444 0.05555555555555555 0.05555555555555555 0.05555555555555555 0.3888888888888889
0.14285714285714285 0.14285714285714285 0.14285714285714285 0.42857142857142855 0.14285714285714285
0.1 0.1 0.2 0.3 0.3
0.1 0.1 0.5 0.2 0.1
0.2 0.06666666666666667 0.4666666666666667 0.2 0.06666666666666667
0.35714285714285715 0.07142857142857142 0.07142857142857142 0.21428571428571427 0.2857142857142857
0.09090909090909091 0.06060606060606061 0.21212121212121213 0.30303030303030304 0.3333333333333333
0.0625 0.5625 0.125 0.0625 0.1875
0.05555555555555555 0.05555555555555555 0.05555555555555555 0.6666666666666666 0.16666666666666666
0.14285714285714285 0.42857142857142855 0.14285714285714285 0.14285714285714285 0.14285714285714285
0.36363636363636365 0.18181818181818182 0.18181818181818182 0.09090909090909091 0.18181818181818182
0.0625 0.5625 0.0625 0.125 0.1875
0.23076923076923078 0.15384615384615385 0.46153846153846156 0.07692307692307693 0.07692307692307693
0.35714285714285715 0.35714285714285715 0.07142857142857142 0.14285714285714285 0.07142857142857142
0.125 0.0625 0.375 0.375 0.0625
0.08333333333333333 0.16666666666666666 0.08333333333333333 0.3333333333333333 0.3333333333333333
0.23076923076923078 0.38461538461538464 0.07692307692307693 0.15384615384615385 0.15384615384615385
0.14285714285714285 0.6428571428571429 0.07142857142857142 0.07142857142857142 0.07142857142857142
0.06666666666666667 0.06666666666666667 0.4666666666666667 0.06666666666666667 0.3333333333333333
0.0625 0.4375 0.125 0.0625 0.3125
0.07142857142857142 0.35714285714285715 0.21428571428571427 0.07142857142857142 0.2857142857142857
0.09090909090909091 0.36363636363636365 0.4090909090909091 0.09090909090909091 0.045454545454545456
0.11764705882352941 0.11764705882352941 0.17647058823529413 0.11764705882352941 0.47058823529411764
0.3157894736842105 0.10526315789473684 0.10526315789473684 0.42105263157894735 0.05263157894736842
0.1 0.2 0.1 0.5 0.1
0.1 0.1 0.6 0.1 0.1
0.15384615384615385 0.07692307692307693 0.07692307692307693 0.5384615384615384 0.15384615384615385
0.34782608695652173 0.043478260869565216 0.17391304347826086 0.391304347826087 0.043478260869565216
0.18181818181818182 0.09090909090909091 0.09090909090909091 0.09090909090909091 0.5454545454545454
0.05263157894736842 0.3157894736842105 0.3684210526315789 0.05263157894736842 0.21052631578947367
0.08333333333333333 0.25 0.16666666666666666 0.3333333333333333 0.16666666666666666
0.3333333333333333 0.25 0.16666666666666666 0.08333333333333333 0.16666666666666666
0.2 0.06666666666666667 0.6 0.06666666666666667 0.06666666666666667
0.25 0.4375 0.125 0.125 0.0625
0.15384615384615385 0.07692307692307693 0.6153846153846154 0.07692307692307693 0.07692307692307693
0.23076923076923078 0.07692307692307693 0.23076923076923078 0.38461538461538464 0.07692307692307693
0.09090909090909091 0.09090909090909091 0.09090909090909091 0.18181818181818182 0.5454545454545454
0.14285714285714285 0.14285714285714285 0.14285714285714285 0.14285714285714285 0.42857142857142855
0.2 0.1 0.2 0.3 0.2
0.5714285714285714 0.07142857142857142 0.07142857142857142 0.07142857142857142 0.21428571428571427
0.125 0.0625 0.0625 0.6875 0.0625
0.3076923076923077 0.07692307692307693 0.07692307692307693 0.15384615384615385 0.38461538461538464
0.2 0.1 0.1 0.1 0.5
0.2222222222222222 0.1111111111111111 0.4444444444444444 0.1111111111111111 0.1111111111111111
0.09090909090909091 0.09090909090909091 0.6363636363636364 0.09090909090909091 0.09090909090909091
0.07692307692307693 0.07692307692307693 0.15384615384615385 0.15384615384615385 0.5384615384615384
