0.023255813953488372 0.20930232558139536 0.4418604651162791 0.023255813953488372 0.3023255813953488 
0.05263157894736842 0.05263157894736842 0.05263157894736842 0.2631578947368421 0.5789473684210527 
0.06666666666666667 0.06666666666666667 0.06666666666666667 0.06666666666666667 0.7333333333333333 
0.034482758620689655 0.034482758620689655 0.5862068965517241 0.10344827586206896 0.2413793103448276 
0.09090909090909091 0.09090909090909091 0.45454545454545453 0.09090909090909091 0.2727272727272727 
0.1724137931034483 0.10344827586206896 0.5172413793103449 0.10344827586206896 0.10344827586206896 
0.043478260869565216 0.30434782608695654 0.21739130434782608 0.13043478260869565 0.30434782608695654 
0.16129032258064516 0.03225806451612903 0.0967741935483871 0.0967741935483871 0.6129032258064516 
0.1111111111111111 0.1111111111111111 0.1111111111111111 0.5555555555555556 0.1111111111111111 
0.043478260869565216 0.30434782608695654 0.21739130434782608 0.21739130434782608 0.21739130434782608 
0.08108108108108109 0.4594594594594595 0.2972972972972973 0.02702702702702703 0.13513513513513514 
0.058823529411764705 0.17647058823529413 0.6470588235294118 0.058823529411764705 0.058823529411764705 
0.05263157894736842 0.7894736842105263 0.05263157894736842 0.05263157894736842 0.05263157894736842 
0.09090909090909091 0.09090909090909091 0.09090909090909091 0.09090909090909091 0.6363636363636364 
0.03225806451612903 0.03225806451612903 0.8064516129032258 0.03225806451612903 0.0967741935483871 
0.09090909090909091 0.09090909090909091 0.09090909090909091 0.6363636363636364 0.09090909090909091 
0.14285714285714285 0.08571428571428572 0.2 0.3142857142857143 0.2571428571428571 
0.04 0.04 0.12 0.76 0.04 
0.07692307692307693 0.5384615384615384 0.07692307692307693 0.23076923076923078 0.07692307692307693 
0.07692307692307693 0.07692307692307693 0.07692307692307693 0.07692307692307693 0.6923076923076923 
0.09090909090909091 0.09090909090909091 0.09090909090909091 0.6363636363636364 0.09090909090909091 
0.06666666666666667 0.6 0.06666666666666667 0.06666666666666667 0.2 
0.06666666666666667 0.06666666666666667 0.06666666666666667 0.3333333333333333 0.4666666666666667 
0.03225806451612903 0.8709677419354839 0.03225806451612903 0.03225806451612903 0.03225806451612903 
0.16129032258064516 0.16129032258064516 0.5483870967741935 0.0967741935483871 0.03225806451612903 
0.05263157894736842 0.05263157894736842 0.05263157894736842 0.05263157894736842 0.7894736842105263 
0.1111111111111111 0.3333333333333333 0.3333333333333333 0.1111111111111111 0.1111111111111111 
0.058823529411764705 0.058823529411764705 0.17647058823529413 0.058823529411764705 0.6470588235294118 
0.02702702702702703 0.02702702702702703 0.02702702702702703 0.35135135135135137 0.5675675675675675 
0.043478260869565216 0.13043478260869565 0.4782608695652174 0.21739130434782608 0.13043478260869565 
0.03225806451612903 0.03225806451612903 0.03225806451612903 0.8709677419354839 0.03225806451612903 
0.04 0.04 0.04 0.68 0.2 
0.09090909090909091 0.09090909090909091 0.2727272727272727 0.09090909090909091 0.45454545454545453 
0.6363636363636364 0.09090909090909091 0.09090909090909091 0.09090909090909091 0.09090909090909091 
0.023255813953488372 0.3953488372093023 0.023255813953488372 0.3953488372093023 0.16279069767441862 
0.6363636363636364 0.09090909090909091 0.09090909090909091 0.09090909090909091 0.09090909090909091 
0.058823529411764705 0.7647058823529411 0.058823529411764705 0.058823529411764705 0.058823529411764705 
0.07692307692307693 0.5384615384615384 0.07692307692307693 0.23076923076923078 0.07692307692307693 
0.2 0.06666666666666667 0.2 0.06666666666666667 0.4666666666666667 
0.043478260869565216 0.13043478260869565 0.7391304347826086 0.043478260869565216 0.043478260869565216 
0.030303030303030304 0.5151515151515151 0.030303030303030304 0.3939393939393939 0.030303030303030304 
0.21212121212121213 0.030303030303030304 0.030303030303030304 0.696969696969697 0.030303030303030304 
0.0967741935483871 0.8064516129032258 0.03225806451612903 0.03225806451612903 0.03225806451612903 
0.1111111111111111 0.1111111111111111 0.1111111111111111 0.1111111111111111 0.5555555555555556 
0.38461538461538464 0.07692307692307693 0.38461538461538464 0.07692307692307693 0.07692307692307693 
0.05263157894736842 0.05263157894736842 0.6842105263157895 0.15789473684210525 0.05263157894736842 
0.09090909090909091 0.012987012987012988 0.11688311688311688 0.37662337662337664 0.4025974025974026 
0.07692307692307693 0.07692307692307693 0.23076923076923078 0.5384615384615384 0.07692307692307693 
0.2 0.1111111111111111 0.022222222222222223 0.6444444444444445 0.022222222222222223 
0.06666666666666667 0.7333333333333333 0.06666666666666667 0.06666666666666667 0.06666666666666667 
0.06666666666666667 0.3333333333333333 0.06666666666666667 0.3333333333333333 0.2 
0.15789473684210525 0.2631578947368421 0.3684210526315789 0.15789473684210525 0.05263157894736842 
0.034482758620689655 0.034482758620689655 0.6551724137931034 0.1724137931034483 0.10344827586206896 
0.043478260869565216 0.21739130434782608 0.6521739130434783 0.043478260869565216 0.043478260869565216 
0.037037037037037035 0.037037037037037035 0.037037037037037035 0.18518518518518517 0.7037037037037037 
0.23809523809523808 0.42857142857142855 0.047619047619047616 0.23809523809523808 0.047619047619047616 
0.19148936170212766 0.5319148936170213 0.06382978723404255 0.19148936170212766 0.02127659574468085 
0.05263157894736842 0.05263157894736842 0.05263157894736842 0.7894736842105263 0.05263157894736842 
0.034482758620689655 0.034482758620689655 0.034482758620689655 0.034482758620689655 0.8620689655172413 
0.15789473684210525 0.5789473684210527 0.05263157894736842 0.15789473684210525 0.05263157894736842 
0.034482758620689655 0.10344827586206896 0.7931034482758621 0.034482758620689655 0.034482758620689655 
0.06666666666666667 0.06666666666666667 0.2 0.3333333333333333 0.3333333333333333 
0.1111111111111111 0.1111111111111111 0.1111111111111111 0.5555555555555556 0.1111111111111111 
0.1111111111111111 0.037037037037037035 0.18518518518518517 0.037037037037037035 0.6296296296296297 
0.18518518518518517 0.037037037037037035 0.18518518518518517 0.1111111111111111 0.48148148148148145 
0.14285714285714285 0.14285714285714285 0.42857142857142855 0.14285714285714285 0.14285714285714285 
0.043478260869565216 0.043478260869565216 0.21739130434782608 0.5652173913043478 0.13043478260869565 
0.02702702702702703 0.13513513513513514 0.7837837837837838 0.02702702702702703 0.02702702702702703 
0.42857142857142855 0.047619047619047616 0.14285714285714285 0.3333333333333333 0.047619047619047616 
0.05263157894736842 0.12280701754385964 0.017543859649122806 0.7894736842105263 0.017543859649122806 
0.29411764705882354 0.29411764705882354 0.17647058823529413 0.058823529411764705 0.17647058823529413 
0.02857142857142857 0.42857142857142855 0.2571428571428571 0.2 0.08571428571428572 
0.23809523809523808 0.23809523809523808 0.047619047619047616 0.42857142857142855 0.047619047619047616 
0.13043478260869565 0.6521739130434783 0.043478260869565216 0.043478260869565216 0.13043478260869565 
0.037037037037037035 0.25925925925925924 0.48148148148148145 0.037037037037037035 0.18518518518518517 
0.5384615384615384 0.07692307692307693 0.07692307692307693 0.23076923076923078 0.07692307692307693 
0.04 0.12 0.04 0.76 0.04 
0.1111111111111111 0.3333333333333333 0.3333333333333333 0.1111111111111111 0.1111111111111111 
0.030303030303030304 0.09090909090909091 0.7575757575757576 0.030303030303030304 0.09090909090909091 
0.4117647058823529 0.29411764705882354 0.058823529411764705 0.058823529411764705 0.17647058823529413 
0.23076923076923078 0.5384615384615384 0.07692307692307693 0.07692307692307693 0.07692307692307693 
0.0196078431372549 0.0196078431372549 0.7647058823529411 0.058823529411764705 0.13725490196078433 
0.02857142857142857 0.4857142857142857 0.02857142857142857 0.42857142857142855 0.02857142857142857 
0.09090909090909091 0.030303030303030304 0.030303030303030304 0.09090909090909091 0.7575757575757576 
0.45454545454545453 0.030303030303030304 0.030303030303030304 0.45454545454545453 0.030303030303030304 
0.2571428571428571 0.02857142857142857 0.02857142857142857 0.02857142857142857 0.6571428571428571 
0.018867924528301886 0.018867924528301886 0.3584905660377358 0.018867924528301886 0.5849056603773585 
0.6 0.04 0.12 0.04 0.2 
0.09090909090909091 0.09090909090909091 0.6363636363636364 0.09090909090909091 0.09090909090909091 
0.07692307692307693 0.5384615384615384 0.07692307692307693 0.07692307692307693 0.23076923076923078 
0.06666666666666667 0.06666666666666667 0.2 0.6 0.06666666666666667 
0.06666666666666667 0.06666666666666667 0.2 0.06666666666666667 0.6 
0.07692307692307693 0.07692307692307693 0.38461538461538464 0.07692307692307693 0.38461538461538464 
0.058823529411764705 0.7647058823529411 0.058823529411764705 0.058823529411764705 0.058823529411764705 
0.07692307692307693 0.23076923076923078 0.07692307692307693 0.07692307692307693 0.5384615384615384 
0.22580645161290322 0.4838709677419355 0.0967741935483871 0.03225806451612903 0.16129032258064516 
0.07692307692307693 0.38461538461538464 0.38461538461538464 0.07692307692307693 0.07692307692307693 
0.07692307692307693 0.07692307692307693 0.07692307692307693 0.38461538461538464 0.38461538461538464 
0.07692307692307693 0.38461538461538464 0.07692307692307693 0.38461538461538464 0.07692307692307693 
0.04 0.68 0.04 0.2 0.04 
0.058823529411764705 0.7647058823529411 0.058823529411764705 0.058823529411764705 0.058823529411764705 
0.3142857142857143 0.2 0.42857142857142855 0.02857142857142857 0.02857142857142857 
0.0967741935483871 0.03225806451612903 0.0967741935483871 0.16129032258064516 0.6129032258064516 
0.4146341463414634 0.024390243902439025 0.5121951219512195 0.024390243902439025 0.024390243902439025 
0.04 0.04 0.44 0.04 0.44 
0.047619047619047616 0.047619047619047616 0.8095238095238095 0.047619047619047616 0.047619047619047616 
0.09090909090909091 0.6363636363636364 0.09090909090909091 0.09090909090909091 0.09090909090909091 
0.15789473684210525 0.6842105263157895 0.05263157894736842 0.05263157894736842 0.05263157894736842 
0.2727272727272727 0.2727272727272727 0.09090909090909091 0.2727272727272727 0.09090909090909091 
0.037037037037037035 0.037037037037037035 0.8518518518518519 0.037037037037037035 0.037037037037037035 
0.012658227848101266 0.012658227848101266 0.9493670886075949 0.012658227848101266 0.012658227848101266 
0.45454545454545453 0.09090909090909091 0.2727272727272727 0.09090909090909091 0.09090909090909091 
0.07692307692307693 0.07692307692307693 0.6923076923076923 0.07692307692307693 0.07692307692307693 
0.14285714285714285 0.047619047619047616 0.7142857142857143 0.047619047619047616 0.047619047619047616 
0.05263157894736842 0.5789473684210527 0.15789473684210525 0.05263157894736842 0.15789473684210525 
0.25925925925925924 0.037037037037037035 0.25925925925925924 0.4074074074074074 0.037037037037037035 
0.01639344262295082 0.11475409836065574 0.7377049180327869 0.11475409836065574 0.01639344262295082 
0.0196078431372549 0.0196078431372549 0.0196078431372549 0.7254901960784313 0.21568627450980393 
0.07692307692307693 0.38461538461538464 0.07692307692307693 0.07692307692307693 0.38461538461538464 
0.06666666666666667 0.6 0.06666666666666667 0.06666666666666667 0.2 
0.047619047619047616 0.14285714285714285 0.5238095238095238 0.14285714285714285 0.14285714285714285 
0.047619047619047616 0.047619047619047616 0.8095238095238095 0.047619047619047616 0.047619047619047616 
0.8095238095238095 0.047619047619047616 0.047619047619047616 0.047619047619047616 0.047619047619047616 
0.24324324324324326 0.02702702702702703 0.02702702702702703 0.40540540540540543 0.2972972972972973 
0.3684210526315789 0.05263157894736842 0.05263157894736842 0.2631578947368421 0.2631578947368421 
0.05263157894736842 0.3684210526315789 0.2631578947368421 0.2631578947368421 0.05263157894736842 
0.0847457627118644 0.0847457627118644 0.6271186440677966 0.1864406779661017 0.01694915254237288 
0.5555555555555556 0.1111111111111111 0.1111111111111111 0.1111111111111111 0.1111111111111111 
0.7142857142857143 0.047619047619047616 0.047619047619047616 0.047619047619047616 0.14285714285714285 
0.7435897435897436 0.02564102564102564 0.02564102564102564 0.02564102564102564 0.1794871794871795 
0.09090909090909091 0.09090909090909091 0.09090909090909091 0.6363636363636364 0.09090909090909091 
0.09090909090909091 0.09090909090909091 0.09090909090909091 0.45454545454545453 0.2727272727272727 
0.23076923076923078 0.07692307692307693 0.07692307692307693 0.38461538461538464 0.23076923076923078 
0.09090909090909091 0.09090909090909091 0.09090909090909091 0.09090909090909091 0.6363636363636364 
0.043478260869565216 0.7391304347826086 0.043478260869565216 0.043478260869565216 0.13043478260869565 
0.3333333333333333 0.06666666666666667 0.2 0.06666666666666667 0.3333333333333333 
0.047619047619047616 0.8095238095238095 0.047619047619047616 0.047619047619047616 0.047619047619047616 
0.06666666666666667 0.06666666666666667 0.06666666666666667 0.06666666666666667 0.7333333333333333 
0.22580645161290322 0.16129032258064516 0.5483870967741935 0.03225806451612903 0.03225806451612903 
0.06666666666666667 0.06666666666666667 0.4666666666666667 0.2 0.2 
0.6 0.06666666666666667 0.06666666666666667 0.06666666666666667 0.2 
0.36 0.12 0.04 0.04 0.44 
0.030303030303030304 0.21212121212121213 0.030303030303030304 0.6363636363636364 0.09090909090909091 
0.07692307692307693 0.07692307692307693 0.23076923076923078 0.23076923076923078 0.38461538461538464 
0.7333333333333333 0.06666666666666667 0.06666666666666667 0.06666666666666667 0.06666666666666667 
0.23809523809523808 0.42857142857142855 0.14285714285714285 0.14285714285714285 0.047619047619047616 
0.02564102564102564 0.5384615384615384 0.3333333333333333 0.02564102564102564 0.07692307692307693 
0.2631578947368421 0.05263157894736842 0.05263157894736842 0.47368421052631576 0.15789473684210525 
0.2727272727272727 0.09090909090909091 0.5757575757575758 0.030303030303030304 0.030303030303030304 
0.06666666666666667 0.06666666666666667 0.06666666666666667 0.2 0.6 
0.04 0.04 0.44 0.44 0.04 
0.043478260869565216 0.30434782608695654 0.5652173913043478 0.043478260869565216 0.043478260869565216 
0.15789473684210525 0.3684210526315789 0.3684210526315789 0.05263157894736842 0.05263157894736842 
0.23076923076923078 0.07692307692307693 0.07692307692307693 0.38461538461538464 0.23076923076923078 
0.07692307692307693 0.23076923076923078 0.07692307692307693 0.5384615384615384 0.07692307692307693 
0.07692307692307693 0.07692307692307693 0.23076923076923078 0.5384615384615384 0.07692307692307693 
0.043478260869565216 0.7391304347826086 0.13043478260869565 0.043478260869565216 0.043478260869565216 
0.14285714285714285 0.047619047619047616 0.5238095238095238 0.23809523809523808 0.047619047619047616 
0.058823529411764705 0.058823529411764705 0.6470588235294118 0.17647058823529413 0.058823529411764705 
0.05263157894736842 0.05263157894736842 0.15789473684210525 0.47368421052631576 0.2631578947368421 
0.5555555555555556 0.1111111111111111 0.1111111111111111 0.1111111111111111 0.1111111111111111 
0.09090909090909091 0.45454545454545453 0.09090909090909091 0.2727272727272727 0.09090909090909091 
0.07692307692307693 0.07692307692307693 0.07692307692307693 0.07692307692307693 0.6923076923076923 
0.07692307692307693 0.5384615384615384 0.23076923076923078 0.07692307692307693 0.07692307692307693 
0.3333333333333333 0.06666666666666667 0.4666666666666667 0.06666666666666667 0.06666666666666667 
0.09090909090909091 0.09090909090909091 0.6363636363636364 0.09090909090909091 0.09090909090909091 
0.08108108108108109 0.02702702702702703 0.7297297297297297 0.02702702702702703 0.13513513513513514 
0.07692307692307693 0.07692307692307693 0.6923076923076923 0.07692307692307693 0.07692307692307693 
0.09090909090909091 0.09090909090909091 0.6363636363636364 0.09090909090909091 0.09090909090909091 
0.06666666666666667 0.06666666666666667 0.6 0.2 0.06666666666666667 
0.07692307692307693 0.38461538461538464 0.38461538461538464 0.07692307692307693 0.07692307692307693 
0.06666666666666667 0.3333333333333333 0.06666666666666667 0.06666666666666667 0.4666666666666667 
0.05263157894736842 0.05263157894736842 0.7894736842105263 0.05263157894736842 0.05263157894736842 
0.2 0.06666666666666667 0.6 0.06666666666666667 0.06666666666666667 
0.047619047619047616 0.047619047619047616 0.8095238095238095 0.047619047619047616 0.047619047619047616 
0.05263157894736842 0.05263157894736842 0.7894736842105263 0.05263157894736842 0.05263157894736842 
0.09090909090909091 0.09090909090909091 0.2727272727272727 0.45454545454545453 0.09090909090909091 
0.034482758620689655 0.034482758620689655 0.7241379310344828 0.034482758620689655 0.1724137931034483 
0.13043478260869565 0.30434782608695654 0.30434782608695654 0.13043478260869565 0.13043478260869565 
0.043478260869565216 0.5652173913043478 0.30434782608695654 0.043478260869565216 0.043478260869565216 
0.13043478260869565 0.5652173913043478 0.13043478260869565 0.13043478260869565 0.043478260869565216 
0.04 0.36 0.44 0.12 0.04 
0.2 0.06666666666666667 0.2 0.3333333333333333 0.2 
0.06666666666666667 0.7333333333333333 0.06666666666666667 0.06666666666666667 0.06666666666666667 
0.15789473684210525 0.010526315789473684 0.6210526315789474 0.010526315789473684 0.2 
0.44 0.04 0.04 0.44 0.04 
0.06666666666666667 0.06666666666666667 0.06666666666666667 0.3333333333333333 0.4666666666666667 
0.030303030303030304 0.030303030303030304 0.7575757575757576 0.030303030303030304 0.15151515151515152 
0.02857142857142857 0.2 0.4857142857142857 0.02857142857142857 0.2571428571428571 
0.1111111111111111 0.1111111111111111 0.1111111111111111 0.1111111111111111 0.5555555555555556 
0.043478260869565216 0.043478260869565216 0.6521739130434783 0.21739130434782608 0.043478260869565216 
0.07692307692307693 0.07692307692307693 0.1794871794871795 0.6410256410256411 0.02564102564102564 
0.2 0.2 0.04 0.44 0.12 
0.24528301886792453 0.018867924528301886 0.018867924528301886 0.3584905660377358 0.3584905660377358 
0.018867924528301886 0.16981132075471697 0.16981132075471697 0.6226415094339622 0.018867924528301886 
0.06666666666666667 0.06666666666666667 0.06666666666666667 0.06666666666666667 0.7333333333333333 
0.04 0.44 0.12 0.04 0.36 
0.05263157894736842 0.5789473684210527 0.05263157894736842 0.2631578947368421 0.05263157894736842 
0.037037037037037035 0.1111111111111111 0.037037037037037035 0.7037037037037037 0.1111111111111111 
0.15789473684210525 0.05263157894736842 0.6842105263157895 0.05263157894736842 0.05263157894736842 
0.8536585365853658 0.024390243902439025 0.024390243902439025 0.07317073170731707 0.024390243902439025 
0.6363636363636364 0.09090909090909091 0.09090909090909091 0.09090909090909091 0.09090909090909091 
0.5238095238095238 0.14285714285714285 0.047619047619047616 0.047619047619047616 0.23809523809523808 
0.047619047619047616 0.14285714285714285 0.047619047619047616 0.7142857142857143 0.047619047619047616 
0.09090909090909091 0.09090909090909091 0.09090909090909091 0.09090909090909091 0.6363636363636364 
0.047619047619047616 0.047619047619047616 0.5238095238095238 0.3333333333333333 0.047619047619047616 
0.7647058823529411 0.058823529411764705 0.058823529411764705 0.058823529411764705 0.058823529411764705 
0.043478260869565216 0.30434782608695654 0.043478260869565216 0.391304347826087 0.21739130434782608 
0.8095238095238095 0.047619047619047616 0.047619047619047616 0.047619047619047616 0.047619047619047616 
0.037037037037037035 0.48148148148148145 0.037037037037037035 0.4074074074074074 0.037037037037037035 
0.5172413793103449 0.034482758620689655 0.034482758620689655 0.034482758620689655 0.3793103448275862 
0.30612244897959184 0.061224489795918366 0.02040816326530612 0.5102040816326531 0.10204081632653061 
0.02040816326530612 0.8775510204081632 0.02040816326530612 0.02040816326530612 0.061224489795918366 
0.07317073170731707 0.4146341463414634 0.12195121951219512 0.3170731707317073 0.07317073170731707 
0.44 0.04 0.04 0.44 0.04 
0.13043478260869565 0.13043478260869565 0.043478260869565216 0.5652173913043478 0.13043478260869565 
0.4666666666666667 0.06666666666666667 0.06666666666666667 0.2 0.2 
0.14285714285714285 0.14285714285714285 0.14285714285714285 0.5238095238095238 0.047619047619047616 
0.037037037037037035 0.037037037037037035 0.037037037037037035 0.5555555555555556 0.3333333333333333 
0.07692307692307693 0.07692307692307693 0.07692307692307693 0.07692307692307693 0.6923076923076923 
0.058823529411764705 0.7647058823529411 0.058823529411764705 0.058823529411764705 0.058823529411764705 
0.07692307692307693 0.38461538461538464 0.07692307692307693 0.07692307692307693 0.38461538461538464 
0.23076923076923078 0.38461538461538464 0.23076923076923078 0.07692307692307693 0.07692307692307693 
0.4666666666666667 0.06666666666666667 0.3333333333333333 0.06666666666666667 0.06666666666666667 
0.043478260869565216 0.043478260869565216 0.7391304347826086 0.13043478260869565 0.043478260869565216 
0.024390243902439025 0.9024390243902439 0.024390243902439025 0.024390243902439025 0.024390243902439025 
0.043478260869565216 0.13043478260869565 0.043478260869565216 0.043478260869565216 0.7391304347826086 
0.5757575757575758 0.09090909090909091 0.2727272727272727 0.030303030303030304 0.030303030303030304 
0.23809523809523808 0.047619047619047616 0.047619047619047616 0.047619047619047616 0.6190476190476191 
0.23076923076923078 0.07692307692307693 0.07692307692307693 0.5384615384615384 0.07692307692307693 
0.04 0.84 0.04 0.04 0.04 
0.043478260869565216 0.4782608695652174 0.391304347826087 0.043478260869565216 0.043478260869565216 
0.3333333333333333 0.1111111111111111 0.3333333333333333 0.1111111111111111 0.1111111111111111 
0.06666666666666667 0.2 0.4666666666666667 0.2 0.06666666666666667 
0.6363636363636364 0.09090909090909091 0.09090909090909091 0.09090909090909091 0.09090909090909091 
0.058823529411764705 0.058823529411764705 0.058823529411764705 0.7647058823529411 0.058823529411764705 
0.06666666666666667 0.06666666666666667 0.06666666666666667 0.06666666666666667 0.7333333333333333 
0.1111111111111111 0.3333333333333333 0.1111111111111111 0.3333333333333333 0.1111111111111111 
0.1111111111111111 0.5555555555555556 0.1111111111111111 0.1111111111111111 0.1111111111111111 
0.06666666666666667 0.7333333333333333 0.06666666666666667 0.06666666666666667 0.06666666666666667 
0.23076923076923078 0.07692307692307693 0.07692307692307693 0.07692307692307693 0.5384615384615384 
0.1111111111111111 0.48148148148148145 0.037037037037037035 0.3333333333333333 0.037037037037037035 
0.12 0.12 0.68 0.04 0.04 
0.17647058823529413 0.058823529411764705 0.29411764705882354 0.17647058823529413 0.29411764705882354 
0.04 0.04 0.04 0.2 0.68 
0.06666666666666667 0.2 0.2 0.06666666666666667 0.4666666666666667 
0.07692307692307693 0.23076923076923078 0.23076923076923078 0.07692307692307693 0.38461538461538464 
0.06666666666666667 0.7333333333333333 0.06666666666666667 0.06666666666666667 0.06666666666666667 
0.42857142857142855 0.23809523809523808 0.047619047619047616 0.047619047619047616 0.23809523809523808 
0.2631578947368421 0.3684210526315789 0.05263157894736842 0.2631578947368421 0.05263157894736842 
0.15789473684210525 0.6842105263157895 0.05263157894736842 0.05263157894736842 0.05263157894736842 
0.09090909090909091 0.09090909090909091 0.09090909090909091 0.09090909090909091 0.6363636363636364 
0.07692307692307693 0.07692307692307693 0.07692307692307693 0.6923076923076923 0.07692307692307693 
0.07692307692307693 0.07692307692307693 0.38461538461538464 0.23076923076923078 0.23076923076923078 
0.07692307692307693 0.07692307692307693 0.07692307692307693 0.07692307692307693 0.6923076923076923 
0.6 0.06666666666666667 0.2 0.06666666666666667 0.06666666666666667 
0.047619047619047616 0.6190476190476191 0.047619047619047616 0.23809523809523808 0.047619047619047616 
0.6470588235294118 0.058823529411764705 0.17647058823529413 0.058823529411764705 0.058823529411764705 
0.17647058823529413 0.058823529411764705 0.058823529411764705 0.29411764705882354 0.4117647058823529 
0.17647058823529413 0.29411764705882354 0.29411764705882354 0.17647058823529413 0.058823529411764705 
0.05263157894736842 0.6842105263157895 0.15789473684210525 0.05263157894736842 0.05263157894736842 
0.4782608695652174 0.043478260869565216 0.391304347826087 0.043478260869565216 0.043478260869565216 
0.09090909090909091 0.09090909090909091 0.09090909090909091 0.09090909090909091 0.6363636363636364 
0.38461538461538464 0.07692307692307693 0.38461538461538464 0.07692307692307693 0.07692307692307693 
0.5789473684210527 0.05263157894736842 0.05263157894736842 0.15789473684210525 0.15789473684210525 
0.058823529411764705 0.29411764705882354 0.29411764705882354 0.29411764705882354 0.058823529411764705 
0.09090909090909091 0.09090909090909091 0.09090909090909091 0.09090909090909091 0.6363636363636364 
0.29411764705882354 0.058823529411764705 0.29411764705882354 0.17647058823529413 0.17647058823529413 
0.047619047619047616 0.14285714285714285 0.3333333333333333 0.42857142857142855 0.047619047619047616 
0.014084507042253521 0.43661971830985913 0.5211267605633803 0.014084507042253521 0.014084507042253521 
0.7647058823529411 0.058823529411764705 0.058823529411764705 0.058823529411764705 0.058823529411764705 
0.043478260869565216 0.6521739130434783 0.043478260869565216 0.043478260869565216 0.21739130434782608 
0.5384615384615384 0.07692307692307693 0.07692307692307693 0.07692307692307693 0.23076923076923078 
0.8260869565217391 0.043478260869565216 0.043478260869565216 0.043478260869565216 0.043478260869565216 
0.6571428571428571 0.02857142857142857 0.2571428571428571 0.02857142857142857 0.02857142857142857 
0.23809523809523808 0.047619047619047616 0.047619047619047616 0.047619047619047616 0.6190476190476191 
0.058823529411764705 0.6470588235294118 0.058823529411764705 0.058823529411764705 0.17647058823529413 
0.07692307692307693 0.5384615384615384 0.1282051282051282 0.1282051282051282 0.1282051282051282 
0.84 0.04 0.04 0.04 0.04 
0.6363636363636364 0.09090909090909091 0.09090909090909091 0.09090909090909091 0.09090909090909091 
0.6842105263157895 0.05263157894736842 0.05263157894736842 0.05263157894736842 0.15789473684210525 
0.76 0.12 0.04 0.04 0.04 
0.2 0.06666666666666667 0.06666666666666667 0.06666666666666667 0.6 
0.2727272727272727 0.09090909090909091 0.09090909090909091 0.45454545454545453 0.09090909090909091 
0.16129032258064516 0.5483870967741935 0.0967741935483871 0.16129032258064516 0.03225806451612903 
0.17647058823529413 0.058823529411764705 0.4117647058823529 0.29411764705882354 0.058823529411764705 
0.3333333333333333 0.06666666666666667 0.4666666666666667 0.06666666666666667 0.06666666666666667 
0.7391304347826086 0.13043478260869565 0.043478260869565216 0.043478260869565216 0.043478260869565216 
0.21739130434782608 0.13043478260869565 0.043478260869565216 0.13043478260869565 0.4782608695652174 
0.13043478260869565 0.4782608695652174 0.043478260869565216 0.043478260869565216 0.30434782608695654 
0.6923076923076923 0.07692307692307693 0.07692307692307693 0.07692307692307693 0.07692307692307693 
0.10344827586206896 0.10344827586206896 0.3103448275862069 0.034482758620689655 0.4482758620689655 
0.09090909090909091 0.6363636363636364 0.09090909090909091 0.09090909090909091 0.09090909090909091 
0.043478260869565216 0.7391304347826086 0.13043478260869565 0.043478260869565216 0.043478260869565216 
0.2631578947368421 0.2631578947368421 0.15789473684210525 0.05263157894736842 0.2631578947368421 
0.8260869565217391 0.043478260869565216 0.043478260869565216 0.043478260869565216 0.043478260869565216 
0.058823529411764705 0.058823529411764705 0.6470588235294118 0.058823529411764705 0.17647058823529413 
0.42857142857142855 0.23809523809523808 0.047619047619047616 0.23809523809523808 0.047619047619047616 
0.043478260869565216 0.7391304347826086 0.043478260869565216 0.13043478260869565 0.043478260869565216 
0.12 0.28 0.44 0.04 0.12 
0.14285714285714285 0.047619047619047616 0.047619047619047616 0.14285714285714285 0.6190476190476191 
0.29411764705882354 0.5294117647058824 0.058823529411764705 0.058823529411764705 0.058823529411764705 
0.034482758620689655 0.2413793103448276 0.3103448275862069 0.034482758620689655 0.3793103448275862 
0.17647058823529413 0.058823529411764705 0.29411764705882354 0.17647058823529413 0.29411764705882354 
0.1111111111111111 0.5555555555555556 0.1111111111111111 0.1111111111111111 0.1111111111111111 
0.043478260869565216 0.391304347826087 0.043478260869565216 0.4782608695652174 0.043478260869565216 
0.058823529411764705 0.17647058823529413 0.4117647058823529 0.058823529411764705 0.29411764705882354 
0.024390243902439025 0.8048780487804879 0.12195121951219512 0.024390243902439025 0.024390243902439025 
0.6 0.06666666666666667 0.2 0.06666666666666667 0.06666666666666667 
0.07692307692307693 0.07692307692307693 0.07692307692307693 0.07692307692307693 0.6923076923076923 
0.09090909090909091 0.6363636363636364 0.09090909090909091 0.09090909090909091 0.09090909090909091 
0.08108108108108109 0.02702702702702703 0.24324324324324326 0.08108108108108109 0.5675675675675675 
0.1111111111111111 0.037037037037037035 0.037037037037037035 0.7037037037037037 0.1111111111111111 
0.030303030303030304 0.09090909090909091 0.030303030303030304 0.8181818181818182 0.030303030303030304 
0.1111111111111111 0.1111111111111111 0.3333333333333333 0.3333333333333333 0.1111111111111111 
0.40540540540540543 0.02702702702702703 0.02702702702702703 0.5135135135135135 0.02702702702702703 
0.23076923076923078 0.07692307692307693 0.38461538461538464 0.23076923076923078 0.07692307692307693 
0.024390243902439025 0.9024390243902439 0.024390243902439025 0.024390243902439025 0.024390243902439025 
0.07692307692307693 0.07692307692307693 0.6923076923076923 0.07692307692307693 0.07692307692307693 
0.04 0.12 0.12 0.04 0.68 
0.043478260869565216 0.043478260869565216 0.043478260869565216 0.7391304347826086 0.13043478260869565 
0.0136986301369863 0.3972602739726027 0.0684931506849315 0.3972602739726027 0.1232876712328767 
0.7647058823529411 0.058823529411764705 0.058823529411764705 0.058823529411764705 0.058823529411764705 
0.06666666666666667 0.7333333333333333 0.06666666666666667 0.06666666666666667 0.06666666666666667 
0.043478260869565216 0.21739130434782608 0.043478260869565216 0.13043478260869565 0.5652173913043478 
0.7333333333333333 0.06666666666666667 0.06666666666666667 0.06666666666666667 0.06666666666666667 
0.023255813953488372 0.16279069767441862 0.023255813953488372 0.7674418604651163 0.023255813953488372 
0.8260869565217391 0.043478260869565216 0.043478260869565216 0.043478260869565216 0.043478260869565216 
0.15789473684210525 0.2631578947368421 0.47368421052631576 0.05263157894736842 0.05263157894736842 
0.1111111111111111 0.1111111111111111 0.5555555555555556 0.1111111111111111 0.1111111111111111 
0.02564102564102564 0.4358974358974359 0.02564102564102564 0.48717948717948717 0.02564102564102564 
0.07692307692307693 0.23076923076923078 0.07692307692307693 0.07692307692307693 0.5384615384615384 
0.2345679012345679 0.06172839506172839 0.13580246913580246 0.5308641975308642 0.037037037037037035 
0.04 0.04 0.12 0.76 0.04 
0.06666666666666667 0.3333333333333333 0.3333333333333333 0.2 0.06666666666666667 
0.043478260869565216 0.043478260869565216 0.8260869565217391 0.043478260869565216 0.043478260869565216 
0.07692307692307693 0.07692307692307693 0.6923076923076923 0.07692307692307693 0.07692307692307693 
0.043478260869565216 0.13043478260869565 0.7391304347826086 0.043478260869565216 0.043478260869565216 
0.5294117647058824 0.058823529411764705 0.29411764705882354 0.058823529411764705 0.058823529411764705 
0.08108108108108109 0.5135135135135135 0.13513513513513514 0.02702702702702703 0.24324324324324326 
0.07692307692307693 0.07692307692307693 0.07692307692307693 0.6923076923076923 0.07692307692307693 
0.043478260869565216 0.043478260869565216 0.043478260869565216 0.8260869565217391 0.043478260869565216 
0.2 0.06666666666666667 0.06666666666666667 0.4666666666666667 0.2 
0.6923076923076923 0.07692307692307693 0.07692307692307693 0.07692307692307693 0.07692307692307693 
0.5384615384615384 0.07692307692307693 0.07692307692307693 0.07692307692307693 0.23076923076923078 
0.09090909090909091 0.09090909090909091 0.45454545454545453 0.2727272727272727 0.09090909090909091 
0.030303030303030304 0.3939393939393939 0.030303030303030304 0.09090909090909091 0.45454545454545453 
0.7037037037037037 0.18518518518518517 0.037037037037037035 0.037037037037037035 0.037037037037037035 
0.02702702702702703 0.4594594594594595 0.02702702702702703 0.4594594594594595 0.02702702702702703 
0.034482758620689655 0.6551724137931034 0.034482758620689655 0.1724137931034483 0.10344827586206896 
0.07692307692307693 0.07692307692307693 0.07692307692307693 0.07692307692307693 0.6923076923076923 
0.02702702702702703 0.24324324324324326 0.1891891891891892 0.5135135135135135 0.02702702702702703 
0.6363636363636364 0.09090909090909091 0.09090909090909091 0.09090909090909091 0.09090909090909091 
0.07692307692307693 0.5384615384615384 0.07692307692307693 0.23076923076923078 0.07692307692307693 
0.030303030303030304 0.696969696969697 0.030303030303030304 0.15151515151515152 0.09090909090909091 
0.2413793103448276 0.3793103448275862 0.034482758620689655 0.034482758620689655 0.3103448275862069 
0.1891891891891892 0.02702702702702703 0.35135135135135137 0.40540540540540543 0.02702702702702703 
0.37349397590361444 0.012048192771084338 0.08433734939759036 0.4939759036144578 0.03614457831325301 
0.037037037037037035 0.7777777777777778 0.1111111111111111 0.037037037037037035 0.037037037037037035 
0.043478260869565216 0.6521739130434783 0.21739130434782608 0.043478260869565216 0.043478260869565216 
0.02857142857142857 0.8285714285714286 0.02857142857142857 0.08571428571428572 0.02857142857142857 
0.7647058823529411 0.058823529411764705 0.058823529411764705 0.058823529411764705 0.058823529411764705 
0.4482758620689655 0.10344827586206896 0.2413793103448276 0.1724137931034483 0.034482758620689655 
0.058823529411764705 0.058823529411764705 0.17647058823529413 0.6470588235294118 0.058823529411764705 
0.1076923076923077 0.07692307692307693 0.4461538461538462 0.35384615384615387 0.015384615384615385 
0.03225806451612903 0.03225806451612903 0.03225806451612903 0.6774193548387096 0.22580645161290322 
0.05263157894736842 0.47368421052631576 0.05263157894736842 0.2631578947368421 0.15789473684210525 
0.7333333333333333 0.06666666666666667 0.06666666666666667 0.06666666666666667 0.06666666666666667 
0.030303030303030304 0.030303030303030304 0.21212121212121213 0.696969696969697 0.030303030303030304 
0.05263157894736842 0.2631578947368421 0.47368421052631576 0.15789473684210525 0.05263157894736842 
0.04477611940298507 0.1044776119402985 0.373134328358209 0.34328358208955223 0.13432835820895522 
0.23076923076923078 0.07692307692307693 0.07692307692307693 0.07692307692307693 0.5384615384615384 
0.04 0.12 0.12 0.68 0.04 
0.16129032258064516 0.3548387096774194 0.2903225806451613 0.16129032258064516 0.03225806451612903 
0.1111111111111111 0.1111111111111111 0.1111111111111111 0.3333333333333333 0.3333333333333333 
0.3333333333333333 0.1111111111111111 0.1111111111111111 0.3333333333333333 0.1111111111111111 
0.01639344262295082 0.01639344262295082 0.3770491803278688 0.5737704918032787 0.01639344262295082 
0.037037037037037035 0.037037037037037035 0.8518518518518519 0.037037037037037035 0.037037037037037035 
0.014925373134328358 0.2835820895522388 0.19402985074626866 0.4626865671641791 0.04477611940298507 
0.4222222222222222 0.24444444444444444 0.24444444444444444 0.022222222222222223 0.06666666666666667 
0.047619047619047616 0.047619047619047616 0.047619047619047616 0.8095238095238095 0.047619047619047616 
0.015873015873015872 0.07936507936507936 0.07936507936507936 0.4603174603174603 0.36507936507936506 
0.7142857142857143 0.047619047619047616 0.14285714285714285 0.047619047619047616 0.047619047619047616 
0.04 0.12 0.04 0.76 0.04 
0.07692307692307693 0.07692307692307693 0.6923076923076923 0.07692307692307693 0.07692307692307693 
0.1111111111111111 0.3333333333333333 0.3333333333333333 0.1111111111111111 0.1111111111111111 
0.047619047619047616 0.047619047619047616 0.047619047619047616 0.14285714285714285 0.7142857142857143 
0.022222222222222223 0.4222222222222222 0.15555555555555556 0.37777777777777777 0.022222222222222223 
0.5172413793103449 0.034482758620689655 0.034482758620689655 0.1724137931034483 0.2413793103448276 
0.018867924528301886 0.09433962264150944 0.018867924528301886 0.8113207547169812 0.05660377358490566 
0.1111111111111111 0.1111111111111111 0.5555555555555556 0.1111111111111111 0.1111111111111111 
0.41935483870967744 0.03225806451612903 0.03225806451612903 0.4838709677419355 0.03225806451612903 
0.1111111111111111 0.1111111111111111 0.1111111111111111 0.5555555555555556 0.1111111111111111 
0.09090909090909091 0.09090909090909091 0.6363636363636364 0.09090909090909091 0.09090909090909091 
0.15789473684210525 0.05263157894736842 0.6842105263157895 0.05263157894736842 0.05263157894736842 
0.6923076923076923 0.07692307692307693 0.07692307692307693 0.07692307692307693 0.07692307692307693 
0.38461538461538464 0.07692307692307693 0.07692307692307693 0.38461538461538464 0.07692307692307693 
0.09090909090909091 0.6363636363636364 0.09090909090909091 0.09090909090909091 0.09090909090909091 
0.1111111111111111 0.1111111111111111 0.1111111111111111 0.1111111111111111 0.5555555555555556 
0.1111111111111111 0.3333333333333333 0.1111111111111111 0.3333333333333333 0.1111111111111111 
0.043478260869565216 0.043478260869565216 0.043478260869565216 0.8260869565217391 0.043478260869565216 
0.043478260869565216 0.5652173913043478 0.043478260869565216 0.043478260869565216 0.30434782608695654 
0.36 0.2 0.04 0.36 0.04 
0.07692307692307693 0.6923076923076923 0.07692307692307693 0.07692307692307693 0.07692307692307693 
0.037037037037037035 0.037037037037037035 0.037037037037037035 0.7037037037037037 0.18518518518518517 
0.07692307692307693 0.23076923076923078 0.07692307692307693 0.5384615384615384 0.07692307692307693 
0.22580645161290322 0.03225806451612903 0.0967741935483871 0.4838709677419355 0.16129032258064516 
0.058823529411764705 0.4117647058823529 0.4117647058823529 0.058823529411764705 0.058823529411764705 
0.2903225806451613 0.03225806451612903 0.03225806451612903 0.6129032258064516 0.03225806451612903 
0.030303030303030304 0.45454545454545453 0.030303030303030304 0.45454545454545453 0.030303030303030304 
0.09090909090909091 0.09090909090909091 0.09090909090909091 0.09090909090909091 0.6363636363636364 
0.043478260869565216 0.6521739130434783 0.043478260869565216 0.13043478260869565 0.13043478260869565 
0.037037037037037035 0.037037037037037035 0.037037037037037035 0.7037037037037037 0.18518518518518517 
0.06976744186046512 0.023255813953488372 0.5348837209302325 0.3488372093023256 0.023255813953488372 
0.17647058823529413 0.058823529411764705 0.6470588235294118 0.058823529411764705 0.058823529411764705 
0.030303030303030304 0.3939393939393939 0.030303030303030304 0.5151515151515151 0.030303030303030304 
0.5555555555555556 0.1111111111111111 0.1111111111111111 0.1111111111111111 0.1111111111111111 
0.47368421052631576 0.05263157894736842 0.05263157894736842 0.15789473684210525 0.2631578947368421 
0.043478260869565216 0.21739130434782608 0.043478260869565216 0.6521739130434783 0.043478260869565216 
0.14285714285714285 0.23809523809523808 0.047619047619047616 0.5238095238095238 0.047619047619047616 
0.5555555555555556 0.1111111111111111 0.1111111111111111 0.1111111111111111 0.1111111111111111 
0.2 0.06666666666666667 0.06666666666666667 0.06666666666666667 0.6 
