0.023255813953488372 0.3023255813953488 0.2558139534883721 0.023255813953488372 0.3953488372093023 
0.15789473684210525 0.05263157894736842 0.05263157894736842 0.15789473684210525 0.5789473684210527 
0.06666666666666667 0.06666666666666667 0.06666666666666667 0.06666666666666667 0.7333333333333333 
0.034482758620689655 0.034482758620689655 0.3793103448275862 0.10344827586206896 0.4482758620689655 
0.09090909090909091 0.09090909090909091 0.45454545454545453 0.2727272727272727 0.09090909090909091 
0.10344827586206896 0.034482758620689655 0.5862068965517241 0.1724137931034483 0.10344827586206896 
0.043478260869565216 0.21739130434782608 0.21739130434782608 0.13043478260869565 0.391304347826087 
0.16129032258064516 0.03225806451612903 0.0967741935483871 0.0967741935483871 0.6129032258064516 
0.1111111111111111 0.1111111111111111 0.1111111111111111 0.5555555555555556 0.1111111111111111 
0.043478260869565216 0.391304347826087 0.13043478260869565 0.30434782608695654 0.13043478260869565 
0.13513513513513514 0.4594594594594595 0.35135135135135137 0.02702702702702703 0.02702702702702703 
0.058823529411764705 0.17647058823529413 0.6470588235294118 0.058823529411764705 0.058823529411764705 
0.05263157894736842 0.7894736842105263 0.05263157894736842 0.05263157894736842 0.05263157894736842 
0.09090909090909091 0.09090909090909091 0.09090909090909091 0.09090909090909091 0.6363636363636364 
0.03225806451612903 0.0967741935483871 0.6774193548387096 0.0967741935483871 0.0967741935483871 
0.09090909090909091 0.09090909090909091 0.09090909090909091 0.6363636363636364 0.09090909090909091 
0.08571428571428572 0.14285714285714285 0.14285714285714285 0.37142857142857144 0.2571428571428571 
0.04 0.04 0.12 0.76 0.04 
0.07692307692307693 0.38461538461538464 0.23076923076923078 0.23076923076923078 0.07692307692307693 
0.07692307692307693 0.07692307692307693 0.07692307692307693 0.07692307692307693 0.6923076923076923 
0.09090909090909091 0.2727272727272727 0.2727272727272727 0.2727272727272727 0.09090909090909091 
0.06666666666666667 0.4666666666666667 0.06666666666666667 0.2 0.2 
0.06666666666666667 0.06666666666666667 0.06666666666666667 0.2 0.6 
0.03225806451612903 0.7419354838709677 0.03225806451612903 0.16129032258064516 0.03225806451612903 
0.22580645161290322 0.03225806451612903 0.2903225806451613 0.41935483870967744 0.03225806451612903 
0.05263157894736842 0.05263157894736842 0.15789473684210525 0.05263157894736842 0.6842105263157895 
0.1111111111111111 0.3333333333333333 0.1111111111111111 0.1111111111111111 0.3333333333333333 
0.058823529411764705 0.058823529411764705 0.058823529411764705 0.058823529411764705 0.7647058823529411 
0.02702702702702703 0.13513513513513514 0.02702702702702703 0.2972972972972973 0.5135135135135135 
0.043478260869565216 0.043478260869565216 0.391304347826087 0.30434782608695654 0.21739130434782608 
0.03225806451612903 0.03225806451612903 0.03225806451612903 0.8709677419354839 0.03225806451612903 
0.04 0.04 0.04 0.76 0.12 
0.09090909090909091 0.2727272727272727 0.2727272727272727 0.09090909090909091 0.2727272727272727 
0.6363636363636364 0.09090909090909091 0.09090909090909091 0.09090909090909091 0.09090909090909091 
0.023255813953488372 0.3953488372093023 0.023255813953488372 0.4883720930232558 0.06976744186046512 
0.6363636363636364 0.09090909090909091 0.09090909090909091 0.09090909090909091 0.09090909090909091 
0.058823529411764705 0.5294117647058824 0.058823529411764705 0.29411764705882354 0.058823529411764705 
0.23076923076923078 0.5384615384615384 0.07692307692307693 0.07692307692307693 0.07692307692307693 
0.2 0.06666666666666667 0.2 0.06666666666666667 0.4666666666666667 
0.043478260869565216 0.043478260869565216 0.8260869565217391 0.043478260869565216 0.043478260869565216 
0.030303030303030304 0.3939393939393939 0.030303030303030304 0.5151515151515151 0.030303030303030304 
0.21212121212121213 0.09090909090909091 0.030303030303030304 0.6363636363636364 0.030303030303030304 
0.03225806451612903 0.8709677419354839 0.03225806451612903 0.03225806451612903 0.03225806451612903 
0.1111111111111111 0.1111111111111111 0.1111111111111111 0.1111111111111111 0.5555555555555556 
0.38461538461538464 0.23076923076923078 0.23076923076923078 0.07692307692307693 0.07692307692307693 
0.05263157894736842 0.05263157894736842 0.6842105263157895 0.15789473684210525 0.05263157894736842 
0.03896103896103896 0.11688311688311688 0.03896103896103896 0.35064935064935066 0.45454545454545453 
0.07692307692307693 0.07692307692307693 0.07692307692307693 0.38461538461538464 0.38461538461538464 
0.2 0.06666666666666667 0.022222222222222223 0.6888888888888889 0.022222222222222223 
0.2 0.6 0.06666666666666667 0.06666666666666667 0.06666666666666667 
0.06666666666666667 0.6 0.06666666666666667 0.06666666666666667 0.2 
0.15789473684210525 0.3684210526315789 0.3684210526315789 0.05263157894736842 0.05263157894736842 
0.034482758620689655 0.034482758620689655 0.6551724137931034 0.10344827586206896 0.1724137931034483 
0.043478260869565216 0.21739130434782608 0.4782608695652174 0.043478260869565216 0.21739130434782608 
0.1111111111111111 0.037037037037037035 0.037037037037037035 0.1111111111111111 0.7037037037037037 
0.42857142857142855 0.42857142857142855 0.047619047619047616 0.047619047619047616 0.047619047619047616 
0.23404255319148937 0.44680851063829785 0.02127659574468085 0.2765957446808511 0.02127659574468085 
0.05263157894736842 0.05263157894736842 0.05263157894736842 0.7894736842105263 0.05263157894736842 
0.034482758620689655 0.034482758620689655 0.034482758620689655 0.034482758620689655 0.8620689655172413 
0.15789473684210525 0.47368421052631576 0.05263157894736842 0.15789473684210525 0.15789473684210525 
0.034482758620689655 0.034482758620689655 0.7931034482758621 0.10344827586206896 0.034482758620689655 
0.06666666666666667 0.2 0.06666666666666667 0.6 0.06666666666666667 
0.1111111111111111 0.1111111111111111 0.1111111111111111 0.5555555555555556 0.1111111111111111 
0.037037037037037035 0.037037037037037035 0.037037037037037035 0.25925925925925924 0.6296296296296297 
0.1111111111111111 0.037037037037037035 0.25925925925925924 0.1111111111111111 0.48148148148148145 
0.14285714285714285 0.42857142857142855 0.14285714285714285 0.14285714285714285 0.14285714285714285 
0.13043478260869565 0.043478260869565216 0.21739130434782608 0.5652173913043478 0.043478260869565216 
0.02702702702702703 0.13513513513513514 0.7837837837837838 0.02702702702702703 0.02702702702702703 
0.3333333333333333 0.047619047619047616 0.047619047619047616 0.5238095238095238 0.047619047619047616 
0.12280701754385964 0.15789473684210525 0.017543859649122806 0.6842105263157895 0.017543859649122806 
0.29411764705882354 0.29411764705882354 0.17647058823529413 0.058823529411764705 0.17647058823529413 
0.02857142857142857 0.4857142857142857 0.2571428571428571 0.2 0.02857142857142857 
0.23809523809523808 0.14285714285714285 0.047619047619047616 0.5238095238095238 0.047619047619047616 
0.21739130434782608 0.6521739130434783 0.043478260869565216 0.043478260869565216 0.043478260869565216 
0.037037037037037035 0.25925925925925924 0.5555555555555556 0.037037037037037035 0.1111111111111111 
0.5384615384615384 0.07692307692307693 0.07692307692307693 0.23076923076923078 0.07692307692307693 
0.04 0.04 0.12 0.76 0.04 
0.1111111111111111 0.1111111111111111 0.3333333333333333 0.1111111111111111 0.3333333333333333 
0.030303030303030304 0.09090909090909091 0.7575757575757576 0.030303030303030304 0.09090909090909091 
0.5294117647058824 0.29411764705882354 0.058823529411764705 0.058823529411764705 0.058823529411764705 
0.5384615384615384 0.23076923076923078 0.07692307692307693 0.07692307692307693 0.07692307692307693 
0.058823529411764705 0.0196078431372549 0.6862745098039216 0.058823529411764705 0.17647058823529413 
0.02857142857142857 0.4857142857142857 0.02857142857142857 0.42857142857142855 0.02857142857142857 
0.09090909090909091 0.030303030303030304 0.030303030303030304 0.030303030303030304 0.8181818181818182 
0.3939393939393939 0.030303030303030304 0.09090909090909091 0.45454545454545453 0.030303030303030304 
0.2571428571428571 0.02857142857142857 0.02857142857142857 0.02857142857142857 0.6571428571428571 
0.018867924528301886 0.018867924528301886 0.5094339622641509 0.018867924528301886 0.4339622641509434 
0.6 0.04 0.12 0.04 0.2 
0.09090909090909091 0.2727272727272727 0.45454545454545453 0.09090909090909091 0.09090909090909091 
0.07692307692307693 0.38461538461538464 0.07692307692307693 0.38461538461538464 0.07692307692307693 
0.06666666666666667 0.06666666666666667 0.2 0.6 0.06666666666666667 
0.06666666666666667 0.06666666666666667 0.2 0.06666666666666667 0.6 
0.07692307692307693 0.07692307692307693 0.38461538461538464 0.07692307692307693 0.38461538461538464 
0.058823529411764705 0.6470588235294118 0.058823529411764705 0.058823529411764705 0.17647058823529413 
0.07692307692307693 0.23076923076923078 0.07692307692307693 0.07692307692307693 0.5384615384615384 
0.22580645161290322 0.4838709677419355 0.03225806451612903 0.03225806451612903 0.22580645161290322 
0.23076923076923078 0.23076923076923078 0.38461538461538464 0.07692307692307693 0.07692307692307693 
0.07692307692307693 0.07692307692307693 0.07692307692307693 0.38461538461538464 0.38461538461538464 
0.07692307692307693 0.38461538461538464 0.07692307692307693 0.38461538461538464 0.07692307692307693 
0.04 0.6 0.12 0.2 0.04 
0.058823529411764705 0.6470588235294118 0.058823529411764705 0.17647058823529413 0.058823529411764705 
0.2571428571428571 0.08571428571428572 0.3142857142857143 0.2571428571428571 0.08571428571428572 
0.16129032258064516 0.03225806451612903 0.22580645161290322 0.03225806451612903 0.5483870967741935 
0.4634146341463415 0.024390243902439025 0.4634146341463415 0.024390243902439025 0.024390243902439025 
0.04 0.12 0.36 0.04 0.44 
0.047619047619047616 0.3333333333333333 0.5238095238095238 0.047619047619047616 0.047619047619047616 
0.09090909090909091 0.45454545454545453 0.09090909090909091 0.2727272727272727 0.09090909090909091 
0.05263157894736842 0.6842105263157895 0.15789473684210525 0.05263157894736842 0.05263157894736842 
0.2727272727272727 0.2727272727272727 0.09090909090909091 0.2727272727272727 0.09090909090909091 
0.1111111111111111 0.037037037037037035 0.7777777777777778 0.037037037037037035 0.037037037037037035 
0.012658227848101266 0.012658227848101266 0.9240506329113924 0.012658227848101266 0.0379746835443038 
0.45454545454545453 0.09090909090909091 0.2727272727272727 0.09090909090909091 0.09090909090909091 
0.07692307692307693 0.07692307692307693 0.6923076923076923 0.07692307692307693 0.07692307692307693 
0.047619047619047616 0.047619047619047616 0.7142857142857143 0.047619047619047616 0.14285714285714285 
0.05263157894736842 0.6842105263157895 0.15789473684210525 0.05263157894736842 0.05263157894736842 
0.18518518518518517 0.037037037037037035 0.25925925925925924 0.48148148148148145 0.037037037037037035 
0.01639344262295082 0.18032786885245902 0.6721311475409836 0.11475409836065574 0.01639344262295082 
0.0196078431372549 0.0196078431372549 0.0196078431372549 0.803921568627451 0.13725490196078433 
0.07692307692307693 0.38461538461538464 0.07692307692307693 0.07692307692307693 0.38461538461538464 
0.06666666666666667 0.6 0.06666666666666667 0.06666666666666667 0.2 
0.047619047619047616 0.14285714285714285 0.6190476190476191 0.14285714285714285 0.047619047619047616 
0.047619047619047616 0.047619047619047616 0.7142857142857143 0.14285714285714285 0.047619047619047616 
0.7142857142857143 0.047619047619047616 0.047619047619047616 0.14285714285714285 0.047619047619047616 
0.24324324324324326 0.13513513513513514 0.24324324324324326 0.13513513513513514 0.24324324324324326 
0.2631578947368421 0.05263157894736842 0.05263157894736842 0.2631578947368421 0.3684210526315789 
0.15789473684210525 0.47368421052631576 0.05263157894736842 0.2631578947368421 0.05263157894736842 
0.01694915254237288 0.0847457627118644 0.6271186440677966 0.2542372881355932 0.01694915254237288 
0.5555555555555556 0.1111111111111111 0.1111111111111111 0.1111111111111111 0.1111111111111111 
0.7142857142857143 0.047619047619047616 0.047619047619047616 0.047619047619047616 0.14285714285714285 
0.6410256410256411 0.02564102564102564 0.07692307692307693 0.07692307692307693 0.1794871794871795 
0.09090909090909091 0.09090909090909091 0.09090909090909091 0.6363636363636364 0.09090909090909091 
0.09090909090909091 0.09090909090909091 0.09090909090909091 0.45454545454545453 0.2727272727272727 
0.23076923076923078 0.07692307692307693 0.07692307692307693 0.38461538461538464 0.23076923076923078 
0.09090909090909091 0.09090909090909091 0.09090909090909091 0.09090909090909091 0.6363636363636364 
0.13043478260869565 0.5652173913043478 0.043478260869565216 0.21739130434782608 0.043478260869565216 
0.2 0.06666666666666667 0.2 0.2 0.3333333333333333 
0.047619047619047616 0.8095238095238095 0.047619047619047616 0.047619047619047616 0.047619047619047616 
0.06666666666666667 0.06666666666666667 0.06666666666666667 0.06666666666666667 0.7333333333333333 
0.16129032258064516 0.22580645161290322 0.5483870967741935 0.03225806451612903 0.03225806451612903 
0.06666666666666667 0.06666666666666667 0.4666666666666667 0.06666666666666667 0.3333333333333333 
0.6 0.06666666666666667 0.06666666666666667 0.06666666666666667 0.2 
0.36 0.04 0.12 0.04 0.44 
0.030303030303030304 0.21212121212121213 0.15151515151515152 0.5757575757575758 0.030303030303030304 
0.07692307692307693 0.07692307692307693 0.23076923076923078 0.07692307692307693 0.5384615384615384 
0.7333333333333333 0.06666666666666667 0.06666666666666667 0.06666666666666667 0.06666666666666667 
0.23809523809523808 0.42857142857142855 0.23809523809523808 0.047619047619047616 0.047619047619047616 
0.07692307692307693 0.48717948717948717 0.38461538461538464 0.02564102564102564 0.02564102564102564 
0.15789473684210525 0.05263157894736842 0.05263157894736842 0.47368421052631576 0.2631578947368421 
0.2727272727272727 0.030303030303030304 0.6363636363636364 0.030303030303030304 0.030303030303030304 
0.06666666666666667 0.06666666666666667 0.06666666666666667 0.2 0.6 
0.04 0.04 0.44 0.36 0.12 
0.043478260869565216 0.30434782608695654 0.5652173913043478 0.043478260869565216 0.043478260869565216 
0.15789473684210525 0.3684210526315789 0.15789473684210525 0.15789473684210525 0.15789473684210525 
0.23076923076923078 0.07692307692307693 0.07692307692307693 0.5384615384615384 0.07692307692307693 
0.07692307692307693 0.23076923076923078 0.23076923076923078 0.23076923076923078 0.23076923076923078 
0.38461538461538464 0.07692307692307693 0.23076923076923078 0.23076923076923078 0.07692307692307693 
0.043478260869565216 0.7391304347826086 0.13043478260869565 0.043478260869565216 0.043478260869565216 
0.047619047619047616 0.047619047619047616 0.6190476190476191 0.23809523809523808 0.047619047619047616 
0.058823529411764705 0.17647058823529413 0.5294117647058824 0.17647058823529413 0.058823529411764705 
0.05263157894736842 0.05263157894736842 0.15789473684210525 0.47368421052631576 0.2631578947368421 
0.5555555555555556 0.1111111111111111 0.1111111111111111 0.1111111111111111 0.1111111111111111 
0.09090909090909091 0.6363636363636364 0.09090909090909091 0.09090909090909091 0.09090909090909091 
0.07692307692307693 0.07692307692307693 0.07692307692307693 0.07692307692307693 0.6923076923076923 
0.07692307692307693 0.5384615384615384 0.07692307692307693 0.07692307692307693 0.23076923076923078 
0.4666666666666667 0.06666666666666667 0.3333333333333333 0.06666666666666667 0.06666666666666667 
0.09090909090909091 0.09090909090909091 0.6363636363636364 0.09090909090909091 0.09090909090909091 
0.13513513513513514 0.02702702702702703 0.7297297297297297 0.02702702702702703 0.08108108108108109 
0.07692307692307693 0.07692307692307693 0.6923076923076923 0.07692307692307693 0.07692307692307693 
0.09090909090909091 0.09090909090909091 0.6363636363636364 0.09090909090909091 0.09090909090909091 
0.06666666666666667 0.2 0.4666666666666667 0.2 0.06666666666666667 
0.07692307692307693 0.6923076923076923 0.07692307692307693 0.07692307692307693 0.07692307692307693 
0.06666666666666667 0.3333333333333333 0.06666666666666667 0.06666666666666667 0.4666666666666667 
0.05263157894736842 0.05263157894736842 0.7894736842105263 0.05263157894736842 0.05263157894736842 
0.06666666666666667 0.06666666666666667 0.7333333333333333 0.06666666666666667 0.06666666666666667 
0.047619047619047616 0.14285714285714285 0.7142857142857143 0.047619047619047616 0.047619047619047616 
0.15789473684210525 0.15789473684210525 0.47368421052631576 0.15789473684210525 0.05263157894736842 
0.09090909090909091 0.09090909090909091 0.2727272727272727 0.45454545454545453 0.09090909090909091 
0.034482758620689655 0.034482758620689655 0.7241379310344828 0.034482758620689655 0.1724137931034483 
0.13043478260869565 0.4782608695652174 0.13043478260869565 0.043478260869565216 0.21739130434782608 
0.043478260869565216 0.5652173913043478 0.30434782608695654 0.043478260869565216 0.043478260869565216 
0.13043478260869565 0.4782608695652174 0.30434782608695654 0.043478260869565216 0.043478260869565216 
0.04 0.44 0.36 0.04 0.12 
0.3333333333333333 0.06666666666666667 0.2 0.3333333333333333 0.06666666666666667 
0.06666666666666667 0.7333333333333333 0.06666666666666667 0.06666666666666667 0.06666666666666667 
0.11578947368421053 0.031578947368421054 0.5578947368421052 0.010526315789473684 0.28421052631578947 
0.36 0.12 0.2 0.28 0.04 
0.06666666666666667 0.06666666666666667 0.06666666666666667 0.06666666666666667 0.7333333333333333 
0.030303030303030304 0.09090909090909091 0.696969696969697 0.030303030303030304 0.15151515151515152 
0.02857142857142857 0.2571428571428571 0.37142857142857144 0.08571428571428572 0.2571428571428571 
0.1111111111111111 0.3333333333333333 0.1111111111111111 0.3333333333333333 0.1111111111111111 
0.043478260869565216 0.043478260869565216 0.5652173913043478 0.21739130434782608 0.13043478260869565 
0.1282051282051282 0.07692307692307693 0.23076923076923078 0.5384615384615384 0.02564102564102564 
0.28 0.28 0.12 0.2 0.12 
0.32075471698113206 0.05660377358490566 0.018867924528301886 0.2830188679245283 0.32075471698113206 
0.018867924528301886 0.2830188679245283 0.09433962264150944 0.5849056603773585 0.018867924528301886 
0.06666666666666667 0.06666666666666667 0.06666666666666667 0.2 0.6 
0.04 0.12 0.36 0.12 0.36 
0.05263157894736842 0.5789473684210527 0.05263157894736842 0.2631578947368421 0.05263157894736842 
0.037037037037037035 0.1111111111111111 0.037037037037037035 0.6296296296296297 0.18518518518518517 
0.15789473684210525 0.05263157894736842 0.6842105263157895 0.05263157894736842 0.05263157894736842 
0.7560975609756098 0.12195121951219512 0.024390243902439025 0.024390243902439025 0.07317073170731707 
0.6363636363636364 0.09090909090909091 0.09090909090909091 0.09090909090909091 0.09090909090909091 
0.5238095238095238 0.047619047619047616 0.14285714285714285 0.047619047619047616 0.23809523809523808 
0.14285714285714285 0.047619047619047616 0.047619047619047616 0.7142857142857143 0.047619047619047616 
0.09090909090909091 0.09090909090909091 0.09090909090909091 0.09090909090909091 0.6363636363636364 
0.047619047619047616 0.047619047619047616 0.5238095238095238 0.3333333333333333 0.047619047619047616 
0.6470588235294118 0.058823529411764705 0.058823529411764705 0.17647058823529413 0.058823529411764705 
0.043478260869565216 0.043478260869565216 0.043478260869565216 0.7391304347826086 0.13043478260869565 
0.7142857142857143 0.047619047619047616 0.047619047619047616 0.14285714285714285 0.047619047619047616 
0.037037037037037035 0.48148148148148145 0.037037037037037035 0.4074074074074074 0.037037037037037035 
0.5172413793103449 0.034482758620689655 0.034482758620689655 0.034482758620689655 0.3793103448275862 
0.30612244897959184 0.10204081632653061 0.02040816326530612 0.42857142857142855 0.14285714285714285 
0.14285714285714285 0.7142857142857143 0.061224489795918366 0.02040816326530612 0.061224489795918366 
0.07317073170731707 0.36585365853658536 0.12195121951219512 0.4146341463414634 0.024390243902439025 
0.36 0.04 0.12 0.44 0.04 
0.13043478260869565 0.043478260869565216 0.043478260869565216 0.7391304347826086 0.043478260869565216 
0.4666666666666667 0.06666666666666667 0.06666666666666667 0.2 0.2 
0.14285714285714285 0.047619047619047616 0.23809523809523808 0.5238095238095238 0.047619047619047616 
0.037037037037037035 0.037037037037037035 0.037037037037037035 0.5555555555555556 0.3333333333333333 
0.07692307692307693 0.07692307692307693 0.07692307692307693 0.07692307692307693 0.6923076923076923 
0.058823529411764705 0.7647058823529411 0.058823529411764705 0.058823529411764705 0.058823529411764705 
0.07692307692307693 0.38461538461538464 0.07692307692307693 0.07692307692307693 0.38461538461538464 
0.23076923076923078 0.23076923076923078 0.23076923076923078 0.23076923076923078 0.07692307692307693 
0.4666666666666667 0.2 0.2 0.06666666666666667 0.06666666666666667 
0.043478260869565216 0.21739130434782608 0.6521739130434783 0.043478260869565216 0.043478260869565216 
0.024390243902439025 0.7560975609756098 0.12195121951219512 0.07317073170731707 0.024390243902439025 
0.043478260869565216 0.13043478260869565 0.043478260869565216 0.043478260869565216 0.7391304347826086 
0.45454545454545453 0.21212121212121213 0.2727272727272727 0.030303030303030304 0.030303030303030304 
0.23809523809523808 0.047619047619047616 0.047619047619047616 0.047619047619047616 0.6190476190476191 
0.23076923076923078 0.07692307692307693 0.07692307692307693 0.5384615384615384 0.07692307692307693 
0.12 0.68 0.04 0.12 0.04 
0.043478260869565216 0.4782608695652174 0.391304347826087 0.043478260869565216 0.043478260869565216 
0.1111111111111111 0.1111111111111111 0.1111111111111111 0.5555555555555556 0.1111111111111111 
0.06666666666666667 0.06666666666666667 0.6 0.2 0.06666666666666667 
0.6363636363636364 0.09090909090909091 0.09090909090909091 0.09090909090909091 0.09090909090909091 
0.058823529411764705 0.058823529411764705 0.058823529411764705 0.7647058823529411 0.058823529411764705 
0.06666666666666667 0.06666666666666667 0.06666666666666667 0.06666666666666667 0.7333333333333333 
0.3333333333333333 0.3333333333333333 0.1111111111111111 0.1111111111111111 0.1111111111111111 
0.1111111111111111 0.3333333333333333 0.1111111111111111 0.3333333333333333 0.1111111111111111 
0.06666666666666667 0.7333333333333333 0.06666666666666667 0.06666666666666667 0.06666666666666667 
0.23076923076923078 0.07692307692307693 0.07692307692307693 0.07692307692307693 0.5384615384615384 
0.1111111111111111 0.5555555555555556 0.037037037037037035 0.25925925925925924 0.037037037037037035 
0.04 0.04 0.84 0.04 0.04 
0.29411764705882354 0.058823529411764705 0.29411764705882354 0.17647058823529413 0.17647058823529413 
0.04 0.04 0.04 0.12 0.76 
0.06666666666666667 0.2 0.2 0.06666666666666667 0.4666666666666667 
0.07692307692307693 0.23076923076923078 0.07692307692307693 0.07692307692307693 0.5384615384615384 
0.06666666666666667 0.7333333333333333 0.06666666666666667 0.06666666666666667 0.06666666666666667 
0.42857142857142855 0.23809523809523808 0.047619047619047616 0.047619047619047616 0.23809523809523808 
0.2631578947368421 0.2631578947368421 0.05263157894736842 0.2631578947368421 0.15789473684210525 
0.15789473684210525 0.5789473684210527 0.05263157894736842 0.05263157894736842 0.15789473684210525 
0.09090909090909091 0.09090909090909091 0.09090909090909091 0.09090909090909091 0.6363636363636364 
0.07692307692307693 0.07692307692307693 0.07692307692307693 0.6923076923076923 0.07692307692307693 
0.07692307692307693 0.07692307692307693 0.23076923076923078 0.5384615384615384 0.07692307692307693 
0.07692307692307693 0.07692307692307693 0.07692307692307693 0.07692307692307693 0.6923076923076923 
0.7333333333333333 0.06666666666666667 0.06666666666666667 0.06666666666666667 0.06666666666666667 
0.047619047619047616 0.6190476190476191 0.047619047619047616 0.23809523809523808 0.047619047619047616 
0.6470588235294118 0.058823529411764705 0.17647058823529413 0.058823529411764705 0.058823529411764705 
0.17647058823529413 0.058823529411764705 0.058823529411764705 0.29411764705882354 0.4117647058823529 
0.29411764705882354 0.5294117647058824 0.058823529411764705 0.058823529411764705 0.058823529411764705 
0.15789473684210525 0.6842105263157895 0.05263157894736842 0.05263157894736842 0.05263157894736842 
0.30434782608695654 0.043478260869565216 0.4782608695652174 0.13043478260869565 0.043478260869565216 
0.09090909090909091 0.09090909090909091 0.09090909090909091 0.09090909090909091 0.6363636363636364 
0.23076923076923078 0.07692307692307693 0.5384615384615384 0.07692307692307693 0.07692307692307693 
0.6842105263157895 0.05263157894736842 0.05263157894736842 0.15789473684210525 0.05263157894736842 
0.058823529411764705 0.5294117647058824 0.29411764705882354 0.058823529411764705 0.058823529411764705 
0.09090909090909091 0.09090909090909091 0.09090909090909091 0.09090909090909091 0.6363636363636364 
0.4117647058823529 0.058823529411764705 0.17647058823529413 0.17647058823529413 0.17647058823529413 
0.047619047619047616 0.14285714285714285 0.3333333333333333 0.42857142857142855 0.047619047619047616 
0.04225352112676056 0.4647887323943662 0.43661971830985913 0.04225352112676056 0.014084507042253521 
0.7647058823529411 0.058823529411764705 0.058823529411764705 0.058823529411764705 0.058823529411764705 
0.043478260869565216 0.5652173913043478 0.043478260869565216 0.13043478260869565 0.21739130434782608 
0.5384615384615384 0.07692307692307693 0.07692307692307693 0.07692307692307693 0.23076923076923078 
0.7391304347826086 0.043478260869565216 0.13043478260869565 0.043478260869565216 0.043478260869565216 
0.6571428571428571 0.02857142857142857 0.2571428571428571 0.02857142857142857 0.02857142857142857 
0.23809523809523808 0.047619047619047616 0.047619047619047616 0.047619047619047616 0.6190476190476191 
0.058823529411764705 0.4117647058823529 0.4117647058823529 0.058823529411764705 0.058823529411764705 
0.07692307692307693 0.5384615384615384 0.1282051282051282 0.1794871794871795 0.07692307692307693 
0.84 0.04 0.04 0.04 0.04 
0.45454545454545453 0.09090909090909091 0.2727272727272727 0.09090909090909091 0.09090909090909091 
0.6842105263157895 0.05263157894736842 0.05263157894736842 0.05263157894736842 0.15789473684210525 
0.76 0.12 0.04 0.04 0.04 
0.2 0.06666666666666667 0.06666666666666667 0.06666666666666667 0.6 
0.2727272727272727 0.09090909090909091 0.09090909090909091 0.2727272727272727 0.2727272727272727 
0.22580645161290322 0.4838709677419355 0.03225806451612903 0.16129032258064516 0.0967741935483871 
0.29411764705882354 0.058823529411764705 0.4117647058823529 0.17647058823529413 0.058823529411764705 
0.2 0.06666666666666667 0.6 0.06666666666666667 0.06666666666666667 
0.7391304347826086 0.13043478260869565 0.043478260869565216 0.043478260869565216 0.043478260869565216 
0.30434782608695654 0.043478260869565216 0.13043478260869565 0.13043478260869565 0.391304347826087 
0.043478260869565216 0.5652173913043478 0.043478260869565216 0.043478260869565216 0.30434782608695654 
0.5384615384615384 0.07692307692307693 0.07692307692307693 0.23076923076923078 0.07692307692307693 
0.034482758620689655 0.034482758620689655 0.4482758620689655 0.2413793103448276 0.2413793103448276 
0.2727272727272727 0.2727272727272727 0.2727272727272727 0.09090909090909091 0.09090909090909091 
0.043478260869565216 0.6521739130434783 0.21739130434782608 0.043478260869565216 0.043478260869565216 
0.15789473684210525 0.3684210526315789 0.15789473684210525 0.05263157894736842 0.2631578947368421 
0.8260869565217391 0.043478260869565216 0.043478260869565216 0.043478260869565216 0.043478260869565216 
0.17647058823529413 0.058823529411764705 0.4117647058823529 0.058823529411764705 0.29411764705882354 
0.42857142857142855 0.14285714285714285 0.047619047619047616 0.3333333333333333 0.047619047619047616 
0.043478260869565216 0.8260869565217391 0.043478260869565216 0.043478260869565216 0.043478260869565216 
0.2 0.2 0.44 0.12 0.04 
0.047619047619047616 0.14285714285714285 0.047619047619047616 0.047619047619047616 0.7142857142857143 
0.29411764705882354 0.5294117647058824 0.058823529411764705 0.058823529411764705 0.058823529411764705 
0.1724137931034483 0.10344827586206896 0.3103448275862069 0.10344827586206896 0.3103448275862069 
0.17647058823529413 0.058823529411764705 0.29411764705882354 0.058823529411764705 0.4117647058823529 
0.1111111111111111 0.5555555555555556 0.1111111111111111 0.1111111111111111 0.1111111111111111 
0.043478260869565216 0.4782608695652174 0.043478260869565216 0.391304347826087 0.043478260869565216 
0.17647058823529413 0.058823529411764705 0.5294117647058824 0.17647058823529413 0.058823529411764705 
0.024390243902439025 0.7560975609756098 0.17073170731707318 0.024390243902439025 0.024390243902439025 
0.6 0.06666666666666667 0.06666666666666667 0.2 0.06666666666666667 
0.07692307692307693 0.07692307692307693 0.07692307692307693 0.07692307692307693 0.6923076923076923 
0.09090909090909091 0.45454545454545453 0.2727272727272727 0.09090909090909091 0.09090909090909091 
0.08108108108108109 0.02702702702702703 0.13513513513513514 0.08108108108108109 0.6756756756756757 
0.037037037037037035 0.037037037037037035 0.037037037037037035 0.7777777777777778 0.1111111111111111 
0.030303030303030304 0.15151515151515152 0.030303030303030304 0.7575757575757576 0.030303030303030304 
0.1111111111111111 0.3333333333333333 0.1111111111111111 0.3333333333333333 0.1111111111111111 
0.35135135135135137 0.02702702702702703 0.08108108108108109 0.5135135135135135 0.02702702702702703 
0.38461538461538464 0.07692307692307693 0.38461538461538464 0.07692307692307693 0.07692307692307693 
0.024390243902439025 0.7560975609756098 0.024390243902439025 0.17073170731707318 0.024390243902439025 
0.23076923076923078 0.07692307692307693 0.5384615384615384 0.07692307692307693 0.07692307692307693 
0.04 0.12 0.04 0.2 0.6 
0.043478260869565216 0.043478260869565216 0.043478260869565216 0.8260869565217391 0.043478260869565216 
0.0684931506849315 0.3424657534246575 0.1232876712328767 0.3698630136986301 0.0958904109589041 
0.7647058823529411 0.058823529411764705 0.058823529411764705 0.058823529411764705 0.058823529411764705 
0.06666666666666667 0.6 0.06666666666666667 0.2 0.06666666666666667 
0.043478260869565216 0.391304347826087 0.043478260869565216 0.043478260869565216 0.4782608695652174 
0.6 0.06666666666666667 0.2 0.06666666666666667 0.06666666666666667 
0.023255813953488372 0.16279069767441862 0.06976744186046512 0.7209302325581395 0.023255813953488372 
0.8260869565217391 0.043478260869565216 0.043478260869565216 0.043478260869565216 0.043478260869565216 
0.15789473684210525 0.15789473684210525 0.5789473684210527 0.05263157894736842 0.05263157894736842 
0.1111111111111111 0.1111111111111111 0.5555555555555556 0.1111111111111111 0.1111111111111111 
0.02564102564102564 0.5384615384615384 0.02564102564102564 0.38461538461538464 0.02564102564102564 
0.07692307692307693 0.38461538461538464 0.07692307692307693 0.07692307692307693 0.38461538461538464 
0.2345679012345679 0.037037037037037035 0.2345679012345679 0.48148148148148145 0.012345679012345678 
0.04 0.04 0.2 0.68 0.04 
0.06666666666666667 0.3333333333333333 0.3333333333333333 0.2 0.06666666666666667 
0.043478260869565216 0.043478260869565216 0.8260869565217391 0.043478260869565216 0.043478260869565216 
0.07692307692307693 0.07692307692307693 0.6923076923076923 0.07692307692307693 0.07692307692307693 
0.043478260869565216 0.13043478260869565 0.7391304347826086 0.043478260869565216 0.043478260869565216 
0.4117647058823529 0.058823529411764705 0.4117647058823529 0.058823529411764705 0.058823529411764705 
0.13513513513513514 0.5135135135135135 0.13513513513513514 0.08108108108108109 0.13513513513513514 
0.07692307692307693 0.07692307692307693 0.07692307692307693 0.6923076923076923 0.07692307692307693 
0.043478260869565216 0.043478260869565216 0.043478260869565216 0.8260869565217391 0.043478260869565216 
0.2 0.06666666666666667 0.06666666666666667 0.4666666666666667 0.2 
0.6923076923076923 0.07692307692307693 0.07692307692307693 0.07692307692307693 0.07692307692307693 
0.23076923076923078 0.07692307692307693 0.07692307692307693 0.5384615384615384 0.07692307692307693 
0.09090909090909091 0.2727272727272727 0.45454545454545453 0.09090909090909091 0.09090909090909091 
0.030303030303030304 0.3939393939393939 0.09090909090909091 0.15151515151515152 0.3333333333333333 
0.7037037037037037 0.037037037037037035 0.18518518518518517 0.037037037037037035 0.037037037037037035 
0.02702702702702703 0.5135135135135135 0.02702702702702703 0.40540540540540543 0.02702702702702703 
0.034482758620689655 0.6551724137931034 0.034482758620689655 0.2413793103448276 0.034482758620689655 
0.07692307692307693 0.07692307692307693 0.07692307692307693 0.07692307692307693 0.6923076923076923 
0.02702702702702703 0.1891891891891892 0.1891891891891892 0.5675675675675675 0.02702702702702703 
0.6363636363636364 0.09090909090909091 0.09090909090909091 0.09090909090909091 0.09090909090909091 
0.07692307692307693 0.6923076923076923 0.07692307692307693 0.07692307692307693 0.07692307692307693 
0.030303030303030304 0.7575757575757576 0.030303030303030304 0.09090909090909091 0.09090909090909091 
0.2413793103448276 0.3103448275862069 0.034482758620689655 0.10344827586206896 0.3103448275862069 
0.24324324324324326 0.02702702702702703 0.2972972972972973 0.40540540540540543 0.02702702702702703 
0.42168674698795183 0.012048192771084338 0.03614457831325301 0.5180722891566265 0.012048192771084338 
0.037037037037037035 0.7777777777777778 0.037037037037037035 0.1111111111111111 0.037037037037037035 
0.043478260869565216 0.391304347826087 0.391304347826087 0.13043478260869565 0.043478260869565216 
0.02857142857142857 0.6571428571428571 0.2571428571428571 0.02857142857142857 0.02857142857142857 
0.6470588235294118 0.17647058823529413 0.058823529411764705 0.058823529411764705 0.058823529411764705 
0.5862068965517241 0.034482758620689655 0.10344827586206896 0.2413793103448276 0.034482758620689655 
0.17647058823529413 0.058823529411764705 0.058823529411764705 0.6470588235294118 0.058823529411764705 
0.07692307692307693 0.07692307692307693 0.47692307692307695 0.35384615384615387 0.015384615384615385 
0.03225806451612903 0.03225806451612903 0.03225806451612903 0.6774193548387096 0.22580645161290322 
0.05263157894736842 0.3684210526315789 0.05263157894736842 0.15789473684210525 0.3684210526315789 
0.7333333333333333 0.06666666666666667 0.06666666666666667 0.06666666666666667 0.06666666666666667 
0.030303030303030304 0.030303030303030304 0.21212121212121213 0.696969696969697 0.030303030303030304 
0.05263157894736842 0.3684210526315789 0.3684210526315789 0.15789473684210525 0.05263157894736842 
0.04477611940298507 0.1044776119402985 0.373134328358209 0.40298507462686567 0.07462686567164178 
0.07692307692307693 0.07692307692307693 0.23076923076923078 0.07692307692307693 0.5384615384615384 
0.04 0.2 0.12 0.6 0.04 
0.16129032258064516 0.2903225806451613 0.41935483870967744 0.0967741935483871 0.03225806451612903 
0.1111111111111111 0.1111111111111111 0.1111111111111111 0.3333333333333333 0.3333333333333333 
0.1111111111111111 0.1111111111111111 0.1111111111111111 0.5555555555555556 0.1111111111111111 
0.01639344262295082 0.01639344262295082 0.4098360655737705 0.5409836065573771 0.01639344262295082 
0.037037037037037035 0.1111111111111111 0.7777777777777778 0.037037037037037035 0.037037037037037035 
0.04477611940298507 0.34328358208955223 0.16417910447761194 0.40298507462686567 0.04477611940298507 
0.4666666666666667 0.24444444444444444 0.15555555555555556 0.06666666666666667 0.06666666666666667 
0.047619047619047616 0.047619047619047616 0.047619047619047616 0.8095238095238095 0.047619047619047616 
0.07936507936507936 0.07936507936507936 0.1111111111111111 0.3968253968253968 0.3333333333333333 
0.8095238095238095 0.047619047619047616 0.047619047619047616 0.047619047619047616 0.047619047619047616 
0.04 0.04 0.28 0.6 0.04 
0.07692307692307693 0.07692307692307693 0.6923076923076923 0.07692307692307693 0.07692307692307693 
0.1111111111111111 0.3333333333333333 0.3333333333333333 0.1111111111111111 0.1111111111111111 
0.047619047619047616 0.047619047619047616 0.14285714285714285 0.14285714285714285 0.6190476190476191 
0.022222222222222223 0.37777777777777777 0.1111111111111111 0.4666666666666667 0.022222222222222223 
0.4482758620689655 0.1724137931034483 0.034482758620689655 0.10344827586206896 0.2413793103448276 
0.018867924528301886 0.09433962264150944 0.018867924528301886 0.8113207547169812 0.05660377358490566 
0.1111111111111111 0.1111111111111111 0.5555555555555556 0.1111111111111111 0.1111111111111111 
0.2903225806451613 0.03225806451612903 0.03225806451612903 0.6129032258064516 0.03225806451612903 
0.1111111111111111 0.1111111111111111 0.1111111111111111 0.5555555555555556 0.1111111111111111 
0.2727272727272727 0.09090909090909091 0.45454545454545453 0.09090909090909091 0.09090909090909091 
0.15789473684210525 0.15789473684210525 0.5789473684210527 0.05263157894736842 0.05263157894736842 
0.5384615384615384 0.07692307692307693 0.23076923076923078 0.07692307692307693 0.07692307692307693 
0.38461538461538464 0.07692307692307693 0.07692307692307693 0.38461538461538464 0.07692307692307693 
0.09090909090909091 0.6363636363636364 0.09090909090909091 0.09090909090909091 0.09090909090909091 
0.1111111111111111 0.1111111111111111 0.1111111111111111 0.1111111111111111 0.5555555555555556 
0.1111111111111111 0.1111111111111111 0.1111111111111111 0.5555555555555556 0.1111111111111111 
0.043478260869565216 0.043478260869565216 0.043478260869565216 0.8260869565217391 0.043478260869565216 
0.043478260869565216 0.5652173913043478 0.043478260869565216 0.043478260869565216 0.30434782608695654 
0.12 0.44 0.12 0.28 0.04 
0.07692307692307693 0.5384615384615384 0.07692307692307693 0.07692307692307693 0.23076923076923078 
0.037037037037037035 0.037037037037037035 0.037037037037037035 0.7037037037037037 0.18518518518518517 
0.07692307692307693 0.38461538461538464 0.07692307692307693 0.38461538461538464 0.07692307692307693 
0.16129032258064516 0.03225806451612903 0.03225806451612903 0.5483870967741935 0.22580645161290322 
0.058823529411764705 0.29411764705882354 0.5294117647058824 0.058823529411764705 0.058823529411764705 
0.2903225806451613 0.03225806451612903 0.03225806451612903 0.5483870967741935 0.0967741935483871 
0.030303030303030304 0.3333333333333333 0.09090909090909091 0.5151515151515151 0.030303030303030304 
0.09090909090909091 0.09090909090909091 0.09090909090909091 0.09090909090909091 0.6363636363636364 
0.043478260869565216 0.6521739130434783 0.043478260869565216 0.13043478260869565 0.13043478260869565 
0.037037037037037035 0.037037037037037035 0.037037037037037035 0.7777777777777778 0.1111111111111111 
0.06976744186046512 0.023255813953488372 0.5348837209302325 0.3488372093023256 0.023255813953488372 
0.058823529411764705 0.058823529411764705 0.7647058823529411 0.058823529411764705 0.058823529411764705 
0.030303030303030304 0.3939393939393939 0.030303030303030304 0.5151515151515151 0.030303030303030304 
0.5555555555555556 0.1111111111111111 0.1111111111111111 0.1111111111111111 0.1111111111111111 
0.3684210526315789 0.05263157894736842 0.05263157894736842 0.05263157894736842 0.47368421052631576 
0.043478260869565216 0.21739130434782608 0.043478260869565216 0.6521739130434783 0.043478260869565216 
0.23809523809523808 0.14285714285714285 0.047619047619047616 0.5238095238095238 0.047619047619047616 
0.5555555555555556 0.1111111111111111 0.1111111111111111 0.1111111111111111 0.1111111111111111 
0.3333333333333333 0.06666666666666667 0.06666666666666667 0.06666666666666667 0.4666666666666667 
0.6923076923076923 0.07692307692307693 0.07692307692307693 0.07692307692307693 0.07692307692307693 
0.04 0.2 0.04 0.68 0.04 
