0.015873015873015872 0.015873015873015872 0.015873015873015872 0.015873015873015872 0.047619047619047616 0.015873015873015872 0.015873015873015872 0.1111111111111111 0.015873015873015872 0.015873015873015872 0.23809523809523808 0.015873015873015872 0.015873015873015872 0.07936507936507936 0.015873015873015872 0.07936507936507936 0.015873015873015872 0.047619047619047616 0.015873015873015872 0.015873015873015872 0.015873015873015872 0.07936507936507936 0.047619047619047616 0.015873015873015872 0.015873015873015872 
0.02564102564102564 0.02564102564102564 0.02564102564102564 0.02564102564102564 0.02564102564102564 0.02564102564102564 0.1282051282051282 0.02564102564102564 0.07692307692307693 0.02564102564102564 0.02564102564102564 0.02564102564102564 0.02564102564102564 0.02564102564102564 0.02564102564102564 0.02564102564102564 0.02564102564102564 0.07692307692307693 0.02564102564102564 0.07692307692307693 0.07692307692307693 0.07692307692307693 0.02564102564102564 0.02564102564102564 0.02564102564102564 
0.02857142857142857 0.02857142857142857 0.02857142857142857 0.02857142857142857 0.02857142857142857 0.02857142857142857 0.02857142857142857 0.02857142857142857 0.08571428571428572 0.02857142857142857 0.08571428571428572 0.02857142857142857 0.02857142857142857 0.02857142857142857 0.02857142857142857 0.2 0.02857142857142857 0.02857142857142857 0.02857142857142857 0.02857142857142857 0.02857142857142857 0.02857142857142857 0.02857142857142857 0.02857142857142857 0.02857142857142857 
0.02040816326530612 0.10204081632653061 0.02040816326530612 0.02040816326530612 0.02040816326530612 0.02040816326530612 0.061224489795918366 0.02040816326530612 0.02040816326530612 0.02040816326530612 0.02040816326530612 0.02040816326530612 0.02040816326530612 0.02040816326530612 0.02040816326530612 0.10204081632653061 0.061224489795918366 0.02040816326530612 0.02040816326530612 0.14285714285714285 0.061224489795918366 0.02040816326530612 0.02040816326530612 0.10204081632653061 0.02040816326530612 
0.03225806451612903 0.03225806451612903 0.03225806451612903 0.03225806451612903 0.03225806451612903 0.03225806451612903 0.03225806451612903 0.03225806451612903 0.03225806451612903 0.03225806451612903 0.03225806451612903 0.03225806451612903 0.03225806451612903 0.16129032258064516 0.03225806451612903 0.03225806451612903 0.03225806451612903 0.0967741935483871 0.03225806451612903 0.03225806451612903 0.03225806451612903 0.03225806451612903 0.03225806451612903 0.03225806451612903 0.03225806451612903 
0.061224489795918366 0.02040816326530612 0.10204081632653061 0.02040816326530612 0.02040816326530612 0.02040816326530612 0.061224489795918366 0.02040816326530612 0.02040816326530612 0.02040816326530612 0.10204081632653061 0.02040816326530612 0.02040816326530612 0.061224489795918366 0.02040816326530612 0.02040816326530612 0.02040816326530612 0.02040816326530612 0.02040816326530612 0.02040816326530612 0.02040816326530612 0.061224489795918366 0.1836734693877551 0.02040816326530612 0.02040816326530612 
0.023255813953488372 0.023255813953488372 0.023255813953488372 0.023255813953488372 0.023255813953488372 0.11627906976744186 0.11627906976744186 0.023255813953488372 0.023255813953488372 0.023255813953488372 0.2558139534883721 0.023255813953488372 0.023255813953488372 0.023255813953488372 0.023255813953488372 0.023255813953488372 0.023255813953488372 0.023255813953488372 0.023255813953488372 0.023255813953488372 0.023255813953488372 0.023255813953488372 0.023255813953488372 0.023255813953488372 0.023255813953488372 
0.0196078431372549 0.0196078431372549 0.0196078431372549 0.0196078431372549 0.0196078431372549 0.0196078431372549 0.09803921568627451 0.058823529411764705 0.0196078431372549 0.0196078431372549 0.29411764705882354 0.0196078431372549 0.0196078431372549 0.0196078431372549 0.0196078431372549 0.0196078431372549 0.09803921568627451 0.0196078431372549 0.0196078431372549 0.058823529411764705 0.0196078431372549 0.0196078431372549 0.0196078431372549 0.0196078431372549 0.0196078431372549 
0.034482758620689655 0.10344827586206896 0.034482758620689655 0.034482758620689655 0.034482758620689655 0.034482758620689655 0.034482758620689655 0.034482758620689655 0.034482758620689655 0.034482758620689655 0.034482758620689655 0.034482758620689655 0.034482758620689655 0.034482758620689655 0.10344827586206896 0.034482758620689655 0.034482758620689655 0.034482758620689655 0.034482758620689655 0.034482758620689655 0.034482758620689655 0.034482758620689655 0.034482758620689655 0.034482758620689655 0.034482758620689655 
0.023255813953488372 0.023255813953488372 0.023255813953488372 0.023255813953488372 0.023255813953488372 0.11627906976744186 0.023255813953488372 0.023255813953488372 0.06976744186046512 0.023255813953488372 0.2558139534883721 0.023255813953488372 0.023255813953488372 0.023255813953488372 0.023255813953488372 0.023255813953488372 0.023255813953488372 0.023255813953488372 0.023255813953488372 0.023255813953488372 0.06976744186046512 0.023255813953488372 0.023255813953488372 0.023255813953488372 0.023255813953488372 
0.017543859649122806 0.017543859649122806 0.017543859649122806 0.017543859649122806 0.12280701754385964 0.017543859649122806 0.017543859649122806 0.017543859649122806 0.017543859649122806 0.017543859649122806 0.22807017543859648 0.017543859649122806 0.05263157894736842 0.017543859649122806 0.017543859649122806 0.017543859649122806 0.017543859649122806 0.05263157894736842 0.15789473684210525 0.017543859649122806 0.017543859649122806 0.017543859649122806 0.017543859649122806 0.05263157894736842 0.017543859649122806 
0.02702702702702703 0.02702702702702703 0.08108108108108109 0.02702702702702703 0.08108108108108109 0.02702702702702703 0.02702702702702703 0.02702702702702703 0.13513513513513514 0.02702702702702703 0.08108108108108109 0.02702702702702703 0.02702702702702703 0.02702702702702703 0.02702702702702703 0.02702702702702703 0.02702702702702703 0.02702702702702703 0.02702702702702703 0.02702702702702703 0.02702702702702703 0.08108108108108109 0.02702702702702703 0.02702702702702703 0.02702702702702703 
0.02564102564102564 0.02564102564102564 0.02564102564102564 0.07692307692307693 0.02564102564102564 0.07692307692307693 0.02564102564102564 0.02564102564102564 0.02564102564102564 0.1282051282051282 0.02564102564102564 0.02564102564102564 0.02564102564102564 0.02564102564102564 0.02564102564102564 0.1282051282051282 0.02564102564102564 0.02564102564102564 0.02564102564102564 0.02564102564102564 0.02564102564102564 0.02564102564102564 0.07692307692307693 0.02564102564102564 0.02564102564102564 
0.03225806451612903 0.03225806451612903 0.03225806451612903 0.03225806451612903 0.03225806451612903 0.03225806451612903 0.22580645161290322 0.03225806451612903 0.03225806451612903 0.03225806451612903 0.03225806451612903 0.03225806451612903 0.03225806451612903 0.03225806451612903 0.03225806451612903 0.03225806451612903 0.03225806451612903 0.03225806451612903 0.03225806451612903 0.03225806451612903 0.03225806451612903 0.03225806451612903 0.03225806451612903 0.03225806451612903 0.03225806451612903 
0.058823529411764705 0.0196078431372549 0.0196078431372549 0.0196078431372549 0.0196078431372549 0.0196078431372549 0.0196078431372549 0.0196078431372549 0.058823529411764705 0.0196078431372549 0.058823529411764705 0.0196078431372549 0.0196078431372549 0.0196078431372549 0.0196078431372549 0.0196078431372549 0.0196078431372549 0.058823529411764705 0.0196078431372549 0.29411764705882354 0.058823529411764705 0.0196078431372549 0.0196078431372549 0.0196078431372549 0.058823529411764705 
0.03225806451612903 0.03225806451612903 0.03225806451612903 0.03225806451612903 0.03225806451612903 0.03225806451612903 0.03225806451612903 0.16129032258064516 0.03225806451612903 0.03225806451612903 0.03225806451612903 0.03225806451612903 0.03225806451612903 0.0967741935483871 0.03225806451612903 0.03225806451612903 0.03225806451612903 0.03225806451612903 0.03225806451612903 0.03225806451612903 0.03225806451612903 0.03225806451612903 0.03225806451612903 0.03225806451612903 0.03225806451612903 
0.05454545454545454 0.05454545454545454 0.01818181818181818 0.01818181818181818 0.01818181818181818 0.01818181818181818 0.01818181818181818 0.01818181818181818 0.09090909090909091 0.01818181818181818 0.16363636363636364 0.01818181818181818 0.01818181818181818 0.01818181818181818 0.01818181818181818 0.09090909090909091 0.05454545454545454 0.12727272727272726 0.01818181818181818 0.01818181818181818 0.01818181818181818 0.01818181818181818 0.01818181818181818 0.01818181818181818 0.05454545454545454 
0.022222222222222223 0.022222222222222223 0.022222222222222223 0.022222222222222223 0.022222222222222223 0.022222222222222223 0.022222222222222223 0.022222222222222223 0.022222222222222223 0.24444444444444444 0.022222222222222223 0.022222222222222223 0.022222222222222223 0.022222222222222223 0.022222222222222223 0.06666666666666667 0.06666666666666667 0.06666666666666667 0.022222222222222223 0.022222222222222223 0.022222222222222223 0.022222222222222223 0.022222222222222223 0.022222222222222223 0.1111111111111111 
0.15151515151515152 0.030303030303030304 0.030303030303030304 0.030303030303030304 0.030303030303030304 0.030303030303030304 0.030303030303030304 0.030303030303030304 0.030303030303030304 0.09090909090909091 0.09090909090909091 0.030303030303030304 0.030303030303030304 0.030303030303030304 0.030303030303030304 0.030303030303030304 0.030303030303030304 0.030303030303030304 0.030303030303030304 0.030303030303030304 0.030303030303030304 0.030303030303030304 0.030303030303030304 0.030303030303030304 0.030303030303030304 
0.030303030303030304 0.030303030303030304 0.030303030303030304 0.030303030303030304 0.09090909090909091 0.030303030303030304 0.09090909090909091 0.09090909090909091 0.09090909090909091 0.030303030303030304 0.030303030303030304 0.030303030303030304 0.030303030303030304 0.030303030303030304 0.030303030303030304 0.030303030303030304 0.030303030303030304 0.030303030303030304 0.030303030303030304 0.030303030303030304 0.030303030303030304 0.030303030303030304 0.030303030303030304 0.030303030303030304 0.030303030303030304 
0.03225806451612903 0.03225806451612903 0.03225806451612903 0.03225806451612903 0.16129032258064516 0.03225806451612903 0.03225806451612903 0.03225806451612903 0.03225806451612903 0.03225806451612903 0.03225806451612903 0.03225806451612903 0.03225806451612903 0.0967741935483871 0.03225806451612903 0.03225806451612903 0.03225806451612903 0.03225806451612903 0.03225806451612903 0.03225806451612903 0.03225806451612903 0.03225806451612903 0.03225806451612903 0.03225806451612903 0.03225806451612903 
0.08571428571428572 0.02857142857142857 0.02857142857142857 0.02857142857142857 0.02857142857142857 0.02857142857142857 0.08571428571428572 0.02857142857142857 0.02857142857142857 0.02857142857142857 0.08571428571428572 0.02857142857142857 0.02857142857142857 0.08571428571428572 0.02857142857142857 0.02857142857142857 0.02857142857142857 0.02857142857142857 0.02857142857142857 0.02857142857142857 0.02857142857142857 0.08571428571428572 0.02857142857142857 0.02857142857142857 0.02857142857142857 
0.02857142857142857 0.02857142857142857 0.02857142857142857 0.02857142857142857 0.2 0.02857142857142857 0.02857142857142857 0.02857142857142857 0.02857142857142857 0.02857142857142857 0.02857142857142857 0.02857142857142857 0.02857142857142857 0.02857142857142857 0.02857142857142857 0.02857142857142857 0.02857142857142857 0.02857142857142857 0.02857142857142857 0.08571428571428572 0.02857142857142857 0.02857142857142857 0.02857142857142857 0.08571428571428572 0.02857142857142857 
0.0196078431372549 0.0196078431372549 0.0196078431372549 0.0196078431372549 0.0196078431372549 0.0196078431372549 0.0196078431372549 0.09803921568627451 0.0196078431372549 0.0196078431372549 0.0196078431372549 0.0196078431372549 0.0196078431372549 0.0196078431372549 0.0196078431372549 0.0196078431372549 0.0196078431372549 0.058823529411764705 0.09803921568627451 0.0196078431372549 0.0196078431372549 0.0196078431372549 0.3333333333333333 0.0196078431372549 0.0196078431372549 
0.0196078431372549 0.0196078431372549 0.0196078431372549 0.0196078431372549 0.0196078431372549 0.058823529411764705 0.0196078431372549 0.09803921568627451 0.29411764705882354 0.0196078431372549 0.09803921568627451 0.0196078431372549 0.0196078431372549 0.0196078431372549 0.058823529411764705 0.0196078431372549 0.0196078431372549 0.0196078431372549 0.0196078431372549 0.0196078431372549 0.0196078431372549 0.0196078431372549 0.0196078431372549 0.0196078431372549 0.0196078431372549 
0.02564102564102564 0.02564102564102564 0.02564102564102564 0.02564102564102564 0.1794871794871795 0.02564102564102564 0.1282051282051282 0.02564102564102564 0.07692307692307693 0.02564102564102564 0.02564102564102564 0.02564102564102564 0.02564102564102564 0.02564102564102564 0.02564102564102564 0.02564102564102564 0.02564102564102564 0.02564102564102564 0.02564102564102564 0.02564102564102564 0.02564102564102564 0.02564102564102564 0.02564102564102564 0.02564102564102564 0.07692307692307693 
0.034482758620689655 0.034482758620689655 0.034482758620689655 0.034482758620689655 0.10344827586206896 0.10344827586206896 0.034482758620689655 0.034482758620689655 0.034482758620689655 0.034482758620689655 0.034482758620689655 0.034482758620689655 0.034482758620689655 0.034482758620689655 0.034482758620689655 0.034482758620689655 0.034482758620689655 0.034482758620689655 0.034482758620689655 0.034482758620689655 0.034482758620689655 0.034482758620689655 0.034482758620689655 0.034482758620689655 0.034482758620689655 
0.02702702702702703 0.02702702702702703 0.02702702702702703 0.02702702702702703 0.08108108108108109 0.02702702702702703 0.1891891891891892 0.02702702702702703 0.02702702702702703 0.02702702702702703 0.02702702702702703 0.02702702702702703 0.02702702702702703 0.08108108108108109 0.02702702702702703 0.02702702702702703 0.02702702702702703 0.02702702702702703 0.02702702702702703 0.02702702702702703 0.02702702702702703 0.02702702702702703 0.02702702702702703 0.02702702702702703 0.08108108108108109 
0.017543859649122806 0.017543859649122806 0.017543859649122806 0.017543859649122806 0.08771929824561403 0.017543859649122806 0.12280701754385964 0.15789473684210525 0.017543859649122806 0.017543859649122806 0.05263157894736842 0.017543859649122806 0.017543859649122806 0.05263157894736842 0.017543859649122806 0.12280701754385964 0.017543859649122806 0.017543859649122806 0.017543859649122806 0.017543859649122806 0.08771929824561403 0.017543859649122806 0.017543859649122806 0.017543859649122806 0.017543859649122806 
0.023255813953488372 0.023255813953488372 0.023255813953488372 0.023255813953488372 0.023255813953488372 0.023255813953488372 0.023255813953488372 0.20930232558139536 0.023255813953488372 0.023255813953488372 0.023255813953488372 0.023255813953488372 0.11627906976744186 0.06976744186046512 0.023255813953488372 0.023255813953488372 0.023255813953488372 0.023255813953488372 0.023255813953488372 0.023255813953488372 0.023255813953488372 0.023255813953488372 0.023255813953488372 0.06976744186046512 0.06976744186046512 
0.21568627450980393 0.0196078431372549 0.0196078431372549 0.0196078431372549 0.058823529411764705 0.0196078431372549 0.0196078431372549 0.0196078431372549 0.0196078431372549 0.0196078431372549 0.0196078431372549 0.0196078431372549 0.0196078431372549 0.09803921568627451 0.0196078431372549 0.0196078431372549 0.058823529411764705 0.0196078431372549 0.058823529411764705 0.09803921568627451 0.0196078431372549 0.0196078431372549 0.0196078431372549 0.0196078431372549 0.058823529411764705 
0.24444444444444444 0.022222222222222223 0.022222222222222223 0.022222222222222223 0.022222222222222223 0.022222222222222223 0.022222222222222223 0.022222222222222223 0.022222222222222223 0.022222222222222223 0.022222222222222223 0.022222222222222223 0.022222222222222223 0.022222222222222223 0.022222222222222223 0.022222222222222223 0.06666666666666667 0.022222222222222223 0.022222222222222223 0.022222222222222223 0.2 0.022222222222222223 0.022222222222222223 0.022222222222222223 0.022222222222222223 
0.0967741935483871 0.03225806451612903 0.03225806451612903 0.03225806451612903 0.03225806451612903 0.03225806451612903 0.03225806451612903 0.03225806451612903 0.03225806451612903 0.03225806451612903 0.03225806451612903 0.03225806451612903 0.03225806451612903 0.03225806451612903 0.03225806451612903 0.03225806451612903 0.03225806451612903 0.03225806451612903 0.0967741935483871 0.03225806451612903 0.03225806451612903 0.03225806451612903 0.03225806451612903 0.03225806451612903 0.0967741935483871 
0.03225806451612903 0.03225806451612903 0.03225806451612903 0.03225806451612903 0.03225806451612903 0.03225806451612903 0.03225806451612903 0.03225806451612903 0.03225806451612903 0.03225806451612903 0.03225806451612903 0.03225806451612903 0.03225806451612903 0.03225806451612903 0.03225806451612903 0.03225806451612903 0.03225806451612903 0.03225806451612903 0.03225806451612903 0.03225806451612903 0.03225806451612903 0.03225806451612903 0.03225806451612903 0.22580645161290322 0.03225806451612903 
0.30158730158730157 0.015873015873015872 0.047619047619047616 0.047619047619047616 0.015873015873015872 0.047619047619047616 0.015873015873015872 0.047619047619047616 0.047619047619047616 0.015873015873015872 0.015873015873015872 0.015873015873015872 0.07936507936507936 0.047619047619047616 0.015873015873015872 0.015873015873015872 0.07936507936507936 0.015873015873015872 0.015873015873015872 0.015873015873015872 0.015873015873015872 0.015873015873015872 0.015873015873015872 0.015873015873015872 0.015873015873015872 
0.03225806451612903 0.03225806451612903 0.03225806451612903 0.03225806451612903 0.03225806451612903 0.03225806451612903 0.03225806451612903 0.03225806451612903 0.0967741935483871 0.03225806451612903 0.03225806451612903 0.03225806451612903 0.03225806451612903 0.03225806451612903 0.0967741935483871 0.03225806451612903 0.03225806451612903 0.03225806451612903 0.03225806451612903 0.03225806451612903 0.03225806451612903 0.03225806451612903 0.03225806451612903 0.0967741935483871 0.03225806451612903 
0.02702702702702703 0.02702702702702703 0.02702702702702703 0.1891891891891892 0.02702702702702703 0.13513513513513514 0.02702702702702703 0.02702702702702703 0.08108108108108109 0.02702702702702703 0.02702702702702703 0.02702702702702703 0.02702702702702703 0.02702702702702703 0.02702702702702703 0.02702702702702703 0.02702702702702703 0.02702702702702703 0.02702702702702703 0.02702702702702703 0.02702702702702703 0.02702702702702703 0.02702702702702703 0.02702702702702703 0.02702702702702703 
0.030303030303030304 0.030303030303030304 0.030303030303030304 0.030303030303030304 0.030303030303030304 0.030303030303030304 0.030303030303030304 0.09090909090909091 0.030303030303030304 0.030303030303030304 0.030303030303030304 0.09090909090909091 0.030303030303030304 0.030303030303030304 0.030303030303030304 0.030303030303030304 0.15151515151515152 0.030303030303030304 0.030303030303030304 0.030303030303030304 0.030303030303030304 0.030303030303030304 0.030303030303030304 0.030303030303030304 0.030303030303030304 
0.02857142857142857 0.02857142857142857 0.08571428571428572 0.02857142857142857 0.02857142857142857 0.02857142857142857 0.08571428571428572 0.02857142857142857 0.02857142857142857 0.02857142857142857 0.02857142857142857 0.02857142857142857 0.02857142857142857 0.02857142857142857 0.02857142857142857 0.02857142857142857 0.08571428571428572 0.02857142857142857 0.02857142857142857 0.02857142857142857 0.14285714285714285 0.02857142857142857 0.02857142857142857 0.02857142857142857 0.02857142857142857 
0.023255813953488372 0.023255813953488372 0.023255813953488372 0.023255813953488372 0.023255813953488372 0.023255813953488372 0.023255813953488372 0.023255813953488372 0.023255813953488372 0.06976744186046512 0.023255813953488372 0.023255813953488372 0.023255813953488372 0.023255813953488372 0.023255813953488372 0.023255813953488372 0.023255813953488372 0.3488372093023256 0.06976744186046512 0.023255813953488372 0.023255813953488372 0.023255813953488372 0.023255813953488372 0.023255813953488372 0.023255813953488372 
0.20754716981132076 0.018867924528301886 0.05660377358490566 0.09433962264150944 0.018867924528301886 0.018867924528301886 0.018867924528301886 0.018867924528301886 0.018867924528301886 0.018867924528301886 0.018867924528301886 0.018867924528301886 0.09433962264150944 0.018867924528301886 0.018867924528301886 0.018867924528301886 0.018867924528301886 0.09433962264150944 0.05660377358490566 0.018867924528301886 0.018867924528301886 0.018867924528301886 0.018867924528301886 0.018867924528301886 0.05660377358490566 
0.3584905660377358 0.018867924528301886 0.018867924528301886 0.018867924528301886 0.018867924528301886 0.018867924528301886 0.018867924528301886 0.018867924528301886 0.018867924528301886 0.018867924528301886 0.018867924528301886 0.018867924528301886 0.05660377358490566 0.018867924528301886 0.018867924528301886 0.018867924528301886 0.1320754716981132 0.018867924528301886 0.018867924528301886 0.018867924528301886 0.018867924528301886 0.05660377358490566 0.018867924528301886 0.018867924528301886 0.018867924528301886 
0.058823529411764705 0.0196078431372549 0.0196078431372549 0.0196078431372549 0.0196078431372549 0.0196078431372549 0.0196078431372549 0.0196078431372549 0.09803921568627451 0.058823529411764705 0.0196078431372549 0.0196078431372549 0.0196078431372549 0.0196078431372549 0.0196078431372549 0.0196078431372549 0.0196078431372549 0.058823529411764705 0.058823529411764705 0.0196078431372549 0.058823529411764705 0.0196078431372549 0.17647058823529413 0.0196078431372549 0.09803921568627451 
0.034482758620689655 0.034482758620689655 0.034482758620689655 0.034482758620689655 0.034482758620689655 0.034482758620689655 0.1724137931034483 0.034482758620689655 0.034482758620689655 0.034482758620689655 0.034482758620689655 0.034482758620689655 0.034482758620689655 0.034482758620689655 0.034482758620689655 0.034482758620689655 0.034482758620689655 0.034482758620689655 0.034482758620689655 0.034482758620689655 0.034482758620689655 0.034482758620689655 0.034482758620689655 0.034482758620689655 0.034482758620689655 
0.09090909090909091 0.030303030303030304 0.030303030303030304 0.030303030303030304 0.030303030303030304 0.030303030303030304 0.030303030303030304 0.030303030303030304 0.030303030303030304 0.030303030303030304 0.09090909090909091 0.030303030303030304 0.030303030303030304 0.030303030303030304 0.030303030303030304 0.030303030303030304 0.030303030303030304 0.030303030303030304 0.030303030303030304 0.030303030303030304 0.030303030303030304 0.030303030303030304 0.030303030303030304 0.15151515151515152 0.030303030303030304 
0.07692307692307693 0.02564102564102564 0.1282051282051282 0.02564102564102564 0.02564102564102564 0.02564102564102564 0.02564102564102564 0.02564102564102564 0.02564102564102564 0.02564102564102564 0.02564102564102564 0.02564102564102564 0.02564102564102564 0.02564102564102564 0.02564102564102564 0.02564102564102564 0.02564102564102564 0.1282051282051282 0.02564102564102564 0.02564102564102564 0.07692307692307693 0.02564102564102564 0.02564102564102564 0.07692307692307693 0.02564102564102564 
0.13402061855670103 0.030927835051546393 0.030927835051546393 0.010309278350515464 0.07216494845360824 0.010309278350515464 0.05154639175257732 0.010309278350515464 0.010309278350515464 0.030927835051546393 0.010309278350515464 0.030927835051546393 0.030927835051546393 0.030927835051546393 0.010309278350515464 0.030927835051546393 0.010309278350515464 0.010309278350515464 0.07216494845360824 0.010309278350515464 0.25773195876288657 0.05154639175257732 0.010309278350515464 0.030927835051546393 0.010309278350515464 
0.09090909090909091 0.09090909090909091 0.030303030303030304 0.030303030303030304 0.030303030303030304 0.030303030303030304 0.030303030303030304 0.09090909090909091 0.030303030303030304 0.030303030303030304 0.09090909090909091 0.030303030303030304 0.030303030303030304 0.030303030303030304 0.030303030303030304 0.030303030303030304 0.030303030303030304 0.030303030303030304 0.030303030303030304 0.030303030303030304 0.030303030303030304 0.030303030303030304 0.030303030303030304 0.030303030303030304 0.030303030303030304 
0.2923076923076923 0.07692307692307693 0.015384615384615385 0.015384615384615385 0.015384615384615385 0.015384615384615385 0.015384615384615385 0.015384615384615385 0.015384615384615385 0.015384615384615385 0.015384615384615385 0.015384615384615385 0.07692307692307693 0.046153846153846156 0.015384615384615385 0.015384615384615385 0.015384615384615385 0.2 0.015384615384615385 0.015384615384615385 0.015384615384615385 0.015384615384615385 0.015384615384615385 0.015384615384615385 0.015384615384615385 
0.02857142857142857 0.02857142857142857 0.02857142857142857 0.14285714285714285 0.14285714285714285 0.02857142857142857 0.02857142857142857 0.02857142857142857 0.02857142857142857 0.08571428571428572 0.02857142857142857 0.02857142857142857 0.02857142857142857 0.02857142857142857 0.02857142857142857 0.02857142857142857 0.02857142857142857 0.02857142857142857 0.02857142857142857 0.02857142857142857 0.02857142857142857 0.02857142857142857 0.02857142857142857 0.02857142857142857 0.02857142857142857 
0.02857142857142857 0.08571428571428572 0.02857142857142857 0.14285714285714285 0.08571428571428572 0.02857142857142857 0.02857142857142857 0.02857142857142857 0.02857142857142857 0.02857142857142857 0.02857142857142857 0.02857142857142857 0.02857142857142857 0.02857142857142857 0.02857142857142857 0.02857142857142857 0.02857142857142857 0.02857142857142857 0.02857142857142857 0.02857142857142857 0.02857142857142857 0.02857142857142857 0.08571428571428572 0.02857142857142857 0.02857142857142857 
0.02564102564102564 0.02564102564102564 0.02564102564102564 0.02564102564102564 0.1794871794871795 0.02564102564102564 0.02564102564102564 0.02564102564102564 0.07692307692307693 0.02564102564102564 0.02564102564102564 0.02564102564102564 0.02564102564102564 0.02564102564102564 0.07692307692307693 0.02564102564102564 0.02564102564102564 0.07692307692307693 0.02564102564102564 0.07692307692307693 0.02564102564102564 0.02564102564102564 0.02564102564102564 0.02564102564102564 0.02564102564102564 
0.02040816326530612 0.02040816326530612 0.02040816326530612 0.061224489795918366 0.02040816326530612 0.02040816326530612 0.02040816326530612 0.061224489795918366 0.061224489795918366 0.02040816326530612 0.02040816326530612 0.14285714285714285 0.02040816326530612 0.02040816326530612 0.02040816326530612 0.02040816326530612 0.02040816326530612 0.14285714285714285 0.02040816326530612 0.14285714285714285 0.02040816326530612 0.02040816326530612 0.02040816326530612 0.02040816326530612 0.02040816326530612 
0.023255813953488372 0.023255813953488372 0.06976744186046512 0.023255813953488372 0.023255813953488372 0.023255813953488372 0.023255813953488372 0.06976744186046512 0.023255813953488372 0.023255813953488372 0.023255813953488372 0.023255813953488372 0.023255813953488372 0.023255813953488372 0.023255813953488372 0.023255813953488372 0.023255813953488372 0.3023255813953488 0.023255813953488372 0.023255813953488372 0.06976744186046512 0.023255813953488372 0.023255813953488372 0.023255813953488372 0.023255813953488372 
0.02127659574468085 0.02127659574468085 0.02127659574468085 0.02127659574468085 0.06382978723404255 0.02127659574468085 0.02127659574468085 0.14893617021276595 0.10638297872340426 0.02127659574468085 0.06382978723404255 0.02127659574468085 0.02127659574468085 0.02127659574468085 0.02127659574468085 0.10638297872340426 0.02127659574468085 0.02127659574468085 0.02127659574468085 0.02127659574468085 0.02127659574468085 0.02127659574468085 0.06382978723404255 0.02127659574468085 0.06382978723404255 
0.024390243902439025 0.024390243902439025 0.024390243902439025 0.024390243902439025 0.024390243902439025 0.024390243902439025 0.024390243902439025 0.12195121951219512 0.024390243902439025 0.024390243902439025 0.024390243902439025 0.024390243902439025 0.024390243902439025 0.024390243902439025 0.024390243902439025 0.024390243902439025 0.024390243902439025 0.024390243902439025 0.024390243902439025 0.024390243902439025 0.024390243902439025 0.024390243902439025 0.21951219512195122 0.12195121951219512 0.024390243902439025 
0.16417910447761194 0.014925373134328358 0.04477611940298507 0.014925373134328358 0.014925373134328358 0.014925373134328358 0.014925373134328358 0.014925373134328358 0.04477611940298507 0.014925373134328358 0.014925373134328358 0.014925373134328358 0.1044776119402985 0.014925373134328358 0.13432835820895522 0.014925373134328358 0.014925373134328358 0.04477611940298507 0.04477611940298507 0.04477611940298507 0.014925373134328358 0.04477611940298507 0.04477611940298507 0.07462686567164178 0.014925373134328358 
0.28205128205128205 0.02564102564102564 0.02564102564102564 0.02564102564102564 0.02564102564102564 0.02564102564102564 0.02564102564102564 0.02564102564102564 0.07692307692307693 0.02564102564102564 0.02564102564102564 0.02564102564102564 0.02564102564102564 0.07692307692307693 0.02564102564102564 0.02564102564102564 0.02564102564102564 0.02564102564102564 0.02564102564102564 0.02564102564102564 0.02564102564102564 0.02564102564102564 0.02564102564102564 0.02564102564102564 0.02564102564102564 
0.02040816326530612 0.02040816326530612 0.02040816326530612 0.02040816326530612 0.02040816326530612 0.02040816326530612 0.061224489795918366 0.02040816326530612 0.02040816326530612 0.02040816326530612 0.02040816326530612 0.02040816326530612 0.02040816326530612 0.02040816326530612 0.02040816326530612 0.30612244897959184 0.02040816326530612 0.02040816326530612 0.061224489795918366 0.10204081632653061 0.02040816326530612 0.02040816326530612 0.02040816326530612 0.02040816326530612 0.061224489795918366 
0.02564102564102564 0.02564102564102564 0.07692307692307693 0.02564102564102564 0.07692307692307693 0.02564102564102564 0.02564102564102564 0.02564102564102564 0.02564102564102564 0.02564102564102564 0.02564102564102564 0.02564102564102564 0.02564102564102564 0.07692307692307693 0.02564102564102564 0.02564102564102564 0.02564102564102564 0.02564102564102564 0.02564102564102564 0.02564102564102564 0.02564102564102564 0.02564102564102564 0.23076923076923078 0.02564102564102564 0.02564102564102564 
0.02040816326530612 0.061224489795918366 0.02040816326530612 0.02040816326530612 0.02040816326530612 0.02040816326530612 0.02040816326530612 0.1836734693877551 0.02040816326530612 0.02040816326530612 0.02040816326530612 0.02040816326530612 0.061224489795918366 0.02040816326530612 0.02040816326530612 0.02040816326530612 0.061224489795918366 0.10204081632653061 0.02040816326530612 0.061224489795918366 0.02040816326530612 0.02040816326530612 0.061224489795918366 0.02040816326530612 0.061224489795918366 
0.02857142857142857 0.02857142857142857 0.02857142857142857 0.08571428571428572 0.02857142857142857 0.08571428571428572 0.02857142857142857 0.02857142857142857 0.02857142857142857 0.02857142857142857 0.02857142857142857 0.02857142857142857 0.02857142857142857 0.14285714285714285 0.02857142857142857 0.08571428571428572 0.02857142857142857 0.02857142857142857 0.02857142857142857 0.02857142857142857 0.02857142857142857 0.02857142857142857 0.02857142857142857 0.02857142857142857 0.02857142857142857 
0.034482758620689655 0.034482758620689655 0.034482758620689655 0.034482758620689655 0.034482758620689655 0.034482758620689655 0.034482758620689655 0.034482758620689655 0.034482758620689655 0.034482758620689655 0.034482758620689655 0.034482758620689655 0.034482758620689655 0.1724137931034483 0.034482758620689655 0.034482758620689655 0.034482758620689655 0.034482758620689655 0.034482758620689655 0.034482758620689655 0.034482758620689655 0.034482758620689655 0.034482758620689655 0.034482758620689655 0.034482758620689655 
0.02127659574468085 0.14893617021276595 0.02127659574468085 0.02127659574468085 0.02127659574468085 0.02127659574468085 0.06382978723404255 0.02127659574468085 0.02127659574468085 0.02127659574468085 0.02127659574468085 0.02127659574468085 0.02127659574468085 0.10638297872340426 0.02127659574468085 0.14893617021276595 0.02127659574468085 0.02127659574468085 0.06382978723404255 0.02127659574468085 0.02127659574468085 0.02127659574468085 0.06382978723404255 0.02127659574468085 0.02127659574468085 
0.06382978723404255 0.02127659574468085 0.02127659574468085 0.06382978723404255 0.02127659574468085 0.02127659574468085 0.06382978723404255 0.02127659574468085 0.02127659574468085 0.06382978723404255 0.02127659574468085 0.02127659574468085 0.02127659574468085 0.02127659574468085 0.10638297872340426 0.06382978723404255 0.02127659574468085 0.02127659574468085 0.02127659574468085 0.02127659574468085 0.19148936170212766 0.02127659574468085 0.02127659574468085 0.02127659574468085 0.02127659574468085 
0.037037037037037035 0.1111111111111111 0.037037037037037035 0.037037037037037035 0.037037037037037035 0.037037037037037035 0.037037037037037035 0.037037037037037035 0.037037037037037035 0.037037037037037035 0.037037037037037035 0.037037037037037035 0.037037037037037035 0.037037037037037035 0.037037037037037035 0.037037037037037035 0.037037037037037035 0.037037037037037035 0.037037037037037035 0.037037037037037035 0.037037037037037035 0.037037037037037035 0.037037037037037035 0.037037037037037035 0.037037037037037035 
0.023255813953488372 0.023255813953488372 0.023255813953488372 0.023255813953488372 0.3023255813953488 0.023255813953488372 0.023255813953488372 0.06976744186046512 0.023255813953488372 0.023255813953488372 0.023255813953488372 0.023255813953488372 0.023255813953488372 0.023255813953488372 0.023255813953488372 0.023255813953488372 0.023255813953488372 0.023255813953488372 0.023255813953488372 0.023255813953488372 0.023255813953488372 0.06976744186046512 0.023255813953488372 0.023255813953488372 0.06976744186046512 
0.017543859649122806 0.05263157894736842 0.05263157894736842 0.017543859649122806 0.017543859649122806 0.017543859649122806 0.017543859649122806 0.017543859649122806 0.017543859649122806 0.12280701754385964 0.05263157894736842 0.017543859649122806 0.12280701754385964 0.05263157894736842 0.017543859649122806 0.017543859649122806 0.017543859649122806 0.19298245614035087 0.017543859649122806 0.017543859649122806 0.017543859649122806 0.017543859649122806 0.017543859649122806 0.05263157894736842 0.017543859649122806 
0.024390243902439025 0.12195121951219512 0.024390243902439025 0.024390243902439025 0.07317073170731707 0.024390243902439025 0.024390243902439025 0.024390243902439025 0.024390243902439025 0.024390243902439025 0.07317073170731707 0.024390243902439025 0.024390243902439025 0.024390243902439025 0.024390243902439025 0.024390243902439025 0.21951219512195122 0.024390243902439025 0.024390243902439025 0.024390243902439025 0.024390243902439025 0.024390243902439025 0.024390243902439025 0.024390243902439025 0.024390243902439025 
0.06493506493506493 0.11688311688311688 0.012987012987012988 0.012987012987012988 0.14285714285714285 0.012987012987012988 0.012987012987012988 0.03896103896103896 0.03896103896103896 0.06493506493506493 0.19480519480519481 0.012987012987012988 0.012987012987012988 0.012987012987012988 0.012987012987012988 0.012987012987012988 0.09090909090909091 0.012987012987012988 0.012987012987012988 0.012987012987012988 0.012987012987012988 0.012987012987012988 0.03896103896103896 0.012987012987012988 0.012987012987012988 
0.02702702702702703 0.02702702702702703 0.02702702702702703 0.02702702702702703 0.02702702702702703 0.1891891891891892 0.02702702702702703 0.02702702702702703 0.02702702702702703 0.08108108108108109 0.02702702702702703 0.02702702702702703 0.02702702702702703 0.08108108108108109 0.08108108108108109 0.02702702702702703 0.02702702702702703 0.02702702702702703 0.02702702702702703 0.02702702702702703 0.02702702702702703 0.02702702702702703 0.02702702702702703 0.02702702702702703 0.02702702702702703 
0.01818181818181818 0.01818181818181818 0.01818181818181818 0.2 0.01818181818181818 0.01818181818181818 0.01818181818181818 0.2 0.05454545454545454 0.05454545454545454 0.05454545454545454 0.05454545454545454 0.01818181818181818 0.01818181818181818 0.01818181818181818 0.01818181818181818 0.01818181818181818 0.01818181818181818 0.01818181818181818 0.01818181818181818 0.01818181818181818 0.01818181818181818 0.05454545454545454 0.01818181818181818 0.01818181818181818 
0.024390243902439025 0.024390243902439025 0.21951219512195122 0.17073170731707318 0.024390243902439025 0.024390243902439025 0.024390243902439025 0.024390243902439025 0.024390243902439025 0.024390243902439025 0.024390243902439025 0.024390243902439025 0.024390243902439025 0.024390243902439025 0.024390243902439025 0.024390243902439025 0.07317073170731707 0.024390243902439025 0.024390243902439025 0.024390243902439025 0.024390243902439025 0.024390243902439025 0.024390243902439025 0.024390243902439025 0.024390243902439025 
0.023255813953488372 0.023255813953488372 0.023255813953488372 0.023255813953488372 0.023255813953488372 0.023255813953488372 0.023255813953488372 0.023255813953488372 0.023255813953488372 0.06976744186046512 0.023255813953488372 0.023255813953488372 0.11627906976744186 0.023255813953488372 0.023255813953488372 0.023255813953488372 0.06976744186046512 0.023255813953488372 0.06976744186046512 0.023255813953488372 0.023255813953488372 0.023255813953488372 0.023255813953488372 0.023255813953488372 0.20930232558139536 
0.06382978723404255 0.06382978723404255 0.02127659574468085 0.06382978723404255 0.02127659574468085 0.10638297872340426 0.06382978723404255 0.02127659574468085 0.02127659574468085 0.02127659574468085 0.02127659574468085 0.06382978723404255 0.02127659574468085 0.02127659574468085 0.02127659574468085 0.02127659574468085 0.02127659574468085 0.02127659574468085 0.10638297872340426 0.02127659574468085 0.06382978723404255 0.02127659574468085 0.06382978723404255 0.02127659574468085 0.02127659574468085 
0.030303030303030304 0.030303030303030304 0.030303030303030304 0.030303030303030304 0.030303030303030304 0.030303030303030304 0.030303030303030304 0.09090909090909091 0.030303030303030304 0.030303030303030304 0.030303030303030304 0.030303030303030304 0.030303030303030304 0.030303030303030304 0.09090909090909091 0.030303030303030304 0.030303030303030304 0.030303030303030304 0.030303030303030304 0.030303030303030304 0.030303030303030304 0.030303030303030304 0.030303030303030304 0.15151515151515152 0.030303030303030304 
0.022222222222222223 0.022222222222222223 0.022222222222222223 0.022222222222222223 0.022222222222222223 0.022222222222222223 0.022222222222222223 0.022222222222222223 0.1111111111111111 0.022222222222222223 0.06666666666666667 0.06666666666666667 0.06666666666666667 0.022222222222222223 0.06666666666666667 0.022222222222222223 0.022222222222222223 0.022222222222222223 0.1111111111111111 0.022222222222222223 0.022222222222222223 0.022222222222222223 0.1111111111111111 0.022222222222222223 0.022222222222222223 
0.034482758620689655 0.034482758620689655 0.034482758620689655 0.034482758620689655 0.034482758620689655 0.034482758620689655 0.034482758620689655 0.034482758620689655 0.034482758620689655 0.034482758620689655 0.034482758620689655 0.034482758620689655 0.10344827586206896 0.034482758620689655 0.034482758620689655 0.034482758620689655 0.034482758620689655 0.034482758620689655 0.034482758620689655 0.034482758620689655 0.034482758620689655 0.10344827586206896 0.034482758620689655 0.034482758620689655 0.034482758620689655 
