0.018867924528301886 0.018867924528301886 0.018867924528301886 0.018867924528301886 0.05660377358490566 0.09433962264150944 0.1320754716981132 0.09433962264150944 0.018867924528301886 0.018867924528301886 0.018867924528301886 0.2830188679245283 0.018867924528301886 0.16981132075471697 0.018867924528301886 
0.10344827586206896 0.034482758620689655 0.034482758620689655 0.2413793103448276 0.034482758620689655 0.10344827586206896 0.034482758620689655 0.034482758620689655 0.034482758620689655 0.034482758620689655 0.034482758620689655 0.1724137931034483 0.034482758620689655 0.034482758620689655 0.034482758620689655 
0.04 0.04 0.04 0.12 0.04 0.28 0.04 0.04 0.04 0.04 0.04 0.12 0.04 0.04 0.04 
0.02564102564102564 0.02564102564102564 0.02564102564102564 0.1282051282051282 0.1282051282051282 0.02564102564102564 0.02564102564102564 0.02564102564102564 0.1794871794871795 0.02564102564102564 0.02564102564102564 0.07692307692307693 0.23076923076923078 0.02564102564102564 0.02564102564102564 
0.23809523809523808 0.047619047619047616 0.047619047619047616 0.047619047619047616 0.047619047619047616 0.047619047619047616 0.047619047619047616 0.047619047619047616 0.047619047619047616 0.047619047619047616 0.047619047619047616 0.047619047619047616 0.047619047619047616 0.14285714285714285 0.047619047619047616 
0.02564102564102564 0.07692307692307693 0.02564102564102564 0.02564102564102564 0.07692307692307693 0.02564102564102564 0.02564102564102564 0.1794871794871795 0.1794871794871795 0.02564102564102564 0.02564102564102564 0.07692307692307693 0.02564102564102564 0.02564102564102564 0.1794871794871795 
0.030303030303030304 0.15151515151515152 0.030303030303030304 0.030303030303030304 0.030303030303030304 0.09090909090909091 0.030303030303030304 0.030303030303030304 0.030303030303030304 0.030303030303030304 0.030303030303030304 0.3333333333333333 0.030303030303030304 0.030303030303030304 0.09090909090909091 
0.024390243902439025 0.07317073170731707 0.024390243902439025 0.17073170731707318 0.024390243902439025 0.024390243902439025 0.024390243902439025 0.024390243902439025 0.024390243902439025 0.024390243902439025 0.024390243902439025 0.2682926829268293 0.024390243902439025 0.024390243902439025 0.21951219512195122 
0.15789473684210525 0.05263157894736842 0.05263157894736842 0.05263157894736842 0.05263157894736842 0.05263157894736842 0.05263157894736842 0.05263157894736842 0.05263157894736842 0.05263157894736842 0.05263157894736842 0.05263157894736842 0.15789473684210525 0.05263157894736842 0.05263157894736842 
0.030303030303030304 0.030303030303030304 0.030303030303030304 0.030303030303030304 0.030303030303030304 0.09090909090909091 0.09090909090909091 0.030303030303030304 0.030303030303030304 0.15151515151515152 0.030303030303030304 0.3333333333333333 0.030303030303030304 0.030303030303030304 0.030303030303030304 
0.14893617021276595 0.19148936170212766 0.02127659574468085 0.02127659574468085 0.19148936170212766 0.02127659574468085 0.06382978723404255 0.02127659574468085 0.02127659574468085 0.02127659574468085 0.02127659574468085 0.19148936170212766 0.02127659574468085 0.02127659574468085 0.02127659574468085 
0.037037037037037035 0.037037037037037035 0.037037037037037035 0.037037037037037035 0.1111111111111111 0.037037037037037035 0.037037037037037035 0.037037037037037035 0.037037037037037035 0.037037037037037035 0.037037037037037035 0.4074074074074074 0.037037037037037035 0.037037037037037035 0.037037037037037035 
0.034482758620689655 0.10344827586206896 0.034482758620689655 0.034482758620689655 0.034482758620689655 0.034482758620689655 0.034482758620689655 0.034482758620689655 0.2413793103448276 0.034482758620689655 0.1724137931034483 0.034482758620689655 0.10344827586206896 0.034482758620689655 0.034482758620689655 
0.047619047619047616 0.047619047619047616 0.047619047619047616 0.047619047619047616 0.047619047619047616 0.3333333333333333 0.047619047619047616 0.047619047619047616 0.047619047619047616 0.047619047619047616 0.047619047619047616 0.047619047619047616 0.047619047619047616 0.047619047619047616 0.047619047619047616 
0.07317073170731707 0.024390243902439025 0.024390243902439025 0.024390243902439025 0.07317073170731707 0.024390243902439025 0.024390243902439025 0.024390243902439025 0.07317073170731707 0.024390243902439025 0.024390243902439025 0.2682926829268293 0.17073170731707318 0.07317073170731707 0.07317073170731707 
0.047619047619047616 0.047619047619047616 0.047619047619047616 0.047619047619047616 0.23809523809523808 0.047619047619047616 0.047619047619047616 0.047619047619047616 0.047619047619047616 0.047619047619047616 0.047619047619047616 0.047619047619047616 0.047619047619047616 0.14285714285714285 0.047619047619047616 
0.06666666666666667 0.022222222222222223 0.022222222222222223 0.022222222222222223 0.022222222222222223 0.15555555555555556 0.022222222222222223 0.1111111111111111 0.06666666666666667 0.022222222222222223 0.022222222222222223 0.24444444444444444 0.022222222222222223 0.022222222222222223 0.15555555555555556 
0.2 0.02857142857142857 0.02857142857142857 0.02857142857142857 0.02857142857142857 0.02857142857142857 0.02857142857142857 0.02857142857142857 0.02857142857142857 0.02857142857142857 0.02857142857142857 0.2571428571428571 0.02857142857142857 0.2 0.02857142857142857 
0.043478260869565216 0.043478260869565216 0.043478260869565216 0.043478260869565216 0.043478260869565216 0.043478260869565216 0.043478260869565216 0.21739130434782608 0.043478260869565216 0.043478260869565216 0.043478260869565216 0.21739130434782608 0.043478260869565216 0.043478260869565216 0.043478260869565216 
0.043478260869565216 0.043478260869565216 0.043478260869565216 0.21739130434782608 0.21739130434782608 0.043478260869565216 0.043478260869565216 0.043478260869565216 0.043478260869565216 0.043478260869565216 0.043478260869565216 0.043478260869565216 0.043478260869565216 0.043478260869565216 0.043478260869565216 
0.047619047619047616 0.047619047619047616 0.047619047619047616 0.047619047619047616 0.23809523809523808 0.047619047619047616 0.047619047619047616 0.047619047619047616 0.047619047619047616 0.047619047619047616 0.047619047619047616 0.047619047619047616 0.047619047619047616 0.14285714285714285 0.047619047619047616 
0.04 0.04 0.04 0.04 0.04 0.04 0.12 0.12 0.12 0.04 0.04 0.04 0.04 0.2 0.04 
0.04 0.04 0.04 0.04 0.2 0.04 0.04 0.04 0.2 0.04 0.04 0.04 0.12 0.04 0.04 
0.024390243902439025 0.2682926829268293 0.024390243902439025 0.024390243902439025 0.024390243902439025 0.024390243902439025 0.024390243902439025 0.07317073170731707 0.21951219512195122 0.024390243902439025 0.024390243902439025 0.024390243902439025 0.17073170731707318 0.024390243902439025 0.024390243902439025 
0.024390243902439025 0.024390243902439025 0.024390243902439025 0.024390243902439025 0.07317073170731707 0.024390243902439025 0.024390243902439025 0.024390243902439025 0.024390243902439025 0.024390243902439025 0.024390243902439025 0.6097560975609756 0.024390243902439025 0.024390243902439025 0.024390243902439025 
0.034482758620689655 0.10344827586206896 0.034482758620689655 0.10344827586206896 0.2413793103448276 0.1724137931034483 0.034482758620689655 0.034482758620689655 0.034482758620689655 0.034482758620689655 0.034482758620689655 0.034482758620689655 0.034482758620689655 0.034482758620689655 0.034482758620689655 
0.05263157894736842 0.15789473684210525 0.05263157894736842 0.05263157894736842 0.15789473684210525 0.05263157894736842 0.05263157894736842 0.05263157894736842 0.05263157894736842 0.05263157894736842 0.05263157894736842 0.05263157894736842 0.05263157894736842 0.05263157894736842 0.05263157894736842 
0.037037037037037035 0.037037037037037035 0.037037037037037035 0.1111111111111111 0.25925925925925924 0.1111111111111111 0.037037037037037035 0.1111111111111111 0.037037037037037035 0.037037037037037035 0.037037037037037035 0.037037037037037035 0.037037037037037035 0.037037037037037035 0.037037037037037035 
0.02127659574468085 0.02127659574468085 0.02127659574468085 0.10638297872340426 0.19148936170212766 0.10638297872340426 0.02127659574468085 0.02127659574468085 0.19148936170212766 0.06382978723404255 0.02127659574468085 0.02127659574468085 0.06382978723404255 0.10638297872340426 0.02127659574468085 
0.030303030303030304 0.030303030303030304 0.030303030303030304 0.030303030303030304 0.2727272727272727 0.030303030303030304 0.030303030303030304 0.030303030303030304 0.030303030303030304 0.21212121212121213 0.030303030303030304 0.030303030303030304 0.09090909090909091 0.030303030303030304 0.09090909090909091 
0.024390243902439025 0.07317073170731707 0.07317073170731707 0.024390243902439025 0.024390243902439025 0.024390243902439025 0.024390243902439025 0.024390243902439025 0.024390243902439025 0.3170731707317073 0.024390243902439025 0.024390243902439025 0.024390243902439025 0.17073170731707318 0.12195121951219512 
0.08571428571428572 0.02857142857142857 0.02857142857142857 0.14285714285714285 0.02857142857142857 0.02857142857142857 0.02857142857142857 0.08571428571428572 0.02857142857142857 0.37142857142857144 0.02857142857142857 0.02857142857142857 0.02857142857142857 0.02857142857142857 0.02857142857142857 
0.047619047619047616 0.047619047619047616 0.047619047619047616 0.047619047619047616 0.047619047619047616 0.23809523809523808 0.047619047619047616 0.14285714285714285 0.047619047619047616 0.047619047619047616 0.047619047619047616 0.047619047619047616 0.047619047619047616 0.047619047619047616 0.047619047619047616 
0.047619047619047616 0.047619047619047616 0.3333333333333333 0.047619047619047616 0.047619047619047616 0.047619047619047616 0.047619047619047616 0.047619047619047616 0.047619047619047616 0.047619047619047616 0.047619047619047616 0.047619047619047616 0.047619047619047616 0.047619047619047616 0.047619047619047616 
0.018867924528301886 0.05660377358490566 0.018867924528301886 0.018867924528301886 0.018867924528301886 0.09433962264150944 0.1320754716981132 0.018867924528301886 0.05660377358490566 0.2830188679245283 0.05660377358490566 0.05660377358490566 0.05660377358490566 0.09433962264150944 0.018867924528301886 
0.047619047619047616 0.047619047619047616 0.23809523809523808 0.047619047619047616 0.047619047619047616 0.047619047619047616 0.047619047619047616 0.047619047619047616 0.047619047619047616 0.047619047619047616 0.047619047619047616 0.047619047619047616 0.047619047619047616 0.14285714285714285 0.047619047619047616 
0.037037037037037035 0.18518518518518517 0.037037037037037035 0.037037037037037035 0.037037037037037035 0.037037037037037035 0.1111111111111111 0.037037037037037035 0.037037037037037035 0.037037037037037035 0.25925925925925924 0.037037037037037035 0.037037037037037035 0.037037037037037035 0.037037037037037035 
0.043478260869565216 0.043478260869565216 0.043478260869565216 0.043478260869565216 0.043478260869565216 0.043478260869565216 0.30434782608695654 0.043478260869565216 0.043478260869565216 0.13043478260869565 0.043478260869565216 0.043478260869565216 0.043478260869565216 0.043478260869565216 0.043478260869565216 
0.04 0.04 0.04 0.44 0.04 0.04 0.04 0.04 0.04 0.04 0.04 0.04 0.04 0.04 0.04 
0.3939393939393939 0.030303030303030304 0.030303030303030304 0.030303030303030304 0.030303030303030304 0.030303030303030304 0.030303030303030304 0.030303030303030304 0.030303030303030304 0.030303030303030304 0.030303030303030304 0.030303030303030304 0.21212121212121213 0.030303030303030304 0.030303030303030304 
0.06976744186046512 0.06976744186046512 0.023255813953488372 0.023255813953488372 0.023255813953488372 0.023255813953488372 0.20930232558139536 0.023255813953488372 0.11627906976744186 0.2558139534883721 0.023255813953488372 0.023255813953488372 0.06976744186046512 0.023255813953488372 0.023255813953488372 
0.023255813953488372 0.023255813953488372 0.023255813953488372 0.023255813953488372 0.023255813953488372 0.023255813953488372 0.11627906976744186 0.023255813953488372 0.023255813953488372 0.4418604651162791 0.023255813953488372 0.023255813953488372 0.023255813953488372 0.06976744186046512 0.11627906976744186 
0.07317073170731707 0.024390243902439025 0.024390243902439025 0.024390243902439025 0.024390243902439025 0.024390243902439025 0.36585365853658536 0.024390243902439025 0.024390243902439025 0.07317073170731707 0.024390243902439025 0.024390243902439025 0.024390243902439025 0.024390243902439025 0.21951219512195122 
0.05263157894736842 0.05263157894736842 0.05263157894736842 0.05263157894736842 0.05263157894736842 0.2631578947368421 0.05263157894736842 0.05263157894736842 0.05263157894736842 0.05263157894736842 0.05263157894736842 0.05263157894736842 0.05263157894736842 0.05263157894736842 0.05263157894736842 
0.043478260869565216 0.13043478260869565 0.13043478260869565 0.043478260869565216 0.043478260869565216 0.043478260869565216 0.043478260869565216 0.13043478260869565 0.043478260869565216 0.13043478260869565 0.043478260869565216 0.043478260869565216 0.043478260869565216 0.043478260869565216 0.043478260869565216 
0.034482758620689655 0.034482758620689655 0.034482758620689655 0.034482758620689655 0.034482758620689655 0.10344827586206896 0.034482758620689655 0.034482758620689655 0.034482758620689655 0.034482758620689655 0.034482758620689655 0.4482758620689655 0.034482758620689655 0.034482758620689655 0.034482758620689655 
0.011494252873563218 0.011494252873563218 0.011494252873563218 0.3793103448275862 0.08045977011494253 0.011494252873563218 0.034482758620689655 0.12643678160919541 0.011494252873563218 0.19540229885057472 0.034482758620689655 0.011494252873563218 0.034482758620689655 0.034482758620689655 0.011494252873563218 
0.043478260869565216 0.043478260869565216 0.043478260869565216 0.043478260869565216 0.043478260869565216 0.043478260869565216 0.043478260869565216 0.043478260869565216 0.043478260869565216 0.043478260869565216 0.043478260869565216 0.13043478260869565 0.043478260869565216 0.30434782608695654 0.043478260869565216 
0.12727272727272726 0.01818181818181818 0.01818181818181818 0.01818181818181818 0.01818181818181818 0.01818181818181818 0.05454545454545454 0.09090909090909091 0.01818181818181818 0.34545454545454546 0.05454545454545454 0.05454545454545454 0.05454545454545454 0.01818181818181818 0.09090909090909091 
0.04 0.12 0.04 0.04 0.28 0.04 0.04 0.04 0.04 0.04 0.12 0.04 0.04 0.04 0.04 
0.04 0.04 0.04 0.04 0.12 0.04 0.2 0.04 0.2 0.04 0.04 0.04 0.04 0.04 0.04 
0.1724137931034483 0.1724137931034483 0.034482758620689655 0.034482758620689655 0.10344827586206896 0.034482758620689655 0.034482758620689655 0.034482758620689655 0.10344827586206896 0.034482758620689655 0.034482758620689655 0.034482758620689655 0.10344827586206896 0.034482758620689655 0.034482758620689655 
0.07692307692307693 0.02564102564102564 0.02564102564102564 0.1282051282051282 0.23076923076923078 0.02564102564102564 0.07692307692307693 0.1282051282051282 0.02564102564102564 0.02564102564102564 0.02564102564102564 0.02564102564102564 0.02564102564102564 0.1282051282051282 0.02564102564102564 
0.3333333333333333 0.030303030303030304 0.030303030303030304 0.030303030303030304 0.09090909090909091 0.030303030303030304 0.09090909090909091 0.030303030303030304 0.09090909090909091 0.030303030303030304 0.09090909090909091 0.030303030303030304 0.030303030303030304 0.030303030303030304 0.030303030303030304 
0.02702702702702703 0.02702702702702703 0.02702702702702703 0.24324324324324326 0.02702702702702703 0.1891891891891892 0.02702702702702703 0.02702702702702703 0.02702702702702703 0.02702702702702703 0.02702702702702703 0.1891891891891892 0.02702702702702703 0.08108108108108109 0.02702702702702703 
0.03225806451612903 0.16129032258064516 0.16129032258064516 0.03225806451612903 0.0967741935483871 0.03225806451612903 0.16129032258064516 0.03225806451612903 0.03225806451612903 0.03225806451612903 0.03225806451612903 0.0967741935483871 0.03225806451612903 0.03225806451612903 0.03225806451612903 
0.08771929824561403 0.19298245614035087 0.15789473684210525 0.05263157894736842 0.017543859649122806 0.017543859649122806 0.08771929824561403 0.017543859649122806 0.017543859649122806 0.15789473684210525 0.017543859649122806 0.12280701754385964 0.017543859649122806 0.017543859649122806 0.017543859649122806 
0.10344827586206896 0.034482758620689655 0.034482758620689655 0.034482758620689655 0.034482758620689655 0.034482758620689655 0.034482758620689655 0.034482758620689655 0.034482758620689655 0.3103448275862069 0.10344827586206896 0.034482758620689655 0.034482758620689655 0.10344827586206896 0.034482758620689655 
0.02564102564102564 0.02564102564102564 0.02564102564102564 0.1282051282051282 0.02564102564102564 0.3333333333333333 0.07692307692307693 0.07692307692307693 0.02564102564102564 0.02564102564102564 0.02564102564102564 0.1282051282051282 0.02564102564102564 0.02564102564102564 0.02564102564102564 
0.034482758620689655 0.3103448275862069 0.034482758620689655 0.034482758620689655 0.034482758620689655 0.034482758620689655 0.034482758620689655 0.034482758620689655 0.10344827586206896 0.034482758620689655 0.034482758620689655 0.034482758620689655 0.034482758620689655 0.1724137931034483 0.034482758620689655 
0.1794871794871795 0.02564102564102564 0.02564102564102564 0.02564102564102564 0.07692307692307693 0.02564102564102564 0.02564102564102564 0.23076923076923078 0.1282051282051282 0.02564102564102564 0.07692307692307693 0.07692307692307693 0.02564102564102564 0.02564102564102564 0.02564102564102564 
0.04 0.04 0.04 0.04 0.12 0.04 0.04 0.04 0.28 0.04 0.04 0.04 0.04 0.12 0.04 
0.05263157894736842 0.05263157894736842 0.05263157894736842 0.05263157894736842 0.05263157894736842 0.05263157894736842 0.05263157894736842 0.05263157894736842 0.05263157894736842 0.05263157894736842 0.05263157894736842 0.05263157894736842 0.05263157894736842 0.2631578947368421 0.05263157894736842 
0.1891891891891892 0.02702702702702703 0.02702702702702703 0.02702702702702703 0.02702702702702703 0.1891891891891892 0.02702702702702703 0.02702702702702703 0.1891891891891892 0.02702702702702703 0.02702702702702703 0.02702702702702703 0.02702702702702703 0.13513513513513514 0.02702702702702703 
0.02702702702702703 0.02702702702702703 0.13513513513513514 0.35135135135135137 0.08108108108108109 0.08108108108108109 0.02702702702702703 0.08108108108108109 0.02702702702702703 0.02702702702702703 0.02702702702702703 0.02702702702702703 0.02702702702702703 0.02702702702702703 0.02702702702702703 
0.058823529411764705 0.17647058823529413 0.058823529411764705 0.058823529411764705 0.058823529411764705 0.058823529411764705 0.058823529411764705 0.058823529411764705 0.058823529411764705 0.058823529411764705 0.058823529411764705 0.058823529411764705 0.058823529411764705 0.058823529411764705 0.058823529411764705 
0.09090909090909091 0.030303030303030304 0.030303030303030304 0.030303030303030304 0.3939393939393939 0.030303030303030304 0.030303030303030304 0.09090909090909091 0.030303030303030304 0.030303030303030304 0.09090909090909091 0.030303030303030304 0.030303030303030304 0.030303030303030304 0.030303030303030304 
0.06382978723404255 0.02127659574468085 0.02127659574468085 0.02127659574468085 0.02127659574468085 0.02127659574468085 0.23404255319148937 0.3617021276595745 0.02127659574468085 0.02127659574468085 0.02127659574468085 0.06382978723404255 0.02127659574468085 0.02127659574468085 0.06382978723404255 
0.03225806451612903 0.0967741935483871 0.03225806451612903 0.03225806451612903 0.2903225806451613 0.03225806451612903 0.03225806451612903 0.0967741935483871 0.03225806451612903 0.03225806451612903 0.03225806451612903 0.03225806451612903 0.03225806451612903 0.03225806451612903 0.16129032258064516 
0.04477611940298507 0.04477611940298507 0.014925373134328358 0.014925373134328358 0.2835820895522388 0.014925373134328358 0.014925373134328358 0.014925373134328358 0.014925373134328358 0.014925373134328358 0.014925373134328358 0.31343283582089554 0.014925373134328358 0.014925373134328358 0.16417910447761194 
0.1111111111111111 0.037037037037037035 0.037037037037037035 0.037037037037037035 0.037037037037037035 0.037037037037037035 0.1111111111111111 0.037037037037037035 0.037037037037037035 0.037037037037037035 0.037037037037037035 0.037037037037037035 0.037037037037037035 0.1111111111111111 0.25925925925925924 
0.06666666666666667 0.022222222222222223 0.022222222222222223 0.06666666666666667 0.06666666666666667 0.022222222222222223 0.1111111111111111 0.06666666666666667 0.022222222222222223 0.06666666666666667 0.28888888888888886 0.022222222222222223 0.022222222222222223 0.1111111111111111 0.022222222222222223 
0.03225806451612903 0.03225806451612903 0.03225806451612903 0.03225806451612903 0.03225806451612903 0.03225806451612903 0.03225806451612903 0.03225806451612903 0.03225806451612903 0.03225806451612903 0.3548387096774194 0.0967741935483871 0.03225806451612903 0.03225806451612903 0.16129032258064516 
0.030303030303030304 0.3333333333333333 0.030303030303030304 0.030303030303030304 0.030303030303030304 0.030303030303030304 0.030303030303030304 0.09090909090909091 0.030303030303030304 0.030303030303030304 0.030303030303030304 0.030303030303030304 0.21212121212121213 0.030303030303030304 0.030303030303030304 
0.02702702702702703 0.24324324324324326 0.02702702702702703 0.08108108108108109 0.02702702702702703 0.02702702702702703 0.02702702702702703 0.1891891891891892 0.02702702702702703 0.02702702702702703 0.02702702702702703 0.08108108108108109 0.02702702702702703 0.02702702702702703 0.13513513513513514 
0.043478260869565216 0.043478260869565216 0.30434782608695654 0.043478260869565216 0.043478260869565216 0.043478260869565216 0.043478260869565216 0.043478260869565216 0.043478260869565216 0.043478260869565216 0.043478260869565216 0.043478260869565216 0.043478260869565216 0.043478260869565216 0.13043478260869565 
0.02857142857142857 0.02857142857142857 0.02857142857142857 0.02857142857142857 0.2 0.02857142857142857 0.02857142857142857 0.02857142857142857 0.3142857142857143 0.02857142857142857 0.08571428571428572 0.02857142857142857 0.02857142857142857 0.08571428571428572 0.02857142857142857 
0.05263157894736842 0.05263157894736842 0.05263157894736842 0.05263157894736842 0.15789473684210525 0.15789473684210525 0.05263157894736842 0.05263157894736842 0.05263157894736842 0.05263157894736842 0.05263157894736842 0.05263157894736842 0.05263157894736842 0.05263157894736842 0.05263157894736842 
0.023255813953488372 0.06976744186046512 0.023255813953488372 0.06976744186046512 0.023255813953488372 0.023255813953488372 0.023255813953488372 0.023255813953488372 0.023255813953488372 0.023255813953488372 0.023255813953488372 0.11627906976744186 0.4883720930232558 0.023255813953488372 0.023255813953488372 
0.037037037037037035 0.1111111111111111 0.18518518518518517 0.1111111111111111 0.037037037037037035 0.037037037037037035 0.037037037037037035 0.1111111111111111 0.037037037037037035 0.037037037037037035 0.037037037037037035 0.1111111111111111 0.037037037037037035 0.037037037037037035 0.037037037037037035 
0.043478260869565216 0.043478260869565216 0.043478260869565216 0.043478260869565216 0.13043478260869565 0.13043478260869565 0.043478260869565216 0.043478260869565216 0.043478260869565216 0.21739130434782608 0.043478260869565216 0.043478260869565216 0.043478260869565216 0.043478260869565216 0.043478260869565216 
0.01639344262295082 0.08196721311475409 0.01639344262295082 0.01639344262295082 0.01639344262295082 0.01639344262295082 0.01639344262295082 0.4426229508196721 0.01639344262295082 0.01639344262295082 0.04918032786885246 0.04918032786885246 0.01639344262295082 0.01639344262295082 0.21311475409836064 
0.1111111111111111 0.1111111111111111 0.022222222222222223 0.022222222222222223 0.1111111111111111 0.022222222222222223 0.1111111111111111 0.022222222222222223 0.24444444444444444 0.022222222222222223 0.06666666666666667 0.06666666666666667 0.022222222222222223 0.022222222222222223 0.022222222222222223 
0.023255813953488372 0.023255813953488372 0.023255813953488372 0.20930232558139536 0.023255813953488372 0.2558139534883721 0.023255813953488372 0.023255813953488372 0.023255813953488372 0.023255813953488372 0.023255813953488372 0.023255813953488372 0.023255813953488372 0.20930232558139536 0.06976744186046512 
0.023255813953488372 0.023255813953488372 0.11627906976744186 0.16279069767441862 0.023255813953488372 0.023255813953488372 0.023255813953488372 0.023255813953488372 0.11627906976744186 0.023255813953488372 0.023255813953488372 0.16279069767441862 0.023255813953488372 0.06976744186046512 0.16279069767441862 
0.022222222222222223 0.022222222222222223 0.022222222222222223 0.06666666666666667 0.022222222222222223 0.15555555555555556 0.022222222222222223 0.022222222222222223 0.022222222222222223 0.022222222222222223 0.022222222222222223 0.24444444444444444 0.022222222222222223 0.24444444444444444 0.06666666666666667 
0.20634920634920634 0.015873015873015872 0.015873015873015872 0.07936507936507936 0.047619047619047616 0.015873015873015872 0.015873015873015872 0.047619047619047616 0.047619047619047616 0.015873015873015872 0.015873015873015872 0.047619047619047616 0.047619047619047616 0.36507936507936506 0.015873015873015872 
0.08571428571428572 0.02857142857142857 0.2 0.02857142857142857 0.02857142857142857 0.02857142857142857 0.02857142857142857 0.02857142857142857 0.02857142857142857 0.08571428571428572 0.02857142857142857 0.02857142857142857 0.02857142857142857 0.14285714285714285 0.2 
0.23809523809523808 0.14285714285714285 0.047619047619047616 0.047619047619047616 0.047619047619047616 0.047619047619047616 0.047619047619047616 0.047619047619047616 0.047619047619047616 0.047619047619047616 0.047619047619047616 0.047619047619047616 0.047619047619047616 0.047619047619047616 0.047619047619047616 
0.13043478260869565 0.043478260869565216 0.043478260869565216 0.043478260869565216 0.043478260869565216 0.043478260869565216 0.13043478260869565 0.043478260869565216 0.043478260869565216 0.043478260869565216 0.043478260869565216 0.043478260869565216 0.043478260869565216 0.13043478260869565 0.13043478260869565 
0.04 0.04 0.04 0.04 0.2 0.04 0.04 0.12 0.04 0.04 0.04 0.12 0.04 0.04 0.12 
0.04 0.04 0.04 0.28 0.12 0.04 0.04 0.04 0.04 0.04 0.04 0.04 0.12 0.04 0.04 
0.043478260869565216 0.043478260869565216 0.043478260869565216 0.043478260869565216 0.043478260869565216 0.043478260869565216 0.043478260869565216 0.043478260869565216 0.13043478260869565 0.043478260869565216 0.13043478260869565 0.043478260869565216 0.21739130434782608 0.043478260869565216 0.043478260869565216 
0.1111111111111111 0.3333333333333333 0.037037037037037035 0.037037037037037035 0.037037037037037035 0.037037037037037035 0.037037037037037035 0.037037037037037035 0.1111111111111111 0.037037037037037035 0.037037037037037035 0.037037037037037035 0.037037037037037035 0.037037037037037035 0.037037037037037035 
0.043478260869565216 0.13043478260869565 0.043478260869565216 0.21739130434782608 0.043478260869565216 0.043478260869565216 0.043478260869565216 0.043478260869565216 0.043478260869565216 0.043478260869565216 0.13043478260869565 0.043478260869565216 0.043478260869565216 0.043478260869565216 0.043478260869565216 
0.024390243902439025 0.21951219512195122 0.024390243902439025 0.024390243902439025 0.07317073170731707 0.12195121951219512 0.17073170731707318 0.024390243902439025 0.024390243902439025 0.024390243902439025 0.12195121951219512 0.024390243902439025 0.024390243902439025 0.07317073170731707 0.024390243902439025 
0.043478260869565216 0.043478260869565216 0.043478260869565216 0.043478260869565216 0.043478260869565216 0.043478260869565216 0.043478260869565216 0.391304347826087 0.043478260869565216 0.043478260869565216 0.043478260869565216 0.043478260869565216 0.043478260869565216 0.043478260869565216 0.043478260869565216 
0.043478260869565216 0.043478260869565216 0.043478260869565216 0.043478260869565216 0.21739130434782608 0.13043478260869565 0.043478260869565216 0.043478260869565216 0.043478260869565216 0.043478260869565216 0.043478260869565216 0.043478260869565216 0.043478260869565216 0.043478260869565216 0.13043478260869565 
0.13043478260869565 0.21739130434782608 0.043478260869565216 0.043478260869565216 0.043478260869565216 0.043478260869565216 0.043478260869565216 0.043478260869565216 0.043478260869565216 0.043478260869565216 0.043478260869565216 0.043478260869565216 0.043478260869565216 0.043478260869565216 0.13043478260869565 
0.02857142857142857 0.14285714285714285 0.02857142857142857 0.02857142857142857 0.08571428571428572 0.02857142857142857 0.08571428571428572 0.02857142857142857 0.14285714285714285 0.02857142857142857 0.2571428571428571 0.02857142857142857 0.02857142857142857 0.02857142857142857 0.02857142857142857 
0.037037037037037035 0.1111111111111111 0.037037037037037035 0.1111111111111111 0.037037037037037035 0.037037037037037035 0.1111111111111111 0.1111111111111111 0.1111111111111111 0.037037037037037035 0.037037037037037035 0.037037037037037035 0.1111111111111111 0.037037037037037035 0.037037037037037035 
0.28888888888888886 0.022222222222222223 0.06666666666666667 0.022222222222222223 0.022222222222222223 0.022222222222222223 0.1111111111111111 0.1111111111111111 0.022222222222222223 0.022222222222222223 0.022222222222222223 0.15555555555555556 0.06666666666666667 0.022222222222222223 0.022222222222222223 
0.024390243902439025 0.024390243902439025 0.024390243902439025 0.4146341463414634 0.024390243902439025 0.17073170731707318 0.024390243902439025 0.12195121951219512 0.024390243902439025 0.024390243902439025 0.024390243902439025 0.024390243902439025 0.024390243902439025 0.024390243902439025 0.024390243902439025 
0.0196078431372549 0.0196078431372549 0.17647058823529413 0.0196078431372549 0.0196078431372549 0.0196078431372549 0.0196078431372549 0.4117647058823529 0.0196078431372549 0.0196078431372549 0.0196078431372549 0.0196078431372549 0.058823529411764705 0.13725490196078433 0.0196078431372549 
0.02857142857142857 0.08571428571428572 0.02857142857142857 0.14285714285714285 0.02857142857142857 0.02857142857142857 0.08571428571428572 0.2 0.08571428571428572 0.02857142857142857 0.02857142857142857 0.02857142857142857 0.02857142857142857 0.14285714285714285 0.02857142857142857 
0.03225806451612903 0.0967741935483871 0.03225806451612903 0.03225806451612903 0.0967741935483871 0.03225806451612903 0.03225806451612903 0.3548387096774194 0.03225806451612903 0.03225806451612903 0.0967741935483871 0.03225806451612903 0.03225806451612903 0.03225806451612903 0.03225806451612903 
0.047619047619047616 0.047619047619047616 0.047619047619047616 0.047619047619047616 0.047619047619047616 0.047619047619047616 0.23809523809523808 0.047619047619047616 0.047619047619047616 0.047619047619047616 0.14285714285714285 0.047619047619047616 0.047619047619047616 0.047619047619047616 0.047619047619047616 
0.034482758620689655 0.1724137931034483 0.034482758620689655 0.034482758620689655 0.034482758620689655 0.034482758620689655 0.2413793103448276 0.10344827586206896 0.034482758620689655 0.034482758620689655 0.10344827586206896 0.034482758620689655 0.034482758620689655 0.034482758620689655 0.034482758620689655 
0.047619047619047616 0.047619047619047616 0.14285714285714285 0.047619047619047616 0.047619047619047616 0.047619047619047616 0.047619047619047616 0.047619047619047616 0.047619047619047616 0.14285714285714285 0.047619047619047616 0.047619047619047616 0.14285714285714285 0.047619047619047616 0.047619047619047616 
0.02702702702702703 0.02702702702702703 0.08108108108108109 0.08108108108108109 0.02702702702702703 0.02702702702702703 0.02702702702702703 0.4594594594594595 0.02702702702702703 0.02702702702702703 0.02702702702702703 0.02702702702702703 0.08108108108108109 0.02702702702702703 0.02702702702702703 
0.033707865168539325 0.011235955056179775 0.011235955056179775 0.12359550561797752 0.011235955056179775 0.011235955056179775 0.011235955056179775 0.7078651685393258 0.011235955056179775 0.011235955056179775 0.011235955056179775 0.011235955056179775 0.011235955056179775 0.011235955056179775 0.011235955056179775 
0.14285714285714285 0.14285714285714285 0.047619047619047616 0.047619047619047616 0.14285714285714285 0.047619047619047616 0.047619047619047616 0.047619047619047616 0.047619047619047616 0.047619047619047616 0.047619047619047616 0.047619047619047616 0.047619047619047616 0.047619047619047616 0.047619047619047616 
0.30434782608695654 0.043478260869565216 0.043478260869565216 0.043478260869565216 0.043478260869565216 0.043478260869565216 0.043478260869565216 0.043478260869565216 0.043478260869565216 0.043478260869565216 0.043478260869565216 0.043478260869565216 0.13043478260869565 0.043478260869565216 0.043478260869565216 
0.03225806451612903 0.03225806451612903 0.03225806451612903 0.03225806451612903 0.03225806451612903 0.03225806451612903 0.03225806451612903 0.16129032258064516 0.22580645161290322 0.03225806451612903 0.03225806451612903 0.03225806451612903 0.16129032258064516 0.03225806451612903 0.0967741935483871 
0.2413793103448276 0.10344827586206896 0.034482758620689655 0.034482758620689655 0.034482758620689655 0.034482758620689655 0.1724137931034483 0.034482758620689655 0.034482758620689655 0.034482758620689655 0.034482758620689655 0.10344827586206896 0.034482758620689655 0.034482758620689655 0.034482758620689655 
0.1891891891891892 0.02702702702702703 0.02702702702702703 0.08108108108108109 0.02702702702702703 0.02702702702702703 0.02702702702702703 0.02702702702702703 0.02702702702702703 0.08108108108108109 0.08108108108108109 0.08108108108108109 0.02702702702702703 0.08108108108108109 0.1891891891891892 
0.23943661971830985 0.07042253521126761 0.014084507042253521 0.014084507042253521 0.04225352112676056 0.04225352112676056 0.18309859154929578 0.014084507042253521 0.014084507042253521 0.09859154929577464 0.014084507042253521 0.07042253521126761 0.04225352112676056 0.014084507042253521 0.1267605633802817 
0.01639344262295082 0.01639344262295082 0.01639344262295082 0.01639344262295082 0.11475409836065574 0.04918032786885246 0.04918032786885246 0.01639344262295082 0.11475409836065574 0.01639344262295082 0.01639344262295082 0.47540983606557374 0.01639344262295082 0.01639344262295082 0.04918032786885246 
0.043478260869565216 0.043478260869565216 0.043478260869565216 0.21739130434782608 0.043478260869565216 0.043478260869565216 0.043478260869565216 0.043478260869565216 0.043478260869565216 0.043478260869565216 0.13043478260869565 0.043478260869565216 0.13043478260869565 0.043478260869565216 0.043478260869565216 
0.04 0.28 0.04 0.04 0.04 0.04 0.04 0.04 0.12 0.04 0.04 0.04 0.04 0.12 0.04 
0.22580645161290322 0.03225806451612903 0.03225806451612903 0.03225806451612903 0.16129032258064516 0.03225806451612903 0.03225806451612903 0.03225806451612903 0.03225806451612903 0.03225806451612903 0.03225806451612903 0.03225806451612903 0.03225806451612903 0.22580645161290322 0.03225806451612903 
0.03225806451612903 0.0967741935483871 0.03225806451612903 0.03225806451612903 0.03225806451612903 0.03225806451612903 0.03225806451612903 0.22580645161290322 0.22580645161290322 0.03225806451612903 0.03225806451612903 0.03225806451612903 0.03225806451612903 0.03225806451612903 0.0967741935483871 
0.0967741935483871 0.03225806451612903 0.22580645161290322 0.03225806451612903 0.03225806451612903 0.03225806451612903 0.0967741935483871 0.0967741935483871 0.03225806451612903 0.03225806451612903 0.03225806451612903 0.03225806451612903 0.03225806451612903 0.03225806451612903 0.16129032258064516 
0.02127659574468085 0.14893617021276595 0.02127659574468085 0.06382978723404255 0.14893617021276595 0.02127659574468085 0.02127659574468085 0.06382978723404255 0.02127659574468085 0.02127659574468085 0.02127659574468085 0.02127659574468085 0.10638297872340426 0.10638297872340426 0.19148936170212766 
0.034482758620689655 0.034482758620689655 0.034482758620689655 0.3103448275862069 0.034482758620689655 0.034482758620689655 0.034482758620689655 0.034482758620689655 0.034482758620689655 0.034482758620689655 0.1724137931034483 0.10344827586206896 0.034482758620689655 0.034482758620689655 0.034482758620689655 
0.034482758620689655 0.034482758620689655 0.034482758620689655 0.034482758620689655 0.10344827586206896 0.034482758620689655 0.034482758620689655 0.034482758620689655 0.1724137931034483 0.034482758620689655 0.10344827586206896 0.2413793103448276 0.034482758620689655 0.034482758620689655 0.034482758620689655 
0.014492753623188406 0.014492753623188406 0.043478260869565216 0.18840579710144928 0.014492753623188406 0.014492753623188406 0.043478260869565216 0.014492753623188406 0.07246376811594203 0.014492753623188406 0.014492753623188406 0.36231884057971014 0.15942028985507245 0.014492753623188406 0.014492753623188406 
0.05263157894736842 0.05263157894736842 0.15789473684210525 0.05263157894736842 0.05263157894736842 0.05263157894736842 0.05263157894736842 0.15789473684210525 0.05263157894736842 0.05263157894736842 0.05263157894736842 0.05263157894736842 0.05263157894736842 0.05263157894736842 0.05263157894736842 
0.03225806451612903 0.03225806451612903 0.2903225806451613 0.03225806451612903 0.0967741935483871 0.03225806451612903 0.03225806451612903 0.03225806451612903 0.03225806451612903 0.03225806451612903 0.03225806451612903 0.03225806451612903 0.03225806451612903 0.22580645161290322 0.03225806451612903 
0.02040816326530612 0.061224489795918366 0.42857142857142855 0.02040816326530612 0.02040816326530612 0.02040816326530612 0.061224489795918366 0.02040816326530612 0.14285714285714285 0.02040816326530612 0.02040816326530612 0.061224489795918366 0.061224489795918366 0.02040816326530612 0.02040816326530612 
0.047619047619047616 0.047619047619047616 0.047619047619047616 0.047619047619047616 0.14285714285714285 0.047619047619047616 0.047619047619047616 0.047619047619047616 0.047619047619047616 0.047619047619047616 0.047619047619047616 0.047619047619047616 0.047619047619047616 0.23809523809523808 0.047619047619047616 
0.047619047619047616 0.047619047619047616 0.047619047619047616 0.047619047619047616 0.047619047619047616 0.14285714285714285 0.047619047619047616 0.047619047619047616 0.047619047619047616 0.23809523809523808 0.047619047619047616 0.047619047619047616 0.047619047619047616 0.047619047619047616 0.047619047619047616 
0.043478260869565216 0.043478260869565216 0.13043478260869565 0.043478260869565216 0.043478260869565216 0.043478260869565216 0.043478260869565216 0.043478260869565216 0.043478260869565216 0.13043478260869565 0.043478260869565216 0.13043478260869565 0.043478260869565216 0.13043478260869565 0.043478260869565216 
0.047619047619047616 0.047619047619047616 0.047619047619047616 0.047619047619047616 0.047619047619047616 0.3333333333333333 0.047619047619047616 0.047619047619047616 0.047619047619047616 0.047619047619047616 0.047619047619047616 0.047619047619047616 0.047619047619047616 0.047619047619047616 0.047619047619047616 
0.09090909090909091 0.21212121212121213 0.030303030303030304 0.030303030303030304 0.030303030303030304 0.030303030303030304 0.15151515151515152 0.030303030303030304 0.030303030303030304 0.030303030303030304 0.15151515151515152 0.030303030303030304 0.030303030303030304 0.09090909090909091 0.030303030303030304 
0.04 0.04 0.04 0.04 0.12 0.2 0.04 0.12 0.04 0.04 0.12 0.04 0.04 0.04 0.04 
0.03225806451612903 0.03225806451612903 0.03225806451612903 0.03225806451612903 0.03225806451612903 0.03225806451612903 0.22580645161290322 0.03225806451612903 0.0967741935483871 0.03225806451612903 0.22580645161290322 0.03225806451612903 0.03225806451612903 0.03225806451612903 0.0967741935483871 
0.04 0.04 0.04 0.2 0.04 0.28 0.04 0.04 0.04 0.04 0.04 0.04 0.04 0.04 0.04 
0.36585365853658536 0.17073170731707318 0.024390243902439025 0.07317073170731707 0.024390243902439025 0.024390243902439025 0.024390243902439025 0.024390243902439025 0.024390243902439025 0.024390243902439025 0.024390243902439025 0.024390243902439025 0.07317073170731707 0.024390243902439025 0.07317073170731707 
0.04 0.04 0.04 0.12 0.04 0.04 0.04 0.28 0.04 0.04 0.04 0.04 0.04 0.12 0.04 
