0.13236714975845412 0.32801932367149755 0.2980676328502415 0.061352657004830995 0.18019323671497586
0.20457516339869264 0.3045751633986924 0.08300653594771226 0.12156862745098021 0.28627450980392116
0.10396825396825397 0.39285714285714274 0.21111111111111103 0.07857142857142851 0.21349206349206343
0.14093567251461986 0.3479532163742689 0.11228070175438588 0.15029239766081856 0.2485380116959064
0.16666666666666677 0.402020202020202 0.1343434343434345 0.15454545454545476 0.14242424242424245
0.12098765432098742 0.1691358024691355 0.4543209876543209 0.1333333333333331 0.12222222222222201
0.0833333333333332 0.19197530864197523 0.0759259259259258 0.0895061728395061 0.5592592592592592
0.11499999999999999 0.20777777777777784 0.45111111111111096 0.11166666666666668 0.11444444444444445
0.17777777777777778 0.5055555555555555 0.07222222222222222 0.14652777777777778 0.09791666666666667
0.14333333333333315 0.3133333333333333 0.10666666666666651 0.11222222222222206 0.32444444444444454
0.2604938271604935 0.19753086419753055 0.12345679012345655 0.15061728395061702 0.2679012345679009
0.2531746031746032 0.08730158730158723 0.09999999999999998 0.12539682539682534 0.43412698412698403
0.18888888888888905 0.18787878787878798 0.16565656565656584 0.30101010101010106 0.1565656565656567
0.15333333333333315 0.21999999999999992 0.1555555555555554 0.11777777777777763 0.3533333333333333
0.40208333333333335 0.12708333333333333 0.17916666666666667 0.18333333333333332 0.10833333333333334
0.15490196078431356 0.13202614379084948 0.09803921568627438 0.130065359477124 0.48496732026143785
0.26825396825396797 0.07142857142857134 0.06984126984126979 0.07195767195767187 0.5185185185185186
0.3101851851851852 0.24722222222222223 0.12314814814814813 0.20185185185185184 0.11759259259259262
0.2204301075268818 0.4473118279569893 0.08028673835125442 0.10967741935483873 0.1422939068100359
0.1515151515151516 0.1121212121212122 0.1949494949494951 0.395959595959596 0.1454545454545456
0.4444444444444444 0.12023809523809524 0.07539682539682534 0.13373015873015878 0.2261904761904762
0.09382716049382707 0.1358024691358023 0.5993827160493831 0.09814814814814801 0.07283950617283938
0.175 0.20416666666666666 0.15 0.16527777777777777 0.3055555555555556
0.39941520467836233 0.14912280701754377 0.12982456140350873 0.11637426900584785 0.2052631578947367
0.16410256410256385 0.17692307692307674 0.12478632478632468 0.15470085470085457 0.3794871794871791
0.27685185185185196 0.14259259259259258 0.13240740740740742 0.15000000000000002 0.2981481481481481
0.35625 0.2881944444444444 0.12708333333333333 0.12291666666666666 0.10555555555555556
0.12976190476190477 0.5579365079365078 0.17499999999999996 0.06706349206349205 0.07023809523809518
0.1814814814814812 0.1333333333333331 0.1913580246913577 0.17901234567901203 0.31481481481481427
0.10808080808080811 0.4101010101010103 0.1212121212121213 0.10808080808080817 0.25252525252525265
0.33055555555555555 0.1388888888888889 0.2513888888888889 0.13055555555555556 0.1486111111111111
0.16049382716049357 0.3222222222222218 0.187654320987654 0.216049382716049 0.11358024691358003
0.125 0.125 0.5 0.125 0.125
0.10683760683760671 0.21111111111111086 0.088034188034188 0.09145299145299135 0.5025641025641023
0.20222222222222216 0.19888888888888892 0.3077777777777778 0.1533333333333331 0.13777777777777758
0.18148148148148124 0.21358024691358005 0.18641975308641953 0.2296296296296294 0.1888888888888886
0.11358024691358003 0.15802469135802444 0.49012345679012326 0.12222222222222198 0.11604938271604917
0.15111111111111097 0.27777777777777773 0.13222222222222202 0.2744444444444444 0.16444444444444428
0.30123456790123415 0.233333333333333 0.1345679012345677 0.12839506172839482 0.2024691358024689
0.18095238095238095 0.16666666666666652 0.16666666666666657 0.3380952380952376 0.1476190476190475
0.13333333333333333 0.1361111111111111 0.12777777777777777 0.12777777777777777 0.475
0.12962962962962937 0.13086419753086398 0.5037037037037038 0.11728395061728374 0.11851851851851827
0.1866666666666666 0.3000000000000001 0.1466666666666665 0.24888888888888897 0.11777777777777762
0.2177777777777777 0.21444444444444452 0.1799999999999999 0.1788888888888888 0.2088888888888888
0.10555555555555537 0.10999999999999982 0.40333333333333277 0.10111111111111094 0.28000000000000025
0.21367521367521342 0.1205128205128204 0.09829059829059819 0.11794871794871785 0.44957264957264953
0.24999999999999997 0.326984126984127 0.15396825396825392 0.12619047619047605 0.14285714285714274
0.08962962962962964 0.1385185185185184 0.0962962962962963 0.09703703703703703 0.5785185185185188
0.2537037037037037 0.07469135802469123 0.35555555555555557 0.14753086419753075 0.16851851851851835
0.13555555555555537 0.20777777777777764 0.4177777777777774 0.12111111111111093 0.11777777777777762
0.19444444444444445 0.23796296296296304 0.09907407407407405 0.10277777777777777 0.3657407407407408
0.05893719806763294 0.058937198067632965 0.05942028985507256 0.742995169082126 0.0797101449275363
0.11794871794871786 0.09658119658119652 0.31538461538461493 0.3230769230769226 0.14700854700854682
0.5268518518518519 0.12592592592592594 0.09259259259259252 0.0953703703703703 0.1592592592592593
0.152222222222222 0.12555555555555534 0.1244444444444443 0.4766666666666665 0.12111111111111092
0.06584362139917697 0.06666666666666671 0.05555555555555561 0.07530864197530872 0.7366255144032923
0.26616161616161615 0.1863636363636363 0.05555555555555561 0.11818181818181826 0.3737373737373733
0.1814814814814813 0.3333333333333329 0.13456790123456763 0.22222222222222188 0.12839506172839485
0.38055555555555554 0.14097222222222222 0.2951388888888889 0.07916666666666666 0.10416666666666667
0.2913580246913577 0.1333333333333331 0.11975308641975285 0.1814814814814812 0.27407407407407364
0.27863247863247853 0.13589743589743578 0.11111111111111105 0.14871794871794863 0.32564102564102526
0.26959064327485377 0.15789473684210512 0.06842105263157895 0.4280701754385966 0.07602339181286545
0.12888888888888886 0.23703703703703688 0.12222222222222215 0.11777777777777773 0.3940740740740737
0.1563492063492062 0.11666666666666657 0.10634920634920626 0.1793650793650793 0.4412698412698412
0.36111111111111094 0.15999999999999975 0.10777777777777761 0.12111111111111093 0.25
0.12839506172839485 0.14074074074074047 0.482716049382716 0.11358024691358003 0.13456790123456766
0.11234567901234546 0.17901234567901206 0.37407407407407367 0.22098765432098721 0.11358024691358003
0.5629629629629632 0.09777777777777773 0.07481481481481479 0.1651851851851851 0.0992592592592592
0.10888888888888872 0.1411111111111109 0.5022222222222223 0.12555555555555536 0.12222222222222207
0.13086419753086392 0.11358024691358003 0.11234567901234546 0.15308641975308615 0.4901234567901236
0.1111111111111109 0.11234567901234546 0.5518518518518528 0.11234567901234546 0.11234567901234546
0.10505050505050512 0.10101010101010104 0.11313131313131322 0.5838383838383835 0.09696969696969698
0.18686868686868696 0.21515151515151526 0.29393939393939406 0.14444444444444457 0.15959595959595968
0.1757575757575758 0.275757575757576 0.14141414141414158 0.19696969696969704 0.21010101010101007
0.1370370370370371 0.14999999999999997 0.10277777777777782 0.5148148148148147 0.09537037037037031
0.16515151515151516 0.13535353535353536 0.18434343434343445 0.09646464646464654 0.41868686868686866
0.19682539682539676 0.2190476190476189 0.19999999999999987 0.18888888888888886 0.19523809523809513
0.09523809523809515 0.09126984126984124 0.08333333333333327 0.5817460317460319 0.14841269841269827
0.1222222222222222 0.15481481481481468 0.10444444444444442 0.10666666666666666 0.5118518518518518
0.1623931623931622 0.09658119658119653 0.344444444444444 0.10085470085470077 0.29572649572649534
0.1031746031746031 0.08968253968253966 0.0801587301587301 0.6492063492063497 0.07777777777777772
0.18282828282828298 0.2646464646464647 0.21010101010101032 0.2060606060606062 0.13636363636363652
0.15714285714285706 0.36904761904761907 0.11111111111111104 0.22698412698412695 0.13571428571428562
0.15816993464052267 0.26797385620915004 0.3411764705882348 0.10392156862745083 0.12875816993464032
0.1372222222222222 0.2894444444444445 0.42111111111111116 0.0888888888888888 0.06333333333333324
0.3682539682539677 0.15079365079365065 0.14285714285714277 0.14444444444444438 0.1936507936507936
0.4692982456140351 0.05555555555555552 0.18830409356725156 0.039766081871345005 0.24707602339181275
0.12962962962962965 0.16203703703703712 0.1537037037037037 0.15462962962962962 0.4
0.5322222222222225 0.11777777777777763 0.11111111111111094 0.11888888888888872 0.11999999999999986
0.2938271604938268 0.16913580246913557 0.1604938271604936 0.20123456790123434 0.17530864197530838
0.29047619047619044 0.1857142857142856 0.10873015873015866 0.23650793650793644 0.17857142857142846
0.2549382716049383 0.1061728395061727 0.2043209876543208 0.07592592592592581 0.35864197530864184
0.16604938271604916 0.10864197530864181 0.41913580246913557 0.06666666666666655 0.23950617283950612
0.11975308641975285 0.16790123456790093 0.4839506172839504 0.11358024691358004 0.11481481481481458
0.21666666666666667 0.2263888888888889 0.1375 0.15 0.26944444444444443
0.3703703703703704 0.15462962962962973 0.14259259259259263 0.14351851851851855 0.188888888888889
0.29841269841269813 0.23968253968253958 0.14761904761904754 0.17142857142857135 0.14285714285714277
0.5479166666666667 0.10347222222222222 0.09513888888888888 0.09722222222222222 0.15625
0.5524305555555555 0.06979166666666667 0.2722222222222222 0.044097222222222225 0.06145833333333333
0.25079365079365057 0.18095238095238086 0.16190476190476183 0.17619047619047604 0.23015873015873006
0.16851851851851857 0.1435185185185186 0.39629629629629637 0.12037037037037049 0.17129629629629634
0.5412698412698411 0.14642857142857144 0.10317460317460314 0.051587301587301584 0.15753968253968245
0.5308641975308644 0.08518518518518504 0.062345679012345556 0.25432098765432104 0.06728395061728382
0.2861111111111111 0.16666666666666666 0.16666666666666666 0.18333333333333332 0.19722222222222222
0.22407407407407404 0.12962962962962962 0.10925925925925925 0.18240740740740738 0.35462962962962974
0.12469135802469113 0.11604938271604917 0.12345679012345655 0.5135802469135805 0.12222222222222201
0.2361111111111111 0.21388888888888888 0.13194444444444445 0.2791666666666667 0.1388888888888889
0.22370370370370357 0.1414814814814814 0.1022222222222222 0.38814814814814785 0.14444444444444438
0.5209876543209876 0.08024691358024677 0.08580246913580235 0.2487654320987653 0.06419753086419741
0.11587301587301582 0.22777777777777788 0.1976190476190476 0.11111111111111109 0.34761904761904755
0.5381642512077295 0.12415458937198072 0.18405797101449275 0.08067632850241552 0.07294685990338172
0.6547008547008549 0.09059829059829055 0.0777777777777777 0.08205128205128195 0.09487179487179477
0.16666666666666646 0.16851851851851826 0.16666666666666646 0.33148148148148104 0.16666666666666646
0.6349206349206358 0.08015873015873012 0.07301587301587298 0.07142857142857138 0.1404761904761904
0.222222222222222 0.2271604938271602 0.16172839506172815 0.22592592592592564 0.16296296296296273
0.24166666666666667 0.09930555555555555 0.3527777777777778 0.20833333333333334 0.09791666666666667
0.09481481481481484 0.11185185185185179 0.5325925925925926 0.1651851851851851 0.09555555555555557
0.10533333333333329 0.19288888888888872 0.12488888888888887 0.49199999999999994 0.08488888888888894
0.15833333333333333 0.14166666666666666 0.14444444444444443 0.4027777777777778 0.1527777777777778
0.32916666666666666 0.15 0.14166666666666666 0.15833333333333333 0.22083333333333333
0.38253968253968257 0.19761904761904764 0.10714285714285704 0.14285714285714282 0.1698412698412698
0.12638888888888888 0.125 0.49722222222222223 0.125 0.12638888888888888
0.16031746031746025 0.14444444444444432 0.39682539682539636 0.14920634920634915 0.14920634920634918
0.17283950617283922 0.12222222222222201 0.11358024691358003 0.4617283950617281 0.12962962962962937
0.1766666666666665 0.22555555555555573 0.17222222222222205 0.13555555555555532 0.29000000000000004
0.16984126984126982 0.16666666666666657 0.16031746031746028 0.33174603174603134 0.17142857142857132
0.3250000000000001 0.23888888888888893 0.16944444444444443 0.08999999999999994 0.1766666666666667
0.37581699346405173 0.18627450980392135 0.06535947712418289 0.18104575163398665 0.19150326797385592
0.1714285714285714 0.16349206349206344 0.3333333333333329 0.1634920634920634 0.16825396825396816
0.16078431372548993 0.13006535947712397 0.07189542483660116 0.5732026143790853 0.06405228758169922
0.20303030303030312 0.1202020202020203 0.1040404040404041 0.11313131313131321 0.4595959595959597
0.1873015873015873 0.16190476190476177 0.1634920634920634 0.34285714285714236 0.14444444444444432
0.12839506172839485 0.1259259259259257 0.12469135802469113 0.4962962962962964 0.12469135802469113
0.35555555555555546 0.1363636363636365 0.14141414141414158 0.22828282828282842 0.1383838383838385
0.28271604938271566 0.14320987654320966 0.13209876543209856 0.14567901234567876 0.2962962962962959
0.1986111111111111 0.18611111111111112 0.18333333333333332 0.21805555555555556 0.21388888888888888
0.1486111111111111 0.1375 0.43472222222222223 0.14166666666666666 0.1375
0.1084291187739464 0.23869731800766286 0.4126436781609199 0.15708812260536395 0.08314176245210726
0.5372222222222223 0.1327777777777778 0.06999999999999992 0.08333333333333326 0.17666666666666658
0.1061111111111111 0.09888888888888883 0.38499999999999984 0.32611111111111096 0.08388888888888882
0.16969696969696985 0.45757575757575747 0.1202020202020203 0.12727272727272737 0.12525252525252537
0.13675213675213663 0.19401709401709388 0.36324786324786273 0.09914529914529908 0.2068376068376066
0.17142857142857132 0.4476190476190475 0.08968253968253966 0.08968253968253966 0.2015873015873015
0.125 0.12638888888888888 0.49722222222222223 0.125 0.12638888888888888
0.16527777777777777 0.12777777777777777 0.12638888888888888 0.12638888888888888 0.45416666666666666
0.12870370370370368 0.16018518518518512 0.22129629629629638 0.3592592592592592 0.13055555555555565
0.40555555555555556 0.14074074074074078 0.13240740740740747 0.18796296296296308 0.13333333333333344
0.19777777777777766 0.27777777777777773 0.1377777777777776 0.13222222222222202 0.25444444444444436
0.26111111111111124 0.21746031746031733 0.07936507936507933 0.35714285714285693 0.08492063492063487
0.24920634920634904 0.19523809523809513 0.1666666666666666 0.18253968253968245 0.2063492063492062
0.17777777777777778 0.22881944444444444 0.22152777777777777 0.18194444444444444 0.18993055555555555
0.335802469135802 0.13086419753086398 0.11975308641975284 0.12839506172839482 0.2851851851851848
0.2161616161616164 0.19494949494949512 0.12727272727272737 0.16565656565656584 0.2959595959595962
0.30793650793650795 0.39444444444444426 0.0928571428571428 0.09523809523809522 0.10952380952380945
0.2361111111111111 0.1763888888888889 0.13333333333333333 0.2847222222222222 0.16944444444444445
0.2666666666666667 0.3546296296296296 0.17499999999999982 0.10277777777777777 0.10092592592592585
0.0953703703703703 0.10833333333333335 0.09166666666666656 0.09444444444444433 0.6101851851851852
0.0981481481481481 0.17499999999999985 0.45462962962962966 0.17777777777777762 0.09444444444444436
0.1733333333333332 0.3392592592592588 0.14888888888888882 0.151111111111111 0.1874074074074073
0.14949494949494957 0.32323232323232326 0.0929292929292929 0.09393939393939392 0.3404040404040403
0.13472222222222222 0.12916666666666668 0.4791666666666667 0.12638888888888888 0.13055555555555556
0.15238095238095228 0.36507936507936456 0.16984126984126977 0.1587301587301586 0.15396825396825387
0.14722222222222223 0.15833333333333333 0.1486111111111111 0.14583333333333334 0.4
0.1545454545454545 0.1308080808080809 0.21414141414141416 0.3449494949494948 0.15555555555555559
0.1158730158730158 0.08253968253968247 0.08809523809523807 0.5444444444444446 0.16904761904761895
0.13456790123456763 0.1790123456790121 0.2777777777777773 0.2839506172839502 0.12469135802469113
0.13333333333333314 0.19111111111111095 0.46999999999999986 0.10444444444444426 0.10111111111111093
0.38300653594771233 0.09803921568627436 0.10522875816993446 0.13594771241830048 0.27777777777777735
0.10740740740740738 0.0981481481481481 0.6175925925925925 0.0888888888888888 0.08796296296296285
0.11587301587301582 0.3706349206349206 0.10238095238095234 0.24920634920634918 0.16190476190476177
0.2161616161616163 0.11010101010101021 0.09696969696969696 0.4424242424242423 0.13434343434343443
0.21212121212121227 0.2141414141414143 0.14242424242424262 0.29191919191919197 0.13939393939393954
0.10666666666666648 0.10111111111111093 0.10222222222222206 0.5888888888888897 0.10111111111111093
0.4039215686274507 0.10915032679738547 0.10261437908496718 0.2607843137254899 0.12352941176470568
0.10808080808080814 0.17373737373737377 0.16868686868686872 0.44848484848484843 0.101010101010101
0.14444444444444443 0.1972222222222222 0.38148148148148153 0.10740740740740742 0.1694444444444445
0.28194444444444444 0.17222222222222222 0.14583333333333334 0.25277777777777777 0.14722222222222223
0.19722222222222227 0.2111111111111111 0.36018518518518533 0.09629629629629623 0.13518518518518527
0.17460317460317445 0.23703703703703674 0.1576719576719575 0.30370370370370336 0.12698412698412684
0.18333333333333313 0.11888888888888872 0.10999999999999986 0.47222222222222193 0.11555555555555538
0.16767676767676792 0.27676767676767694 0.21919191919191935 0.19595959595959597 0.14040404040404053
0.12905982905982896 0.6111111111111113 0.08461538461538454 0.08803418803418796 0.08717948717948709
0.125 0.125 0.5 0.125 0.125
0.1181818181818183 0.5606060606060603 0.10707070707070714 0.10707070707070711 0.1070707070707071
0.08888888888888881 0.3349206349206347 0.22380952380952357 0.23544973544973516 0.11693121693121682
0.13958333333333334 0.12152777777777778 0.41041666666666665 0.19583333333333333 0.1326388888888889
0.13472222222222222 0.13055555555555556 0.4777777777777778 0.12916666666666668 0.12777777777777777
0.2542483660130716 0.3771241830065356 0.14052287581699327 0.09346405228758155 0.13464052287581682
0.17198067632850242 0.17198067632850242 0.12801932367149754 0.07342995169082134 0.45458937198067656
0.12296296296296286 0.41037037037037016 0.24592592592592571 0.11999999999999997 0.10074074074074074
0.1074074074074074 0.151851851851852 0.5148148148148148 0.12222222222222226 0.10370370370370367
0.07592592592592579 0.07469135802469125 0.11419753086419736 0.6512345679012348 0.08395061728395051
0.11461988304093558 0.0959064327485379 0.4538011695906433 0.22456140350877188 0.111111111111111
0.12666666666666665 0.13259259259259243 0.5207407407407407 0.1192592592592592 0.10074074074074076
0.10925925925925926 0.6055555555555554 0.09351851851851846 0.09259259259259255 0.09907407407407409
0.12698412698412692 0.1373015873015872 0.08015873015873007 0.09365079365079361 0.5619047619047622
0.08222222222222218 0.08444444444444447 0.11629629629629626 0.6362962962962962 0.08074074074074072
0.1444444444444442 0.15185185185185163 0.1358024691358022 0.15555555555555534 0.41234567901234553
0.28282828282828293 0.2414141414141416 0.1383838383838385 0.12222222222222234 0.21515151515151518
0.09572649572649562 0.19487179487179465 0.09230769230769223 0.5273504273504273 0.08974358974358967
0.31414141414141433 0.12929292929292935 0.2949494949494952 0.1363636363636365 0.12525252525252534
0.0874074074074074 0.09407407407407407 0.5903703703703707 0.1451851851851851 0.08296296296296297
0.18851851851851842 0.2037037037037037 0.17555555555555544 0.29148148148148156 0.1407407407407407
0.18611111111111112 0.15138888888888888 0.1388888888888889 0.2833333333333333 0.24027777777777778
0.542222222222222 0.05740740740740738 0.05777777777777775 0.05703703703703703 0.2855555555555556
0.13444444444444445 0.22666666666666674 0.08333333333333326 0.10500000000000001 0.4505555555555556
0.15138888888888888 0.17777777777777778 0.14166666666666666 0.3958333333333333 0.13333333333333333
0.2954954954954955 0.5561561561561561 0.039939939939939974 0.06396396396396399 0.04444444444444447
0.14747474747474765 0.14545454545454561 0.1272727272727274 0.37474747474747466 0.20505050505050507
0.09722222222222217 0.09537037037037034 0.09629629629629627 0.6074074074074075 0.10370370370370373
0.11234567901234546 0.11234567901234546 0.1111111111111109 0.5530864197530874 0.1111111111111109
0.15925925925925902 0.11481481481481458 0.1148148148148146 0.1185185185185183 0.4925925925925927
0.16777777777777755 0.1377777777777776 0.10666666666666652 0.2144444444444443 0.3733333333333332
0.20777777777777762 0.18888888888888886 0.14222222222222203 0.3333333333333332 0.12777777777777757
0.13950617283950598 0.14444444444444418 0.1518518518518516 0.4246913580246913 0.13950617283950595
0.1699999999999999 0.19222222222222227 0.1244444444444443 0.1144444444444443 0.39888888888888885
0.250925925925926 0.16203703703703703 0.15092592592592596 0.18333333333333338 0.2527777777777777
0.18253968253968245 0.22222222222222207 0.16825396825396813 0.19523809523809513 0.23174603174603148
0.18611111111111106 0.16388888888888883 0.09351851851851843 0.4685185185185185 0.08796296296296288
0.18333333333333332 0.3638888888888889 0.15694444444444444 0.15138888888888888 0.14444444444444443
0.12333333333333316 0.11777777777777762 0.25222222222222224 0.3833333333333331 0.12333333333333316
0.09259259259259255 0.10444444444444441 0.5644444444444445 0.11999999999999997 0.11851851851851847
0.14920634920634915 0.14444444444444438 0.14444444444444438 0.41904761904761884 0.14285714285714277
0.1507936507936507 0.21746031746031733 0.1666666666666666 0.17460317460317457 0.2904761904761902
0.11234567901234546 0.11481481481481458 0.31481481481481444 0.11358024691358003 0.344444444444444
0.09814814814814808 0.09259259259259252 0.09722222222222217 0.5583333333333333 0.1537037037037037
0.08095238095238091 0.12063492063492057 0.08412698412698405 0.6357142857142861 0.07857142857142851
0.11111111111111101 0.1619047619047618 0.4873015873015873 0.1158730158730158 0.1238095238095237
0.18765432098765414 0.3462962962962962 0.06481481481481469 0.06666666666666655 0.3345679012345679
0.14358974358974347 0.2726495726495723 0.1034188034188033 0.13760683760683745 0.3427350427350423
0.14017094017094003 0.11367521367521356 0.08974358974358967 0.17008547008546993 0.4863247863247863
0.1597222222222222 0.12916666666666668 0.23194444444444445 0.14027777777777778 0.3388888888888889
0.12638888888888888 0.12916666666666668 0.49027777777777776 0.12638888888888888 0.12777777777777777
0.28271604938271566 0.1604938271604936 0.12469135802469111 0.15061728395061708 0.2814814814814811
0.21111111111111092 0.13650793650793638 0.09126984126984122 0.14126984126984116 0.41984126984126974
0.36049382716049344 0.1740740740740738 0.11728395061728371 0.2148148148148145 0.1333333333333331
0.31629629629629596 0.1244444444444444 0.2948148148148144 0.10000000000000002 0.16444444444444437
0.2791666666666667 0.3 0.1388888888888889 0.14027777777777778 0.14166666666666666
0.13535353535353548 0.16464646464646482 0.4323232323232326 0.14141414141414158 0.1262626262626264
0.11111111111111109 0.06805555555555555 0.4513888888888888 0.3125 0.05694444444444444
0.1375 0.2569444444444444 0.18194444444444444 0.1375 0.2861111111111111
0.13981481481481495 0.15555555555555545 0.3916666666666667 0.09444444444444436 0.2185185185185185
0.19506172839506147 0.12222222222222201 0.11481481481481458 0.11604938271604914 0.4518518518518516
0.10111111111111093 0.10444444444444427 0.5922222222222231 0.10222222222222206 0.09999999999999983
0.125 0.12916666666666668 0.125 0.49583333333333335 0.125
0.18080808080808095 0.14747474747474756 0.1040404040404041 0.4494949494949494 0.11818181818181829
0.35444444444444434 0.13999999999999985 0.12111111111111089 0.12777777777777757 0.2566666666666667
0.14444444444444438 0.14444444444444432 0.42063492063492036 0.14603174603174593 0.14444444444444435
0.11358024691358003 0.11234567901234546 0.5518518518518528 0.1111111111111109 0.1111111111111109
0.20518518518518508 0.15407407407407395 0.33777777777777734 0.06888888888888886 0.23407407407407388
0.1507936507936507 0.14285714285714277 0.14285714285714277 0.28412698412698395 0.2793650793650792
0.233333333333333 0.2629629629629627 0.15925925925925902 0.1753086419753084 0.16913580246913557
0.13222222222222202 0.4922222222222223 0.1366666666666665 0.11999999999999982 0.11888888888888877
0.18888888888888866 0.3888888888888885 0.1493827160493825 0.14567901234567876 0.12716049382716027
0.2050505050505052 0.2808080808080809 0.11919191919191928 0.11414141414141421 0.280808080808081
0.16790123456790096 0.11975308641975285 0.17777777777777745 0.11481481481481458 0.41975308641975284
0.1444444444444445 0.12129629629629637 0.08518518518518507 0.5629629629629632 0.086111111111111
0.10648148148148145 0.5240740740740741 0.15277777777777785 0.10185185185185176 0.11481481481481476
0.13055555555555556 0.22083333333333333 0.14722222222222223 0.1388888888888889 0.3625
0.14166666666666666 0.19444444444444445 0.15 0.1638888888888889 0.35
0.1214814814814814 0.10888888888888885 0.44962962962962955 0.0962962962962963 0.22370370370370363
0.16111111111111098 0.12222222222222207 0.35777777777777775 0.1922222222222221 0.16666666666666646
0.14040404040404048 0.12626262626262638 0.4838383838383842 0.1262626262626264 0.12323232323232332
0.21604938271604912 0.19876543209876513 0.15185185185185165 0.15432098765432073 0.27901234567901184
0.17142857142857132 0.3357142857142857 0.11507936507936499 0.23253968253968252 0.14523809523809514
0.16269841269841256 0.13174603174603167 0.10317460317460313 0.4833333333333335 0.11904761904761899
0.08205128205128195 0.6478632478632481 0.09743589743589737 0.08632478632478621 0.08632478632478625
0.12666666666666648 0.25666666666666654 0.1544444444444443 0.16555555555555546 0.2966666666666667
0.07555555555555553 0.4629629629629629 0.2740740740740739 0.07111111111111108 0.11629629629629627
0.0732510288065844 0.4246913580246911 0.05390946502057618 0.1053497942386831 0.34279835390946495
0.11358024691358004 0.11234567901234546 0.5419753086419761 0.1185185185185183 0.11358024691358003
0.10634920634920629 0.14047619047619037 0.16904761904761892 0.0912698412698412 0.4928571428571429
0.13535353535353542 0.1212121212121213 0.1262626262626264 0.4979797979797979 0.11919191919191931
0.37407407407407406 0.11388888888888893 0.09814814814814811 0.17685185185185176 0.23703703703703713
0.1919999999999998 0.1062222222222222 0.07111111111111115 0.2902222222222221 0.3404444444444445
0.12222222222222198 0.11851851851851827 0.12222222222222201 0.5172839506172843 0.11975308641975285
0.12916666666666668 0.12777777777777777 0.125 0.4930555555555556 0.125
0.09523809523809515 0.3492063492063491 0.32619047619047603 0.08412698412698408 0.14523809523809514
0.11414141414141421 0.1828282828282828 0.3000000000000002 0.09494949494949495 0.3080808080808082
0.07666666666666656 0.5905555555555555 0.21055555555555544 0.058888888888888796 0.06333333333333324
0.16666666666666644 0.30123456790123415 0.19999999999999965 0.1790123456790121 0.15308641975308618
0.1629629629629627 0.167901234567901 0.3999999999999997 0.14197530864197508 0.12716049382716027
0.16608187134502916 0.29649122807017536 0.2514619883040936 0.17017543859649117 0.11578947368421046
0.09861111111111111 0.15763888888888888 0.4722222222222222 0.09166666666666666 0.1798611111111111
0.15308641975308618 0.17407407407407374 0.443209876543209 0.11604938271604917 0.11358024691358003
0.17777777777777756 0.4544444444444442 0.11444444444444428 0.11111111111111095 0.142222222222222
0.08222222222222214 0.11222222222222222 0.23555555555555552 0.22944444444444448 0.3405555555555557
0.16428571428571417 0.18571428571428564 0.2706349206349206 0.2738095238095238 0.1055555555555555
0.08627450980392144 0.10849673202614364 0.6307189542483661 0.07843137254901948 0.09607843137254887
0.2787878787878788 0.1676767676767678 0.1373737373737374 0.19393939393939413 0.22222222222222243
0.13222222222222205 0.10222222222222206 0.3011111111111115 0.10222222222222203 0.362222222222222
0.12345679012345655 0.12345679012345655 0.3827160493827154 0.25308641975308604 0.11728395061728374
0.11358024691358003 0.11728395061728374 0.5469135802469144 0.1111111111111109 0.1111111111111109
0.19111111111111104 0.3955555555555553 0.12666666666666648 0.12777777777777755 0.1588888888888887
0.14285714285714277 0.14444444444444432 0.14285714285714277 0.42539682539682516 0.14444444444444432
0.125 0.125 0.4986111111111111 0.12638888888888888 0.125
0.15449735449735433 0.423280423280423 0.15185185185185165 0.12486772486772477 0.14550264550264536
0.125 0.125 0.4986111111111111 0.12638888888888888 0.125
0.2529914529914527 0.09316239316239308 0.25042735042735015 0.10341880341880334 0.29999999999999966
0.12222222222222204 0.10444444444444428 0.42222222222222167 0.24666666666666678 0.10444444444444427
0.261111111111111 0.07676767676767685 0.46363636363636374 0.13585858585858598 0.06262626262626265
0.1537037037037038 0.32500000000000007 0.2083333333333333 0.20833333333333326 0.10462962962962963
0.11515151515151523 0.16666666666666674 0.13939393939393946 0.20101010101010103 0.3777777777777779
0.17575757575757583 0.3383838383838384 0.19393939393939405 0.1363636363636365 0.15555555555555572
0.13111111111111098 0.1777777777777775 0.10666666666666648 0.09999999999999983 0.4844444444444444
0.14444444444444424 0.16444444444444428 0.12444444444444422 0.16888888888888873 0.3977777777777777
0.13222222222222207 0.12333333333333317 0.1111111111111109 0.5211111111111113 0.11222222222222206
0.2055555555555554 0.22333333333333336 0.2622222222222221 0.1166666666666665 0.19222222222222216
0.14592592592592582 0.0881481481481482 0.6 0.08222222222222221 0.08370370370370368
0.1375 0.2125 0.38333333333333336 0.14166666666666666 0.125
0.12705314009661833 0.27246376811594203 0.39565217391304347 0.10869565217391307 0.09613526570048311
0.1388888888888889 0.1388888888888889 0.4444444444444444 0.1388888888888889 0.1388888888888889
0.12222222222222204 0.342222222222222 0.25777777777777755 0.1711111111111109 0.10666666666666651
0.11010101010101019 0.13838383838383855 0.5373737373737376 0.1090909090909091 0.10505050505050512
0.09047619047619047 0.31746031746031744 0.39444444444444426 0.0944444444444444 0.10317460317460313
0.14444444444444435 0.14285714285714277 0.14603174603174593 0.422222222222222 0.14444444444444435
0.09999999999999983 0.10333333333333317 0.09999999999999983 0.5955555555555564 0.10111111111111094
0.19305555555555556 0.14722222222222223 0.1486111111111111 0.15833333333333333 0.3527777777777778
0.12962962962962943 0.13086419753086398 0.13086419753086398 0.3567901234567896 0.25185185185185144
0.1324786324786323 0.14871794871794852 0.43162393162393164 0.14529914529914517 0.14188034188034176
0.3333333333333333 0.14999999999999997 0.12407407407407407 0.18981481481481463 0.20277777777777778
0.16074074074074066 0.3799999999999995 0.17259259259259235 0.21629629629629604 0.07037037037037039
0.241975308641975 0.1654320987654319 0.16790123456790104 0.21851851851851822 0.20617283950617254
0.1296296296296294 0.12716049382716027 0.11975308641975284 0.11728395061728374 0.5061728395061732
0.16851851851851832 0.16851851851851832 0.16851851851851826 0.32592592592592556 0.1685185185185183
0.09696969696969696 0.13030303030303042 0.4040404040404039 0.10303030303030308 0.26565656565656587
0.2086419753086417 0.1259259259259257 0.4037037037037034 0.12222222222222197 0.13950617283950592
0.2988888888888889 0.20222222222222214 0.15333333333333318 0.11999999999999983 0.22555555555555554
0.09777777777777773 0.5022222222222225 0.1103703703703703 0.09111111111111109 0.1985185185185184
0.21358024691357994 0.37037037037036985 0.12469135802469113 0.15679012345678983 0.13456790123456766
0.1207407407407407 0.23555555555555538 0.37629629629629624 0.16296296296296292 0.10444444444444442
0.16172839506172815 0.14197530864197505 0.12839506172839482 0.13950617283950598 0.4283950617283947
0.18777777777777788 0.07055555555555545 0.4633333333333332 0.10888888888888885 0.1694444444444444
0.27999999999999997 0.1444444444444443 0.13333333333333316 0.18666666666666648 0.2555555555555554
0.15138888888888888 0.2972222222222222 0.15833333333333333 0.21805555555555556 0.175
0.1255555555555554 0.12777777777777757 0.13222222222222205 0.12444444444444426 0.48999999999999994
0.15259259259259256 0.38222222222222213 0.12666666666666657 0.09999999999999996 0.2385185185185183
0.06064814814814819 0.14768518518518517 0.4120370370370369 0.262037037037037 0.11759259259259255
0.16984126984126963 0.4883597883597883 0.16402116402116376 0.07354497354497347 0.10423280423280416
0.1373015873015872 0.09841269841269835 0.24444444444444435 0.3412698412698413 0.17857142857142838
0.19841269841269837 0.18888888888888877 0.20634920634920625 0.21111111111111094 0.19523809523809518
0.1341880341880341 0.44017094017094005 0.1341880341880341 0.12820512820512817 0.16324786324786308
0.10555555555555551 0.15555555555555564 0.5129629629629631 0.1194444444444445 0.10648148148148152
0.11515151515151521 0.31515151515151524 0.3767676767676766 0.09595959595959597 0.09696969696969698
0.119047619047619 0.5666666666666669 0.09206349206349206 0.08412698412698409 0.13809523809523794
0.12037037037037043 0.4055555555555555 0.10462962962962968 0.12777777777777788 0.24166666666666667
0.10467836257309936 0.3444444444444443 0.1970760233918128 0.14035087719298234 0.2134502923976609
0.14938271604938244 0.11481481481481458 0.11481481481481458 0.11481481481481458 0.5061728395061733
0.1027777777777777 0.10740740740740737 0.09814814814814805 0.086111111111111 0.6055555555555555
0.12638888888888888 0.12916666666666668 0.4930555555555556 0.125 0.12638888888888888
0.07857142857142853 0.16865079365079366 0.25992063492063494 0.05515873015873012 0.4376984126984125
0.10444444444444426 0.13777777777777758 0.536666666666667 0.10888888888888872 0.11222222222222208
0.10740740740740738 0.11203703703703702 0.3175925925925924 0.3592592592592593 0.10370370370370373
0.18240740740740738 0.3592592592592591 0.20462962962962955 0.11018518518518519 0.14351851851851857
0.252046783625731 0.13567251461988294 0.15555555555555542 0.27543859649122804 0.18128654970760225
0.20092592592592595 0.2 0.43055555555555547 0.08518518518518509 0.08333333333333323
0.10555555555555537 0.14999999999999983 0.22777777777777755 0.11111111111111094 0.4055555555555552
0.13333333333333333 0.13055555555555556 0.12638888888888888 0.48333333333333334 0.12638888888888888
0.18181818181818185 0.32222222222222224 0.1040404040404041 0.11111111111111117 0.28080808080808106
0.10000000000000002 0.14343434343434355 0.11010101010101019 0.5404040404040404 0.10606060606060612
0.14444444444444432 0.14444444444444435 0.14285714285714277 0.42539682539682516 0.14285714285714277
0.11604938271604917 0.11234567901234546 0.11358024691358003 0.5469135802469144 0.1111111111111109
0.125 0.125 0.5 0.125 0.125
0.18333333333333332 0.13055555555555556 0.1361111111111111 0.21805555555555556 0.33194444444444443
0.2521367521367518 0.4410256410256406 0.10085470085470079 0.09145299145299138 0.11452991452991441
0.28076923076923077 0.14871794871794863 0.06324786324786322 0.38076923076923064 0.1264957264957264
0.1488888888888887 0.11111111111111091 0.10666666666666651 0.1077777777777776 0.5255555555555559
0.11196581196581186 0.08461538461538452 0.08376068376068369 0.08461538461538455 0.6350427350427353
0.15833333333333338 0.3203703703703703 0.08888888888888877 0.29259259259259257 0.1398148148148148
0.2040404040404042 0.2505050505050506 0.14848484848484858 0.29595959595959614 0.10101010101010104
0.08835978835978829 0.1158730158730158 0.08201058201058195 0.633862433862434 0.07989417989417981
0.1444444444444442 0.11481481481481458 0.11358024691358003 0.11358024691358003 0.5135802469135806
0.09999999999999996 0.19675925925925933 0.16388888888888892 0.4291666666666666 0.11018518518518516
0.16666666666666666 0.24583333333333332 0.1388888888888889 0.31666666666666665 0.13194444444444445
0.20694444444444443 0.14027777777777778 0.2638888888888889 0.12916666666666668 0.25972222222222224
0.2625 0.2 0.16111111111111112 0.2222222222222222 0.15416666666666667
0.20952380952380945 0.22380952380952374 0.1460317460317459 0.1476190476190475 0.2730158730158728
0.21234567901234547 0.13086419753086398 0.13456790123456766 0.13086419753086398 0.3913580246913576
0.08421052631578946 0.06842105263157894 0.06140350877192979 0.06725146198830408 0.7187134502923972
0.14761904761904754 0.09761904761904756 0.4793650793650795 0.09444444444444439 0.1809523809523808
0.16913580246913557 0.16790123456790093 0.11481481481481458 0.4333333333333326 0.11481481481481458
0.11604938271604917 0.11358024691358003 0.11481481481481458 0.5407407407407415 0.11481481481481458
0.11234567901234546 0.11234567901234546 0.5518518518518528 0.11234567901234546 0.1111111111111109
0.09074074074074065 0.08611111111111101 0.4657407407407406 0.2666666666666666 0.09074074074074064
0.11759259259259255 0.23981481481481465 0.09074074074074065 0.33611111111111086 0.2157407407407406
0.07777777777777768 0.4030864197530863 0.22283950617283937 0.1586419753086418 0.13765432098765418
0.10833333333333334 0.5477777777777777 0.07611111111111102 0.185 0.08277777777777769
0.0695473251028807 0.06831275720164615 0.7300411522633744 0.06954732510288072 0.06255144032921817
0.12626262626262638 0.26262626262626265 0.3686868686868685 0.0929292929292929 0.14949494949494974
0.09494949494949495 0.11010101010101013 0.6101010101010095 0.09393939393939392 0.09090909090909087
0.09841269841269831 0.09761904761904755 0.08730158730158726 0.6134920634920639 0.1031746031746031
0.18034188034188028 0.15128205128205113 0.27179487179487144 0.19658119658119633 0.19999999999999973
0.18444444444444427 0.19777777777777766 0.33555555555555566 0.13111111111111093 0.15111111111111086
0.3527777777777778 0.16388888888888892 0.11759259259259264 0.11666666666666664 0.2490740740740741
0.36419753086419704 0.1555555555555553 0.12222222222222198 0.16419753086419725 0.1938271604938269
0.13838383838383844 0.49696969696969695 0.12626262626262638 0.12121212121212134 0.11717171717171729
0.10370370370370376 0.19999999999999996 0.09444444444444436 0.4574074074074074 0.14444444444444465
0.20158730158730143 0.20634920634920625 0.19047619047619047 0.2126984126984126 0.18888888888888872
0.10277777777777782 0.2037037037037037 0.09259259259259252 0.4472222222222223 0.15370370370370387
0.1658119658119657 0.20512820512820487 0.1555555555555554 0.29658119658119636 0.17692307692307677
0.09999999999999996 0.3650793650793651 0.19603174603174595 0.0801587301587301 0.25873015873015864
0.13395061728395047 0.2962962962962964 0.31419753086419766 0.16790123456790107 0.0876543209876542
0.14343434343434364 0.26262626262626265 0.13838383838383847 0.13131313131313146 0.32424242424242433
0.18412698412698403 0.2825396825396823 0.18253968253968253 0.17619047619047604 0.17460317460317462
0.15029239766081867 0.3233918128654968 0.28245614035087707 0.11812865497076015 0.1257309941520467
0.13407407407407398 0.4570370370370372 0.11481481481481474 0.13777777777777775 0.15629629629629618
0.09444444444444439 0.14444444444444457 0.5435185185185185 0.1148148148148148 0.10277777777777784
0.10303030303030306 0.14747474747474765 0.522222222222222 0.12121212121212133 0.10606060606060613
0.1428571428571427 0.20238095238095227 0.12380952380952373 0.36746031746031743 0.16349206349206333
0.1452380952380951 0.45793650793650803 0.20952380952380956 0.09682539682539677 0.09047619047619047
0.16319444444444445 0.13472222222222222 0.5083333333333333 0.10694444444444444 0.08680555555555555
0.151851851851852 0.5629629629629629 0.09814814814814811 0.09351851851851847 0.09351851851851847
0.09934640522875801 0.08758169934640507 0.6333333333333334 0.09215686274509789 0.0875816993464051
0.17575757575757583 0.27979797979798 0.15858585858585877 0.15959595959595974 0.22626262626262644
