0.04444444444444441 0.06734006734006728 0.08047138047138042 0.037037037037037014 0.11178451178451182 0.04040404040404038 0.04646464646464643 0.10336700336700336 0.08417508417508412 0.07306397306397303 0.07710437710437705 0.07138047138047134 0.06531986531986528 0.04175084175084172 0.05589225589225586
0.058080808080808136 0.06767676767676772 0.10353535353535366 0.052020202020202036 0.06010101010101015 0.06111111111111117 0.06060606060606066 0.056060606060606116 0.13434343434343446 0.056060606060606116 0.06212121212121218 0.056565656565656604 0.057575757575757634 0.058080808080808115 0.05606060606060608
0.05444444444444435 0.18944444444444425 0.07833333333333323 0.053888888888888806 0.05944444444444437 0.05222222222222214 0.05499999999999991 0.05722222222222214 0.06055555555555546 0.053888888888888806 0.05999999999999991 0.05777777777777769 0.05722222222222214 0.05611111111111102 0.05444444444444436
0.0525641025641025 0.07393162393162385 0.07777777777777772 0.04700854700854699 0.04914529914529911 0.051709401709401664 0.04999999999999995 0.04786324786324783 0.2102564102564101 0.052564102564102516 0.05170940170940167 0.0538461538461538 0.05470085470085465 0.07136752136752127 0.055555555555555504
0.06013071895424824 0.05882352941176457 0.0594771241830064 0.0660130718954247 0.07320261437908483 0.06013071895424824 0.07124183006535934 0.0614379084967319 0.07124183006535936 0.06013071895424823 0.07189542483660116 0.06339869281045737 0.07320261437908483 0.06013071895424824 0.08954248366013058
0.05637860082304533 0.045679012345679046 0.04279835390946507 0.04814814814814821 0.12222222222222216 0.058024691358024745 0.060905349794238756 0.10205761316872428 0.0592592592592593 0.07119341563786012 0.06666666666666675 0.06049382716049387 0.07201646090534987 0.055555555555555615 0.07860082304526754
0.07189542483660116 0.06470588235294104 0.06013071895424823 0.06666666666666653 0.062091503267973726 0.072549019607843 0.07516339869281032 0.062091503267973726 0.06405228758169922 0.06666666666666654 0.06928104575163384 0.06797385620915021 0.06535947712418289 0.06732026143790837 0.0640522875816992
0.04907407407407404 0.05787037037037038 0.0949074074074074 0.04490740740740736 0.12962962962962965 0.05324074074074071 0.052314814814814814 0.052314814814814814 0.0513888888888889 0.058333333333333307 0.05925925925925925 0.060648148148148125 0.055555555555555525 0.1337962962962963 0.046759259259259216
0.06436781609195394 0.04789272030651336 0.0590038314176245 0.044444444444444405 0.15095785440613027 0.04712643678160917 0.059003831417624455 0.05440613026819921 0.05555555555555552 0.05938697318007658 0.07088122605363982 0.06360153256704978 0.09233716475095789 0.05900383141762447 0.07203065134099612
0.06349206349206342 0.058201058201058135 0.05343915343915337 0.05343915343915337 0.058201058201058135 0.05873015873015866 0.06984126984126977 0.06031746031746022 0.061375661375661306 0.0597883597883597 0.06560846560846552 0.06613756613756605 0.074074074074074 0.13968253968253955 0.0576719576719576
0.05925925925925915 0.07777777777777764 0.15370370370370348 0.05740740740740729 0.05864197530864187 0.05864197530864187 0.061111111111111005 0.058024691358024585 0.05987654320987642 0.059876543209876426 0.06049382716049371 0.05740740740740729 0.05925925925925914 0.06049382716049372 0.058024691358024585
0.06428571428571427 0.061507936507936456 0.06349206349206345 0.04523809523809522 0.0646825396825396 0.053174603174603145 0.06388888888888887 0.06706349206349202 0.1039682539682541 0.0694444444444444 0.0686507936507936 0.07936507936507928 0.07261904761904756 0.06150793650793645 0.06111111111111106
0.06023391812865494 0.05847953216374269 0.05906432748538009 0.0567251461988304 0.11929824561403499 0.0625730994152047 0.061988304093567224 0.06140350877192977 0.06549707602339178 0.06783625730994147 0.06900584795321636 0.06608187134502923 0.07192982456140348 0.06315789473684208 0.05672514619883039
0.07076023391812858 0.06608187134502923 0.10760233918128649 0.05321637426900585 0.055555555555555546 0.05497076023391812 0.06081871345029235 0.05497076023391813 0.10467836257309938 0.052631578947368425 0.05789473684210524 0.058479532163742694 0.08538011695906435 0.060818713450292376 0.05614035087719296
0.1290123456790121 0.05925925925925915 0.05617283950617273 0.05555555555555545 0.05679012345679001 0.062345679012345556 0.06543209876543198 0.05679012345679001 0.05864197530864187 0.06049382716049372 0.06296296296296286 0.061728395061728274 0.09814814814814805 0.059876543209876426 0.05679012345679001
0.06374269005847952 0.05906432748538012 0.06081871345029239 0.056725146198830415 0.08128654970760232 0.05847953216374269 0.06608187134502919 0.06198830409356721 0.0730994152046783 0.06842105263157892 0.07017543859649122 0.07543859649122807 0.07426900584795314 0.06900584795321632 0.061403508771929786
0.09166666666666659 0.05999999999999993 0.059999999999999915 0.05444444444444435 0.05777777777777769 0.05611111111111103 0.06111111111111102 0.05611111111111102 0.07888888888888877 0.056666666666666574 0.05999999999999993 0.05944444444444438 0.13000000000000003 0.06055555555555547 0.057222222222222126
0.04325396825396821 0.03849206349206348 0.03849206349206346 0.036904761904761885 0.08134920634920628 0.045238095238095216 0.04999999999999999 0.3007936507936509 0.04206349206349203 0.08293650793650788 0.04761904761904761 0.04404761904761904 0.043650793650793634 0.04325396825396822 0.06190476190476185
0.059126984126984056 0.04444444444444441 0.04563492063492062 0.04603174603174601 0.0492063492063492 0.048809523809523796 0.08968253968253961 0.051984126984126966 0.05476190476190473 0.053174603174603145 0.0595238095238095 0.05079365079365074 0.09880952380952378 0.19365079365079368 0.05436507936507933
0.07124183006535932 0.059477124183006415 0.05882352941176457 0.05882352941176457 0.095424836601307 0.0679738562091502 0.062091503267973726 0.0640522875816992 0.05882352941176457 0.06274509803921555 0.06405228758169922 0.05882352941176457 0.095424836601307 0.062091503267973726 0.06013071895424824
0.09074074074074068 0.12037037037037032 0.08037037037037036 0.03777777777777777 0.05222222222222221 0.04407407407407407 0.06037037037037033 0.05074074074074072 0.10074074074074067 0.059999999999999956 0.05629629629629626 0.07037037037037036 0.08000000000000002 0.05037037037037035 0.04555555555555555
0.13034188034188024 0.04188034188034184 0.04188034188034185 0.042735042735042694 0.05726495726495721 0.15940170940170922 0.056837606837606774 0.046153846153846115 0.05213675213675209 0.04444444444444441 0.08205128205128195 0.05726495726495722 0.054700854700854645 0.07094017094017088 0.06196581196581191
0.06296296296296286 0.06728395061728384 0.06543209876543199 0.062345679012345556 0.06728395061728383 0.06666666666666657 0.06543209876543199 0.06728395061728384 0.07098765432098753 0.06481481481481469 0.07098765432098753 0.06728395061728383 0.0685185185185184 0.06604938271604925 0.06666666666666657
0.05617283950617273 0.05617283950617273 0.05679012345679001 0.19876543209876507 0.05555555555555545 0.05617283950617273 0.06913580246913567 0.05555555555555545 0.05555555555555545 0.05679012345679001 0.05555555555555545 0.05617283950617273 0.05740740740740729 0.05864197530864187 0.05555555555555545
0.10798611111111112 0.03888888888888889 0.03611111111111111 0.03229166666666667 0.08645833333333333 0.13194444444444445 0.035069444444444445 0.06701388888888889 0.044097222222222225 0.15 0.05798611111111111 0.04756944444444444 0.043055555555555555 0.08298611111111111 0.03854166666666667
0.05925925925925914 0.05679012345679001 0.058641975308641854 0.15802469135802447 0.06234567901234556 0.058024691358024585 0.06234567901234558 0.05925925925925915 0.05925925925925914 0.05987654320987644 0.05802469135802457 0.06419753086419741 0.061728395061728294 0.05987654320987642 0.06234567901234556
0.0538888888888888 0.050555555555555465 0.050555555555555465 0.050555555555555465 0.12944444444444456 0.07277777777777768 0.05166666666666657 0.08333333333333319 0.05111111111111103 0.05777777777777769 0.054999999999999924 0.07499999999999989 0.05611111111111103 0.11111111111111105 0.05111111111111102
0.057309941520467804 0.05497076023391813 0.05380116959064327 0.0543859649122807 0.05964912280701752 0.053801169590643266 0.08713450292397662 0.06023391812865497 0.059064327485380125 0.14795321637426886 0.06900584795321633 0.06491228070175432 0.0625730994152047 0.05614035087719296 0.0590643274853801
0.05789473684210525 0.08654970760233915 0.10467836257309943 0.05438596491228072 0.0614035087719298 0.05321637426900585 0.05789473684210525 0.06432748538011693 0.0906432748538012 0.06959064327485376 0.06257309941520466 0.05906432748538012 0.057894736842105284 0.05964912280701752 0.060233918128654924
0.0509259259259259 0.044907407407407354 0.04629629629629625 0.04629629629629624 0.10787037037037038 0.05185185185185186 0.08935185185185182 0.05555555555555559 0.07037037037037037 0.054166666666666675 0.07546296296296295 0.05231481481481482 0.08009259259259263 0.05185185185185184 0.12268518518518516
0.04642857142857142 0.038095238095238064 0.03888888888888886 0.04047619047619046 0.05634920634920631 0.15198412698412705 0.04444444444444442 0.04841269841269838 0.04642857142857142 0.06706349206349205 0.18650793650793648 0.05198412698412694 0.04960317460317459 0.06865079365079363 0.06468253968253962
0.05158730158730154 0.03968253968253965 0.03928571428571426 0.03809523809523807 0.04047619047619045 0.23611111111111108 0.11388888888888887 0.03888888888888887 0.04166666666666665 0.06468253968253963 0.07539682539682531 0.05595238095238092 0.04603174603174601 0.0734126984126984 0.04484126984126982
0.04732510288065849 0.04238683127572022 0.045679012345679025 0.04197530864197536 0.0621399176954733 0.05267489711934161 0.0987654320987654 0.0893004115226338 0.05761316872427989 0.09465020576131694 0.12592592592592589 0.06255144032921818 0.05720164609053505 0.050205761316872474 0.07160493827160497
0.05882352941176457 0.08235294117647046 0.15163398692810434 0.05882352941176457 0.05882352941176457 0.05882352941176457 0.05882352941176457 0.05882352941176457 0.06013071895424824 0.05882352941176457 0.05882352941176457 0.05882352941176457 0.05882352941176457 0.05882352941176457 0.05882352941176457
0.06257309941520464 0.05906432748538011 0.059064327485380076 0.09941520467836254 0.05906432748538011 0.06432748538011696 0.07251461988304089 0.06081871345029237 0.06842105263157894 0.06783625730994149 0.05964912280701752 0.0660818713450292 0.0701754385964912 0.06666666666666662 0.06432748538011693
0.061375661375661285 0.06031746031746024 0.06613756613756605 0.06455026455026446 0.05820105820105812 0.06613756613756606 0.06296296296296289 0.06031746031746022 0.07671957671957663 0.06243386243386236 0.05978835978835972 0.06666666666666658 0.06613756613756604 0.10793650793650787 0.06031746031746023
0.036879432624113466 0.11063829787234043 0.06572104018912527 0.04137115839243495 0.0425531914893617 0.1295508274231678 0.034515366430260035 0.033096926713948004 0.1605200945626478 0.03286052009456267 0.054846335697399516 0.04704491725768322 0.04657210401891251 0.08368794326241133 0.08014184397163117
0.17602339181286528 0.05321637426900585 0.05497076023391813 0.05321637426900584 0.0590643274853801 0.05847953216374265 0.0567251461988304 0.053801169590643266 0.06432748538011694 0.06432748538011693 0.06432748538011696 0.057309941520467825 0.0608187134502924 0.059649122807017514 0.06374269005847946
0.045098039215686204 0.03496732026143784 0.035620915032679674 0.03529411764705876 0.054575163398692714 0.20555555555555563 0.06339869281045742 0.04117647058823523 0.048039215686274436 0.06633986928104564 0.09084967320261429 0.059150326797385536 0.05980392156862735 0.068954248366013 0.09117647058823522
0.0733333333333332 0.05444444444444437 0.052222222222222135 0.05499999999999991 0.058333333333333244 0.05444444444444435 0.058888888888888796 0.07055555555555545 0.057222222222222126 0.06611111111111101 0.11666666666666677 0.05944444444444436 0.0972222222222222 0.06499999999999988 0.06111111111111101
0.0916666666666666 0.05777777777777768 0.05277777777777769 0.05166666666666658 0.05611111111111103 0.05444444444444437 0.057222222222222126 0.09777777777777769 0.05444444444444436 0.07388888888888878 0.10333333333333336 0.06888888888888879 0.05666666666666658 0.06555555555555546 0.05777777777777769
0.06455026455026446 0.05079365079365073 0.05132275132275125 0.05026455026455019 0.10158730158730146 0.05449735449735443 0.0597883597883597 0.06296296296296289 0.052380952380952306 0.06666666666666658 0.07089947089947084 0.0687830687830687 0.11534391534391528 0.05978835978835972 0.07037037037037032
0.06196581196581191 0.05341880341880337 0.04957264957264954 0.05128205128205124 0.05512820512820506 0.0538461538461538 0.06880341880341873 0.06282051282051275 0.10940170940170929 0.055982905982905964 0.0521367521367521 0.059829059829059776 0.08247863247863238 0.061538461538461486 0.12179487179487168
0.07222222222222223 0.04675925925925924 0.045833333333333295 0.045370370370370325 0.05462962962962959 0.0486111111111111 0.04999999999999998 0.07962962962962962 0.05046296296296297 0.050925925925925916 0.08009259259259263 0.05324074074074073 0.08194444444444443 0.05416666666666667 0.18611111111111112
0.05608465608465599 0.04920634920634913 0.05132275132275125 0.13280423280423267 0.05555555555555548 0.04920634920634912 0.061375661375661285 0.07513227513227504 0.050793650793650724 0.08412698412698405 0.09365079365079364 0.05343915343915337 0.0804232804232804 0.05555555555555548 0.051322751322751256
0.03872053872053869 0.03333333333333331 0.0323232323232323 0.15252525252525265 0.06835016835016831 0.11750841750841755 0.06969696969696965 0.03872053872053869 0.0434343434343434 0.05319865319865316 0.10437710437710444 0.06228956228956224 0.05454545454545451 0.06868686868686863 0.062289562289562256
0.11010101010101021 0.04848484848484849 0.04747474747474746 0.04595959595959594 0.07373737373737375 0.05656565656565656 0.05454545454545458 0.17020202020202016 0.04949494949494951 0.05606060606060612 0.05050505050505051 0.0565656565656566 0.07727272727272727 0.05151515151515152 0.05151515151515154
0.057201646090535054 0.05061728395061729 0.04403292181069963 0.04320987654320994 0.09465020576131687 0.0460905349794239 0.05555555555555561 0.09094650205761316 0.06090534979423873 0.05925925925925934 0.060082304526749 0.04979423868312764 0.1251028806584362 0.054320987654321064 0.10823045267489712
0.15611111111111114 0.05833333333333322 0.052222222222222135 0.05111111111111103 0.06444444444444436 0.0638888888888888 0.06333333333333324 0.050555555555555465 0.053888888888888806 0.058888888888888796 0.05833333333333324 0.0677777777777777 0.0916666666666666 0.054999999999999924 0.05444444444444436
0.16274509803921544 0.05882352941176457 0.060784313725490056 0.06013071895424824 0.0594771241830064 0.059477124183006415 0.05882352941176457 0.0594771241830064 0.0614379084967319 0.059477124183006415 0.06013071895424824 0.059477124183006415 0.06078431372549007 0.0594771241830064 0.0594771241830064
0.16538461538461519 0.06923076923076918 0.11794871794871781 0.040170940170940125 0.049145299145299096 0.0457264957264957 0.04487179487179483 0.04145299145299141 0.07350427350427344 0.04700854700854696 0.06025641025641023 0.04615384615384611 0.05982905982905978 0.04188034188034184 0.09743589743589734
0.048717948717948704 0.12051282051282036 0.12777777777777763 0.09487179487179476 0.04230769230769227 0.046153846153846115 0.05213675213675207 0.0457264957264957 0.13034188034188016 0.044444444444444384 0.05085470085470082 0.05470085470085467 0.04999999999999996 0.04615384615384611 0.04529914529914526
0.0625 0.0625 0.0625 0.0625 0.07708333333333334 0.0625 0.0625 0.06527777777777778 0.06319444444444444 0.0625 0.07083333333333333 0.06388888888888888 0.06736111111111111 0.0625 0.09236111111111112
0.08585858585858606 0.051010101010101026 0.0494949494949495 0.048989898989899 0.05050505050505053 0.0636363636363637 0.06111111111111113 0.0494949494949495 0.06262626262626268 0.053030303030303066 0.06010101010101014 0.08484848484848492 0.15808080808080807 0.07020202020202025 0.051010101010101026
0.046236559139784916 0.04050179211469531 0.04193548387096771 0.03906810035842291 0.05412186379928312 0.04086021505376341 0.05161290322580642 0.046594982078853014 0.051971326164874515 0.16630824372759867 0.05161290322580642 0.059139784946236514 0.09354838709677414 0.048028673835125414 0.1684587813620072
0.07979797979797994 0.056565656565656604 0.052020202020202036 0.052020202020202036 0.052525252525252544 0.05707070707070713 0.1282828282828284 0.05353535353535357 0.05505050505050509 0.058080808080808136 0.06111111111111117 0.06919191919191928 0.11767676767676773 0.056060606060606095 0.051010101010101026
0.04552845528455288 0.03577235772357726 0.036314363143631456 0.03224932249322495 0.05176151761517619 0.03983739837398377 0.10243902439024391 0.04010840108401086 0.05365853658536588 0.1411924119241191 0.07859078590785915 0.08048780487804884 0.08319783197831984 0.09972899728997293 0.07913279132791333
0.06183574879227062 0.05458937198067641 0.05458937198067641 0.05265700483091796 0.06280193236714987 0.05893719806763295 0.06425120772946868 0.06183574879227058 0.058454106280193326 0.07536231884057978 0.1082125603864734 0.08695652173913053 0.07101449275362327 0.06618357487922716 0.06231884057971023
0.05410628019323679 0.049758454106280256 0.05265700483091795 0.0507246376811595 0.06183574879227063 0.05507246376811603 0.06570048309178753 0.08260869565217399 0.055555555555555636 0.15555555555555553 0.07826086956521748 0.05217391304347834 0.06376811594202907 0.05652173913043487 0.06570048309178754
0.05324074074074074 0.052777777777777785 0.052777777777777785 0.049074074074074055 0.16388888888888886 0.050925925925925875 0.0587962962962963 0.05555555555555559 0.06805555555555558 0.061574074074074066 0.06712962962962964 0.056944444444444464 0.06990740740740745 0.051851851851851816 0.08749999999999998
0.05497076023391812 0.055555555555555566 0.05438596491228069 0.2099415204678363 0.05614035087719296 0.055555555555555546 0.05847953216374267 0.05672514619883042 0.05614035087719297 0.05906432748538009 0.05380116959064327 0.05847953216374267 0.05847953216374267 0.0567251461988304 0.05555555555555555
0.0635555555555556 0.047111111111111145 0.05022222222222226 0.04311111111111114 0.05333333333333337 0.07333333333333338 0.0506666666666667 0.18977777777777768 0.05111111111111115 0.07111111111111115 0.06177777777777781 0.07200000000000005 0.05288888888888892 0.06488888888888894 0.05511111111111115
0.0640522875816992 0.0660130718954247 0.0594771241830064 0.06405228758169922 0.06862745098039201 0.06666666666666654 0.06535947712418286 0.06928104575163385 0.0679738562091502 0.06405228758169922 0.06797385620915021 0.06732026143790835 0.07058823529411752 0.0679738562091502 0.07058823529411752
0.04252873563218386 0.03908045977011489 0.042528735632183866 0.04022988505747122 0.053639846743294986 0.042145593869731754 0.050574712643678126 0.04482758620689652 0.3045977011494251 0.04674329501915704 0.05249042145593868 0.055555555555555504 0.05785440613026817 0.05210727969348654 0.075095785440613
0.05714285714285706 0.05555555555555547 0.06031746031746023 0.15238095238095223 0.058730158730158646 0.058201058201058115 0.06031746031746025 0.06243386243386235 0.0597883597883597 0.07301587301587295 0.06084656084656079 0.05555555555555547 0.06613756613756608 0.058201058201058115 0.06137566137566131
0.06198830409356726 0.057309941520467804 0.0567251461988304 0.05964912280701752 0.06608187134502917 0.0637426900584795 0.06608187134502921 0.06374269005847952 0.061403508771929814 0.11754385964912266 0.06842105263157892 0.0614035087719298 0.0678362573099415 0.06666666666666661 0.06140350877192986
0.044736842105263144 0.0374269005847953 0.040643274853801176 0.03888888888888887 0.06725146198830403 0.043859649122807 0.08479532163742685 0.05409356725146196 0.05614035087719294 0.05116959064327484 0.06286549707602335 0.05701754385964908 0.11111111111111115 0.05116959064327484 0.19883040935672516
0.06230158730158725 0.043253968253968225 0.039285714285714264 0.036904761904761885 0.07499999999999994 0.042460317460317455 0.07301587301587295 0.1738095238095237 0.04206349206349204 0.057539682539682516 0.0678571428571428 0.06071428571428568 0.12023809523809526 0.04682539682539682 0.05873015873015869
0.10912698412698406 0.086111111111111 0.1928571428571429 0.03928571428571426 0.04047619047619044 0.038095238095238064 0.06984126984126979 0.03888888888888886 0.12182539682539685 0.03968253968253965 0.041666666666666664 0.04285714285714283 0.05357142857142854 0.039682539682539666 0.04603174603174601
0.09382716049382718 0.044444444444444495 0.04403292181069963 0.12427983539094642 0.05185185185185189 0.05390946502057618 0.07366255144032925 0.06008230452674903 0.055967078189300454 0.1 0.05473251028806589 0.05061728395061735 0.07530864197530869 0.0502057613168725 0.06707818930041154
0.17481481481481465 0.15074074074074062 0.11333333333333324 0.035925925925925924 0.0448148148148148 0.04259259259259259 0.08148148148148143 0.03925925925925924 0.047037037037037016 0.047407407407407405 0.04555555555555555 0.04370370370370368 0.04666666666666666 0.0448148148148148 0.041851851851851835
0.14159544159544143 0.04615384615384611 0.08062678062678053 0.03247863247863244 0.03646723646723641 0.033618233618233566 0.03874643874643871 0.037037037037036986 0.16837606837606828 0.03874643874643871 0.06096866096866095 0.04558404558404554 0.07521367521367517 0.04102564102564098 0.12336182336182323
0.044444444444444405 0.074537037037037 0.045370370370370325 0.15787037037037027 0.053240740740740734 0.056944444444444464 0.15833333333333324 0.045370370370370325 0.04490740740740734 0.04398148148148143 0.04861111111111109 0.05879629629629631 0.045833333333333295 0.055555555555555546 0.0662037037037037
0.05617283950617273 0.05617283950617273 0.05679012345679001 0.05617283950617273 0.08456790123456774 0.05617283950617273 0.09074074074074058 0.05740740740740729 0.05925925925925915 0.06358024691358014 0.06604938271604925 0.05925925925925915 0.06543209876543198 0.06481481481481471 0.10740740740740723
0.06172839506172829 0.05740740740740729 0.058641975308641854 0.05925925925925915 0.062345679012345556 0.06234567901234556 0.06049382716049371 0.12469135802469117 0.06049382716049372 0.06049382716049372 0.06543209876543199 0.07839506172839496 0.0648148148148147 0.06049382716049371 0.06296296296296286
0.07901234567901219 0.05864197530864187 0.06111111111111099 0.06419753086419741 0.06049382716049372 0.059876543209876426 0.06728395061728384 0.06604938271604925 0.06481481481481469 0.06543209876543198 0.06111111111111099 0.06543209876543199 0.10061728395061717 0.06358024691358014 0.06234567901234556
0.06388888888888881 0.11277777777777777 0.08777777777777768 0.06111111111111102 0.05444444444444435 0.0549999999999999 0.07333333333333324 0.0538888888888888 0.06444444444444436 0.06611111111111101 0.06499999999999992 0.05777777777777769 0.06222222222222214 0.062222222222222116 0.059999999999999915
0.06825396825396815 0.04973544973544967 0.050264550264550185 0.04973544973544967 0.05079365079365073 0.05396825396825389 0.053439153439153356 0.1597883597883596 0.05820105820105812 0.05873015873015866 0.09153439153439144 0.06243386243386234 0.08412698412698408 0.05661375661375653 0.05238095238095231
0.05730994152046782 0.08128654970760232 0.13742690058479515 0.055555555555555566 0.07953216374269012 0.056725146198830394 0.05497076023391812 0.05730994152046784 0.054970760233918115 0.06549707602339179 0.0690058479532163 0.055555555555555546 0.059064327485380125 0.061403508771929786 0.05438596491228069
0.05600000000000004 0.07022222222222227 0.09066666666666673 0.07777777777777782 0.06844444444444447 0.045333333333333364 0.0586666666666667 0.055555555555555594 0.0506666666666667 0.06755555555555559 0.0724444444444445 0.05911111111111114 0.06222222222222227 0.08488888888888896 0.08044444444444451
0.06023391812865496 0.05789473684210525 0.057309941520467846 0.05497076023391812 0.0707602339181286 0.060233918128654966 0.0614035087719298 0.0596491228070175 0.06783625730994146 0.06315789473684207 0.06900584795321638 0.06023391812865494 0.07894736842105267 0.0707602339181286 0.10760233918128649
0.0753086419753085 0.10246913580246896 0.062345679012345556 0.0574074074074073 0.05802469135802457 0.061111111111111005 0.06358024691358014 0.06049382716049372 0.0574074074074073 0.06049382716049372 0.06049382716049372 0.061111111111111005 0.09814814814814801 0.06358024691358012 0.05802469135802457
0.061403508771929814 0.05380116959064327 0.05730994152046782 0.05321637426900585 0.10643274853801164 0.0807017543859649 0.06549707602339185 0.06491228070175438 0.05847953216374267 0.0748538011695906 0.07485380116959059 0.06198830409356722 0.06491228070175438 0.059649122807017535 0.06198830409356724
0.051851851851851864 0.05 0.048611111111111084 0.04490740740740736 0.050925925925925916 0.04629629629629626 0.05092592592592588 0.2546296296296296 0.05092592592592592 0.04861111111111109 0.061111111111111144 0.07962962962962966 0.056944444444444485 0.05277777777777778 0.05185185185185184
0.05444444444444435 0.053333333333333253 0.05166666666666658 0.05111111111111102 0.10055555555555548 0.052222222222222135 0.055555555555555476 0.15277777777777787 0.05555555555555547 0.06111111111111102 0.08777777777777769 0.05555555555555547 0.05499999999999991 0.056666666666666574 0.05666666666666657
0.05095785440613021 0.04750957854406124 0.04750957854406126 0.047892720306513384 0.07088122605363983 0.05478927203065127 0.06973180076628348 0.05440613026819918 0.06168582375478925 0.09463601532567052 0.07816091954022987 0.06360153256704978 0.07164750957854402 0.07049808429118769 0.11609195402298855
0.08821548821548816 0.045117845117845085 0.0387205387205387 0.14444444444444451 0.0599326599326599 0.044107744107744075 0.06498316498316493 0.04882154882154879 0.061952861952861905 0.059932659932659886 0.05555555555555552 0.05757575757575754 0.08148148148148143 0.05218855218855215 0.09696969696969696
0.08935185185185178 0.04722222222222219 0.05138888888888888 0.04629629629629624 0.06759259259259263 0.048148148148148134 0.05324074074074073 0.056944444444444464 0.13842592592592584 0.05787037037037042 0.059722222222222225 0.05972222222222223 0.07314814814814816 0.05138888888888888 0.09953703703703702
0.06811594202898562 0.05507246376811604 0.05072463768115951 0.04830917874396144 0.08502415458937213 0.05169082125603873 0.06038647342995179 0.05314009661835758 0.06521739130434794 0.08115942028985514 0.07101449275362329 0.05845410628019332 0.10193236714975852 0.061352657004831 0.08840579710144932
0.06358024691358012 0.058024691358024585 0.05802469135802457 0.05617283950617273 0.061728395061728274 0.07777777777777764 0.05802469135802457 0.061728395061728274 0.05740740740740729 0.06604938271604928 0.10370370370370358 0.08209876543209864 0.05925925925925915 0.07777777777777763 0.05864197530864187
0.04898989898989898 0.05050505050505051 0.04949494949494951 0.04797979797979798 0.04797979797979797 0.05050505050505053 0.05151515151515153 0.14444444444444454 0.0494949494949495 0.13080808080808085 0.08636363636363643 0.059090909090909145 0.052020202020202036 0.08434343434343435 0.04646464646464645
0.06470588235294104 0.0594771241830064 0.0614379084967319 0.059477124183006415 0.06797385620915018 0.08954248366013055 0.06013071895424824 0.061437908496731884 0.06078431372549007 0.0705882352941175 0.06339869281045737 0.07647058823529396 0.06666666666666655 0.07647058823529397 0.061437908496731884
0.058547008547008485 0.04914529914529909 0.05170940170940167 0.05769230769230765 0.07820512820512811 0.058119658119658094 0.06068376068376063 0.05512820512820508 0.08162393162393154 0.05897435897435891 0.07435897435897433 0.06239316239316232 0.07222222222222212 0.05811965811965806 0.12307692307692296
0.03955555555555558 0.02844444444444446 0.03800000000000003 0.027777777777777797 0.034888888888888914 0.030222222222222244 0.04000000000000003 0.03800000000000003 0.04777777777777779 0.033333333333333354 0.0377777777777778 0.03400000000000002 0.29266666666666635 0.03244444444444447 0.24511111111111114
0.06666666666666655 0.05864197530864187 0.06111111111111099 0.059876543209876426 0.07777777777777764 0.06666666666666655 0.06543209876543198 0.06358024691358012 0.0716049382716048 0.06604938271604925 0.06358024691358014 0.06604938271604927 0.07407407407407393 0.0679012345679011 0.07098765432098753
0.06616161616161623 0.06111111111111116 0.058585858585858616 0.057070707070707126 0.07020202020202024 0.059595959595959654 0.07474747474747481 0.06565656565656573 0.05959595959595963 0.06313131313131316 0.07070707070707079 0.06767676767676774 0.07525252525252536 0.07525252525252529 0.07525252525252529
0.05808080808080812 0.057070707070707105 0.06161616161616168 0.04949494949494951 0.085858585858586 0.056565656565656625 0.058080808080808136 0.08131313131313138 0.059090909090909104 0.058585858585858616 0.07424242424242425 0.06060606060606067 0.06414141414141418 0.059090909090909145 0.11616161616161623
0.05854700854700848 0.046581196581196554 0.04358974358974356 0.041025641025640984 0.05427350427350422 0.06495726495726492 0.13034188034188018 0.057692307692307654 0.05769230769230761 0.06709401709401702 0.06752136752136749 0.08760683760683755 0.059829059829059804 0.06282051282051278 0.10042735042735036
0.054521963824289456 0.0315245478036176 0.031007751937984527 0.032558139534883755 0.04832041343669254 0.0767441860465117 0.044702842377261014 0.04961240310077522 0.060206718346253275 0.05374677002583983 0.15529715762273918 0.06382428940568483 0.06847545219638249 0.056589147286821746 0.17286821705426372
0.052046783625730925 0.055555555555555504 0.06052631578947366 0.03421052631578946 0.040058479532163724 0.07192982456140344 0.04999999999999996 0.04064327485380115 0.1257309941520468 0.04590643274853797 0.04970760233918125 0.1400584795321637 0.07134502923976604 0.12134502923976603 0.04093567251461986
0.06315789473684208 0.08245614035087721 0.08596491228070177 0.06198830409356719 0.05789473684210526 0.07777777777777782 0.06432748538011694 0.055555555555555546 0.059649122807017535 0.05847953216374269 0.0573099415204678 0.08128654970760232 0.05964912280701752 0.0748538011695906 0.05964912280701752
0.05964912280701752 0.06959064327485383 0.05789473684210525 0.05614035087719295 0.12397660818713438 0.05730994152046782 0.0614035087719298 0.060818713450292376 0.0614035087719298 0.0567251461988304 0.06842105263157897 0.057309941520467825 0.060818713450292376 0.06257309941520466 0.08596491228070167
0.06328502415458948 0.05410628019323679 0.054106280193236794 0.055072463768116045 0.07294685990338173 0.06714975845410637 0.06280193236714984 0.06666666666666675 0.0584541062801933 0.05410628019323681 0.0714975845410629 0.0710144927536233 0.06376811594202908 0.08792270531400972 0.09710144927536236
0.05603864734299526 0.05410628019323681 0.052173913043478355 0.05072463768115951 0.07729468599033826 0.05652173913043486 0.05169082125603873 0.05845410628019334 0.0579710144927537 0.06666666666666679 0.07246376811594213 0.05990338164251215 0.08647342995169092 0.06521739130434792 0.1342995169082125
0.05555555555555564 0.05217391304347834 0.05265700483091796 0.19758454106280196 0.052173913043478334 0.05265700483091795 0.06666666666666679 0.05217391304347834 0.05458937198067642 0.08454106280193245 0.05845410628019332 0.05555555555555564 0.054589371980676406 0.05748792270531411 0.05314009661835756
0.10967741935483873 0.1103942652329749 0.046236559139784916 0.04121863799283151 0.07132616487455193 0.04874551971326162 0.08996415770609315 0.06057347670250893 0.049103942652329716 0.053405017921146915 0.06451612903225802 0.049820788530465926 0.08458781362007162 0.05161290322580642 0.06881720430107523
0.06161616161616167 0.07070707070707073 0.0843434343434344 0.053535353535353554 0.054040404040404076 0.07727272727272735 0.055555555555555594 0.054040404040404055 0.1015151515151516 0.05656565656565661 0.05757575757575761 0.09040404040404047 0.05959595959595966 0.07070707070707079 0.05252525252525253
0.05820105820105808 0.04814814814814808 0.04973544973544967 0.04814814814814808 0.04920634920634914 0.05449735449735442 0.05449735449735442 0.13227513227513216 0.04920634920634913 0.05873015873015864 0.08783068783068777 0.06772486772486765 0.07936507936507928 0.11375661375661365 0.048677248677248604
0.05740740740740733 0.04126984126984122 0.03492063492063489 0.030952380952380912 0.049735449735449695 0.0354497354497354 0.05555555555555552 0.030952380952380905 0.11825396825396817 0.05502645502645498 0.12354497354497344 0.06560846560846552 0.12010582010581995 0.12275132275132265 0.05846560846560841
0.07516339869281029 0.0640522875816992 0.059477124183006415 0.0679738562091502 0.06928104575163385 0.06339869281045739 0.06928104575163387 0.06209150326797373 0.06862745098039202 0.06601307189542469 0.06470588235294104 0.0640522875816992 0.06862745098039201 0.07058823529411751 0.06666666666666653
0.1570707070707071 0.09242424242424246 0.051010101010101026 0.07323232323232329 0.04848484848484849 0.052525252525252565 0.06818181818181823 0.04848484848484848 0.05505050505050509 0.05252525252525254 0.05555555555555561 0.05707070707070711 0.08383838383838386 0.054545454545454584 0.05000000000000001
0.052083333333333336 0.06493055555555556 0.04791666666666667 0.20243055555555556 0.041666666666666664 0.042708333333333334 0.06180555555555556 0.04097222222222222 0.12013888888888889 0.06527777777777778 0.05451388888888889 0.052083333333333336 0.057291666666666664 0.04895833333333333 0.04722222222222222
0.17592592592592565 0.05555555555555545 0.05555555555555545 0.05617283950617273 0.05555555555555545 0.05555555555555545 0.05864197530864187 0.05617283950617273 0.05617283950617273 0.05740740740740729 0.05679012345679001 0.05802469135802457 0.08950617283950606 0.05679012345679001 0.05617283950617273
0.06358024691358015 0.08641975308641961 0.0765432098765431 0.05555555555555545 0.059876543209876426 0.12407407407407386 0.05925925925925915 0.05802469135802457 0.06296296296296285 0.05617283950617273 0.05864197530864187 0.06049382716049373 0.06111111111111099 0.05864197530864187 0.05864197530864187
0.10350877192982456 0.056725146198830394 0.0543859649122807 0.09181286549707604 0.05438596491228069 0.07485380116959067 0.05438596491228069 0.05380116959064327 0.09707602339181293 0.054970760233918115 0.05321637426900584 0.07192982456140345 0.053801169590643266 0.07017543859649122 0.05497076023391812
0.05555555555555545 0.0728395061728394 0.2024691358024688 0.05555555555555545 0.05555555555555545 0.05555555555555545 0.05617283950617273 0.05555555555555545 0.05617283950617273 0.05617283950617273 0.05555555555555545 0.05555555555555545 0.05617283950617273 0.05555555555555545 0.05555555555555545
0.047342995169082185 0.04444444444444452 0.0434782608695653 0.04444444444444452 0.06038647342995179 0.046859903381642594 0.04589371980676337 0.30772946859903405 0.04830917874396143 0.04927536231884066 0.057004830917874484 0.05217391304347834 0.052173913043478334 0.04975845410628028 0.05072463768115948
0.06499999999999992 0.0999999999999999 0.060555555555555446 0.0549999999999999 0.06055555555555549 0.08166666666666661 0.06444444444444436 0.06166666666666658 0.05999999999999991 0.058333333333333265 0.05888888888888879 0.0799999999999999 0.06333333333333324 0.07222222222222216 0.058333333333333244
0.05000000000000001 0.04898989898989899 0.051010101010101026 0.04696969696969696 0.055555555555555594 0.0661616161616162 0.04949494949494949 0.20404040404040405 0.05151515151515152 0.07575757575757582 0.056060606060606095 0.0722222222222223 0.05353535353535355 0.06616161616161621 0.052525252525252565
0.05722222222222214 0.06999999999999992 0.24166666666666659 0.05166666666666659 0.05166666666666658 0.05055555555555547 0.052222222222222135 0.04999999999999991 0.061666666666666585 0.05277777777777768 0.05388888888888881 0.05111111111111103 0.05277777777777769 0.05111111111111103 0.05166666666666658
0.06549707602339179 0.06198830409356721 0.06257309941520463 0.0590643274853801 0.0637426900584795 0.061403508771929766 0.0660818713450292 0.06608187134502924 0.06608187134502924 0.06725146198830403 0.06725146198830406 0.06198830409356724 0.0824561403508772 0.07134502923976607 0.07719298245614034
0.0527777777777777 0.09444444444444433 0.05611111111111103 0.1983333333333331 0.05333333333333326 0.05444444444444435 0.055555555555555476 0.05277777777777769 0.05444444444444436 0.05777777777777769 0.05555555555555547 0.05444444444444435 0.053888888888888806 0.05333333333333324 0.0527777777777777
0.059259259259259296 0.07870370370370372 0.08518518518518517 0.14120370370370372 0.05462962962962963 0.0578703703703704 0.055555555555555546 0.05601851851851853 0.0675925925925926 0.058333333333333355 0.05555555555555555 0.059722222222222274 0.054629629629629646 0.05509259259259263 0.06064814814814813
0.06432748538011691 0.18245614035087718 0.07368421052631577 0.052631578947368425 0.05380116959064329 0.052631578947368425 0.05497076023391812 0.05321637426900584 0.05438596491228071 0.05380116959064327 0.054970760233918115 0.05497076023391812 0.08479532163742698 0.056725146198830415 0.052631578947368425
0.05055555555555547 0.050555555555555465 0.05111111111111103 0.2838888888888892 0.04999999999999991 0.05166666666666658 0.05611111111111104 0.05055555555555547 0.05111111111111102 0.04999999999999991 0.05111111111111103 0.050555555555555465 0.05111111111111102 0.050555555555555465 0.05111111111111103
0.07722222222222211 0.053888888888888806 0.05333333333333324 0.0972222222222221 0.05888888888888881 0.05555555555555547 0.06611111111111101 0.05999999999999991 0.05833333333333322 0.0577777777777777 0.06111111111111102 0.06777777777777766 0.10999999999999996 0.06111111111111103 0.0616666666666666
0.05407407407407405 0.04925925925925927 0.0448148148148148 0.04037037037037037 0.05037037037037035 0.05777777777777776 0.0474074074074074 0.05703703703703703 0.10407407407407401 0.17851851851851835 0.05148148148148147 0.0737037037037037 0.06407407407407402 0.0733333333333333 0.05370370370370369
0.11262626262626267 0.06363636363636373 0.051010101010101026 0.08333333333333336 0.05101010101010101 0.06161616161616165 0.06313131313131322 0.06060606060606063 0.09747474747474752 0.06161616161616165 0.05757575757575764 0.0646464646464647 0.06313131313131322 0.05555555555555559 0.05303030303030304
0.1088888888888888 0.11111111111111108 0.10888888888888891 0.04999999999999991 0.0527777777777777 0.05444444444444435 0.06055555555555547 0.05333333333333324 0.05999999999999991 0.05611111111111103 0.05499999999999991 0.06222222222222214 0.05666666666666658 0.056666666666666594 0.05333333333333324
0.14830917874396127 0.04444444444444452 0.04782608695652181 0.04541062801932375 0.06376811594202908 0.04492753623188414 0.04879227053140105 0.04830917874396145 0.0893719806763286 0.05217391304347834 0.07487922705314012 0.047342995169082205 0.05700483091787446 0.04975845410628026 0.13768115942028977
0.06772486772486767 0.05502645502645494 0.053439153439153377 0.05238095238095231 0.05767195767195758 0.05714285714285706 0.05661375661375652 0.06402116402116394 0.07671957671957666 0.0767195767195766 0.0777777777777777 0.065079365079365 0.06719576719576711 0.10952380952380941 0.06296296296296287
0.1719298245614033 0.05847953216374267 0.0543859649122807 0.08654970760233927 0.05789473684210524 0.054970760233918115 0.05847953216374265 0.057309941520467825 0.055555555555555546 0.054970760233918115 0.05614035087719297 0.0543859649122807 0.05847953216374267 0.06549707602339178 0.054970760233918115
0.11403508771929817 0.05847953216374267 0.05789473684210523 0.0567251461988304 0.07426900584795319 0.0660818713450292 0.0619883040935672 0.059649122807017535 0.05906432748538009 0.0619883040935672 0.06725146198830408 0.06198830409356724 0.06081871345029237 0.05614035087719298 0.08362573099415203
