0.12420634920634921 0.08968253968253961 0.042460317460317434 0.08769841269841264 0.11587301587301593 0.088095238095238 0.2686507936507937 0.0555555555555555 0.06349206349206345 0.06428571428571424
0.1895424836601305 0.07843137254901947 0.07124183006535935 0.08039215686274497 0.08888888888888877 0.09869281045751618 0.1366013071895423 0.08431372549019593 0.0771241830065358 0.09477124183006522
0.282222222222222 0.07259259259259256 0.07259259259259254 0.07629629629629628 0.07703703703703703 0.0733333333333333 0.0918518518518519 0.07555555555555551 0.09185185185185184 0.08666666666666663
0.05555555555555559 0.1333333333333334 0.05959595959595963 0.11969696969696979 0.11010101010101023 0.09292929292929303 0.14848484848484855 0.10151515151515154 0.09292929292929303 0.08585858585858594
0.12456140350877185 0.06842105263157892 0.05672514619883037 0.06374269005847952 0.15614035087719277 0.17426900584795305 0.15263157894736842 0.07953216374269002 0.061988304093567224 0.061988304093567224
0.05555555555555557 0.13564814814814818 0.06712962962962966 0.11574074074074076 0.10972222222222212 0.07731481481481484 0.20555555555555546 0.05972222222222226 0.10046296296296299 0.0731481481481482
0.07291666666666667 0.08263888888888889 0.07847222222222222 0.08333333333333333 0.09444444444444444 0.1701388888888889 0.10902777777777778 0.09722222222222222 0.10347222222222222 0.10833333333333334
0.07777777777777775 0.09603174603174598 0.07777777777777772 0.08492063492063488 0.13412698412698398 0.09523809523809519 0.1515873015873015 0.09761904761904759 0.09523809523809518 0.08968253968253966
0.19047619047619038 0.07539682539682535 0.07777777777777772 0.07698412698412693 0.08333333333333329 0.10079365079365071 0.11904761904761899 0.07857142857142851 0.10476190476190471 0.09285714285714286
0.04975845410628026 0.23913043478260865 0.0507246376811595 0.07391304347826098 0.2140096618357489 0.07922705314009673 0.11352657004830914 0.06328502415458948 0.05410628019323679 0.062318840579710245
0.2306666666666665 0.06044444444444449 0.05288888888888892 0.06311111111111115 0.07466666666666671 0.09777777777777778 0.12977777777777771 0.06844444444444449 0.15022222222222212 0.07200000000000005
0.05079365079365071 0.06613756613756605 0.06984126984126979 0.09047619047619039 0.05449735449735443 0.06560846560846553 0.06190476190476185 0.2682539682539679 0.18306878306878294 0.08941798941798934
0.06740740740740739 0.13925925925925917 0.06888888888888886 0.07185185185185182 0.12888888888888886 0.17185185185185173 0.0962962962962963 0.11111111111111108 0.07111111111111107 0.0733333333333333
0.07539682539682535 0.08015873015873007 0.0801587301587301 0.08412698412698412 0.2071428571428571 0.08571428571428567 0.11666666666666657 0.10238095238095235 0.0801587301587301 0.088095238095238
0.056725146198830394 0.10116959064327481 0.06549707602339178 0.2578947368421051 0.09999999999999998 0.07368421052631577 0.09649122807017538 0.06491228070175434 0.0672514619883041 0.11637426900584785
0.046376811594202975 0.1956521739130436 0.04927536231884065 0.0787439613526571 0.06956521739130445 0.07729468599033826 0.07777777777777788 0.2618357487922704 0.07681159420289864 0.06666666666666675
0.04879227053140103 0.05072463768115951 0.06473429951690832 0.05217391304347834 0.07391304347826094 0.0898550724637682 0.07632850241545903 0.3859903381642512 0.08550724637681166 0.07198067632850252
0.08402777777777778 0.09722222222222222 0.09583333333333334 0.09305555555555556 0.09513888888888888 0.10833333333333334 0.1111111111111111 0.09861111111111111 0.09930555555555555 0.11736111111111111
0.0814814814814815 0.18962962962962948 0.07037037037037036 0.08592592592592589 0.10222222222222217 0.10370370370370371 0.08740740740740738 0.08518518518518517 0.11555555555555552 0.07851851851851852
0.07619047619047614 0.08730158730158723 0.0671957671957671 0.193121693121693 0.0814814814814814 0.09153439153439143 0.1253968253968253 0.07724867724867715 0.0761904761904761 0.12433862433862423
0.056725146198830394 0.1403508771929823 0.06374269005847948 0.23567251461988303 0.0637426900584795 0.08187134502923973 0.0859649122807018 0.06842105263157892 0.11929824561403503 0.08421052631578942
0.06458333333333334 0.15902777777777777 0.18125 0.06944444444444445 0.1125 0.08263888888888889 0.10902777777777778 0.06666666666666667 0.08680555555555555 0.06805555555555555
0.054545454545454584 0.1025252525252526 0.06111111111111112 0.21919191919191922 0.11565656565656562 0.0722222222222223 0.12626262626262633 0.07121212121212128 0.08282828282828293 0.09444444444444458
0.09090909090909087 0.11717171717171726 0.09191919191919189 0.15050505050505047 0.09191919191919189 0.09090909090909087 0.0929292929292929 0.09191919191919189 0.09090909090909087 0.09090909090909087
0.051282051282051246 0.07307692307692298 0.051709401709401664 0.2965811965811967 0.22478632478632482 0.05299145299145293 0.06923076923076917 0.05470085470085465 0.0551282051282051 0.07051282051282043
0.06993464052287567 0.08169934640522862 0.07385620915032666 0.09803921568627438 0.09346405228758156 0.09215686274509793 0.11045751633986912 0.1098039215686273 0.18954248366013052 0.08104575163398679
0.039814814814814754 0.07006172839506163 0.046913580246913514 0.09413580246913575 0.14691358024691364 0.22469135802469134 0.15092592592592594 0.07222222222222216 0.08456790123456781 0.06975308641975299
0.07160493827160483 0.17716049382716023 0.07901234567901225 0.11111111111111097 0.10555555555555543 0.0999999999999999 0.09567901234567887 0.0802469135802468 0.0888888888888888 0.0907407407407406
0.06234567901234558 0.12037037037037022 0.07407407407407397 0.0759259259259258 0.22530864197530862 0.07530864197530854 0.13580246913580232 0.07469135802469123 0.07716049382716039 0.07901234567901225
0.055555555555555476 0.07722222222222212 0.058333333333333244 0.07944444444444436 0.10222222222222226 0.25999999999999995 0.1300000000000001 0.09999999999999996 0.07222222222222212 0.06499999999999989
0.0611111111111111 0.06574074074074078 0.05185185185185184 0.1171296296296296 0.06250000000000003 0.07314814814814817 0.07777777777777782 0.05740740740740742 0.062037037037037064 0.37129629629629635
0.08055555555555556 0.09444444444444444 0.20555555555555555 0.08055555555555556 0.09166666666666666 0.07569444444444444 0.11736111111111111 0.07777777777777778 0.08194444444444444 0.09444444444444444
0.04377104377104374 0.11111111111111113 0.08383838383838378 0.2973063973063974 0.08013468013468007 0.07979797979797974 0.09797979797979792 0.056902356902356864 0.06700336700336695 0.08215488215488209
0.2835748792270531 0.057004830917874484 0.05555555555555566 0.06521739130434791 0.06183574879227063 0.06086956521739139 0.0710144927536233 0.05652173913043486 0.19806763285024145 0.09033816425120783
0.08034188034188025 0.1897435897435895 0.08290598290598282 0.09401709401709396 0.0914529914529914 0.09401709401709397 0.09658119658119652 0.0854700854700854 0.09316239316239308 0.09230769230769222
0.07222222222222216 0.09126984126984122 0.08174603174603168 0.08015873015873011 0.1603174603174602 0.08888888888888882 0.11190476190476184 0.14365079365079347 0.0809523809523809 0.08888888888888884
0.07037037037037036 0.24370370370370356 0.07185185185185182 0.08148148148148145 0.10518518518518515 0.09185185185185188 0.09407407407407407 0.07851851851851853 0.07703703703703701 0.08592592592592593
0.062962962962963 0.08981481481481485 0.06250000000000001 0.14722222222222223 0.14629629629629634 0.0745370370370371 0.10370370370370371 0.10694444444444444 0.1087962962962963 0.09722222222222224
0.07037037037037026 0.09753086419753071 0.06913580246913567 0.11851851851851833 0.15493827160493812 0.09814814814814804 0.11604938271604931 0.07777777777777765 0.11172839506172824 0.08580246913580235
0.0794871794871794 0.16495726495726473 0.0777777777777777 0.08547008547008536 0.08547008547008543 0.11623931623931616 0.08717948717948713 0.1393162393162392 0.0811965811965811 0.08290598290598286
0.0897435897435897 0.09145299145299142 0.0871794871794871 0.11965811965811955 0.09829059829059823 0.09572649572649566 0.1017094017094016 0.09999999999999994 0.1017094017094016 0.1145299145299144
0.07450980392156849 0.09084967320261421 0.09673202614379069 0.12287581699346387 0.09738562091503256 0.09281045751633972 0.10784313725490177 0.09084967320261424 0.09477124183006522 0.1313725490196077
0.07124183006535934 0.15032679738562077 0.07058823529411752 0.18692810457516318 0.08039215686274497 0.07843137254901945 0.10261437908496715 0.09019607843137242 0.08039215686274495 0.08888888888888875
0.06243386243386236 0.07195767195767189 0.056084656084656 0.17142857142857132 0.08835978835978829 0.15661375661375648 0.0941798941798941 0.11164021164021154 0.10529100529100517 0.08201058201058192
0.040350877192982436 0.17777777777777767 0.04473684210526314 0.22690058479532166 0.07163742690058476 0.07690058479532158 0.06959064327485377 0.13508771929824562 0.057309941520467776 0.09970760233918126
0.09494949494949492 0.05016835016835013 0.04545454545454542 0.05050505050505047 0.048484848484848464 0.44377104377104376 0.08148148148148143 0.06801346801346797 0.06094276094276091 0.05622895622895619
0.08174603174603168 0.15476190476190466 0.08888888888888885 0.13412698412698404 0.10873015873015866 0.07777777777777772 0.09047619047619047 0.0825396825396825 0.08571428571428566 0.09523809523809522
0.06543209876543199 0.09444444444444433 0.06666666666666655 0.20493827160493833 0.09320987654320974 0.07160493827160486 0.09814814814814801 0.07777777777777765 0.08271604938271593 0.14506172839506162
0.06296296296296286 0.07222222222222208 0.27592592592592585 0.07222222222222212 0.11604938271604921 0.06913580246913567 0.08827160493827149 0.08827160493827146 0.08148148148148136 0.07345679012345668
0.10427350427350418 0.1047008547008546 0.0598290598290598 0.12649572649572632 0.07991452991452985 0.061111111111111054 0.08034188034188028 0.06538461538461532 0.24230769230769234 0.07564102564102557
0.06597222222222222 0.13055555555555556 0.06319444444444444 0.07083333333333333 0.0875 0.19166666666666668 0.15763888888888888 0.07291666666666667 0.08680555555555555 0.07291666666666667
0.03693693693693694 0.08768768768768773 0.047447447447447486 0.06996996996996999 0.08408408408408409 0.23393393393393397 0.08438438438438438 0.045945945945946 0.0987987987987988 0.2108108108108107
0.14358974358974344 0.0794871794871794 0.08034188034188025 0.08803418803418797 0.0923076923076922 0.08119658119658113 0.08803418803418797 0.17179487179487155 0.08632478632478624 0.08888888888888882
0.09999999999999998 0.07222222222222217 0.12539682539682534 0.07619047619047617 0.07539682539682532 0.11269841269841267 0.09841269841269838 0.10793650793650789 0.14285714285714277 0.08888888888888889
0.3059829059829057 0.07692307692307684 0.07692307692307684 0.07692307692307684 0.07692307692307684 0.07692307692307684 0.07863247863247856 0.07692307692307684 0.07692307692307684 0.07692307692307684
0.05740740740740729 0.3493827160493827 0.05679012345679001 0.07469135802469125 0.0802469135802468 0.08518518518518506 0.09876543209876526 0.06790123456790112 0.062345679012345556 0.06728395061728383
0.14518518518518514 0.08518518518518518 0.08592592592592593 0.07925925925925924 0.08740740740740738 0.11111111111111108 0.08222222222222221 0.1333333333333332 0.09851851851851848 0.09185185185185182
0.0660130718954247 0.23725490196078405 0.06535947712418287 0.07647058823529398 0.11699346405228742 0.1150326797385619 0.08039215686274494 0.1039215686274508 0.07058823529411752 0.06797385620915021
0.07857142857142849 0.09126984126984118 0.08412698412698409 0.09920634920634915 0.08809523809523807 0.0968253968253968 0.10634920634920629 0.09761904761904759 0.10952380952380947 0.14841269841269827
0.12370370370370364 0.07111111111111107 0.26814814814814797 0.07629629629629628 0.07407407407407404 0.0711111111111111 0.07407407407407406 0.07481481481481479 0.0888888888888889 0.07777777777777779
0.13391812865497063 0.07719298245614031 0.21520467836257315 0.07953216374269002 0.08245614035087719 0.08187134502923972 0.08771929824561399 0.07777777777777774 0.08128654970760235 0.08304093567251461
0.2587301587301587 0.07698412698412693 0.07380952380952377 0.07698412698412692 0.0801587301587301 0.08888888888888882 0.08809523809523816 0.07380952380952376 0.1071428571428571 0.07539682539682536
0.07703703703703701 0.08814814814814817 0.14444444444444438 0.08296296296296293 0.10444444444444445 0.09851851851851848 0.10740740740740738 0.08740740740740742 0.12444444444444436 0.0851851851851852
0.07857142857142853 0.10634920634920629 0.08015873015873011 0.1277777777777777 0.09761904761904759 0.08492063492063487 0.09047619047619045 0.09126984126984124 0.15238095238095228 0.09047619047619045
0.05925925925925915 0.2932098765432098 0.05740740740740729 0.1018518518518517 0.10493827160493815 0.06296296296296285 0.12962962962962946 0.061728395061728274 0.06481481481481471 0.06419753086419741
0.086111111111111 0.08425925925925916 0.09351851851851842 0.10000000000000002 0.09074074074074065 0.09537037037037031 0.11481481481481494 0.10092592592592592 0.14537037037037034 0.08888888888888878
0.07948717948717943 0.13333333333333316 0.07692307692307684 0.08119658119658112 0.19487179487179462 0.08205128205128195 0.10341880341880334 0.09145299145299138 0.07863247863247855 0.07863247863247855
0.29761904761904756 0.07222222222222219 0.0793650793650793 0.07857142857142854 0.07777777777777775 0.07777777777777775 0.0801587301587301 0.07698412698412692 0.08412698412698405 0.07539682539682534
0.06962962962962962 0.07777777777777772 0.0725925925925926 0.0985185185185185 0.08370370370370363 0.09851851851851848 0.1555555555555555 0.07111111111111107 0.19481481481481472 0.07777777777777775
0.057333333333333375 0.07377777777777782 0.11733333333333328 0.09244444444444448 0.1226666666666665 0.08088888888888894 0.18266666666666656 0.08088888888888894 0.0835555555555556 0.10844444444444444
0.07698412698412696 0.08333333333333333 0.08015873015873014 0.18888888888888886 0.14047619047619037 0.08015873015873014 0.08888888888888888 0.08730158730158728 0.0801587301587301 0.0936507936507936
0.08547008547008542 0.10170940170940163 0.09059829059829053 0.11111111111111097 0.10683760683760675 0.1017094017094016 0.09658119658119653 0.10256410256410248 0.10512820512820503 0.09829059829059822
0.0911111111111111 0.10296296296296291 0.08592592592592589 0.11999999999999993 0.1 0.10296296296296294 0.10222222222222216 0.09333333333333332 0.10592592592592592 0.09555555555555555
0.2592592592592592 0.07999999999999999 0.06666666666666665 0.06814814814814814 0.1503703703703702 0.06962962962962962 0.08370370370370374 0.07925925925925925 0.07185185185185185 0.07111111111111111
0.06535947712418286 0.10457516339869263 0.06862745098039202 0.26209150326797354 0.0967320261437907 0.072549019607843 0.07843137254901947 0.0771241830065358 0.072549019607843 0.10196078431372535
0.06728395061728383 0.07962962962962951 0.0648148148148147 0.17777777777777767 0.10185185185185175 0.07407407407407396 0.10123456790123446 0.08086419753086405 0.07716049382716036 0.17530864197530854
0.06725146198830406 0.08713450292397659 0.06666666666666664 0.095906432748538 0.11345029239766069 0.09356725146198829 0.22397660818713439 0.08245614035087717 0.08654970760233915 0.08304093567251457
0.0625730994152047 0.0660818713450292 0.06432748538011694 0.07017543859649117 0.361988304093567 0.061403508771929786 0.11286549707602332 0.06315789473684208 0.07076023391812858 0.06666666666666664
0.05722222222222215 0.08333333333333323 0.053888888888888806 0.08277777777777769 0.2977777777777779 0.0649999999999999 0.08999999999999994 0.06277777777777768 0.11277777777777774 0.09444444444444439
0.10158730158730155 0.07142857142857138 0.07301587301587295 0.07222222222222216 0.07301587301587298 0.07301587301587296 0.07460317460317456 0.07380952380952376 0.3103174603174603 0.07698412698412695
0.059903381642512146 0.0850241545893721 0.045893719806763364 0.17826086956521747 0.05652173913043487 0.06425120772946868 0.07971014492753632 0.055555555555555663 0.06714975845410637 0.3077294685990339
0.09941520467836251 0.08538011695906429 0.06140350877192977 0.09239766081871345 0.09181286549707597 0.13450292397660807 0.14502923976608173 0.08654970760233914 0.08654970760233917 0.11695906432748533
0.06499999999999989 0.11166666666666673 0.11166666666666664 0.09666666666666658 0.12166666666666666 0.1366666666666667 0.09833333333333329 0.07166666666666657 0.07444444444444431 0.1122222222222222
0.2177777777777776 0.07333333333333333 0.06888888888888887 0.08222222222222224 0.07999999999999995 0.07777777777777777 0.07555555555555553 0.07481481481481476 0.15925925925925913 0.09037037037037038
0.06666666666666651 0.1137254901960783 0.06339869281045739 0.07908496732026128 0.23137254901960752 0.08758169934640508 0.08431372549019597 0.10261437908496715 0.08692810457516327 0.08431372549019596
0.04047619047619045 0.08373015873015865 0.4638888888888889 0.06309523809523802 0.04801587301587299 0.06388888888888881 0.060714285714285686 0.051984126984126945 0.061904761904761844 0.06230158730158726
0.16543209876543188 0.07654320987654309 0.17530864197530843 0.07530864197530854 0.07962962962962952 0.06666666666666655 0.08024691358024677 0.0716049382716048 0.07962962962962951 0.12962962962962946
0.25042735042735004 0.08290598290598283 0.08119658119658113 0.08547008547008539 0.08290598290598283 0.0837606837606837 0.08376068376068369 0.08205128205128198 0.08632478632478623 0.08119658119658113
0.06862745098039202 0.09673202614379069 0.06666666666666653 0.2516339869281043 0.08496732026143776 0.103267973856209 0.08039215686274495 0.07124183006535935 0.08692810457516326 0.08954248366013055
0.07555555555555553 0.07555555555555553 0.27851851851851833 0.08296296296296296 0.07703703703703701 0.07777777777777775 0.0896296296296296 0.08666666666666667 0.07333333333333333 0.082962962962963
0.041666666666666664 0.06076388888888889 0.04375 0.06840277777777778 0.5055555555555555 0.05694444444444444 0.06180555555555556 0.04201388888888889 0.050347222222222224 0.06875
0.041152263374485624 0.07860082304526753 0.07818930041152271 0.10781893004115221 0.21111111111111103 0.09835390946502057 0.07201646090534983 0.2127572016460905 0.0444444444444445 0.05555555555555561
0.05497076023391812 0.056725146198830394 0.23333333333333334 0.05614035087719298 0.06081871345029236 0.07017543859649122 0.06432748538011693 0.2801169590643274 0.05906432748538012 0.06432748538011693
0.07380952380952377 0.07619047619047616 0.07539682539682536 0.09126984126984126 0.0769841269841269 0.08095238095238094 0.08412698412698409 0.07698412698412696 0.280952380952381 0.08333333333333327
0.15132275132275116 0.0777777777777777 0.052380952380952306 0.0947089947089946 0.061904761904761824 0.07142857142857134 0.06455026455026448 0.2687830687830685 0.07037037037037028 0.0867724867724867
0.07460317460317455 0.11587301587301578 0.08095238095238091 0.1873015873015872 0.11190476190476183 0.07936507936507932 0.09047619047619047 0.09365079365079361 0.0817460317460317 0.08412698412698408
0.06790123456790115 0.0987654320987653 0.0716049382716048 0.19444444444444445 0.08950617283950606 0.08148148148148136 0.098148148148148 0.07901234567901222 0.08271604938271593 0.13641975308641957
0.05185185185185184 0.06805555555555559 0.26759259259259255 0.09027777777777778 0.08425925925925931 0.0902777777777778 0.10555555555555556 0.10925925925925926 0.059259259259259275 0.07361111111111113
0.07166666666666657 0.19388888888888883 0.06722222222222214 0.07944444444444437 0.11499999999999999 0.08944444444444435 0.14277777777777775 0.08222222222222214 0.07611111111111103 0.08222222222222215
0.07192982456140344 0.2941520467836255 0.0660818713450292 0.10701754385964915 0.07076023391812862 0.08362573099415202 0.08070175438596487 0.06959064327485377 0.07368421052631577 0.08245614035087712
0.08518518518518506 0.0888888888888888 0.16851851851851835 0.09537037037037031 0.08888888888888878 0.08888888888888881 0.08796296296296287 0.11666666666666667 0.08796296296296285 0.09166666666666655
0.07037037037037035 0.10518518518518517 0.07259259259259256 0.22518518518518502 0.08148148148148147 0.0866666666666667 0.10222222222222217 0.08370370370370367 0.08296296296296293 0.08962962962962964
0.23571428571428568 0.07857142857142851 0.07301587301587298 0.07460317460317455 0.0769841269841269 0.07698412698412696 0.08730158730158732 0.08015873015873011 0.10714285714285708 0.10952380952380947
0.06814814814814814 0.06888888888888886 0.0696296296296296 0.07481481481481478 0.3162962962962959 0.08814814814814811 0.09703703703703696 0.07111111111111111 0.07481481481481479 0.07111111111111111
0.16031746031746014 0.07777777777777772 0.13253968253968246 0.07539682539682536 0.0817460317460317 0.07539682539682532 0.0825396825396825 0.07380952380952376 0.14682539682539672 0.09365079365079365
0.05964912280701749 0.11754385964912273 0.06491228070175435 0.07543859649122803 0.28713450292397646 0.08888888888888886 0.09356725146198824 0.06783625730994147 0.07309941520467834 0.07192982456140345
0.05888888888888883 0.09055555555555546 0.10611111111111107 0.3188888888888889 0.06666666666666658 0.06444444444444436 0.09055555555555549 0.07222222222222212 0.057222222222222126 0.07444444444444437
0.16222222222222218 0.07999999999999999 0.0822222222222222 0.07777777777777778 0.0822222222222222 0.07999999999999999 0.08518518518518516 0.0733333333333333 0.18444444444444436 0.09259259259259262
0.07380952380952376 0.24365079365079348 0.07460317460317453 0.08571428571428566 0.10952380952380947 0.08174603174603172 0.08253968253968254 0.08650793650793648 0.07698412698412692 0.08492063492063485
0.1617283950617282 0.11604938271604928 0.15987654320987632 0.10802469135802452 0.0851851851851851 0.07037037037037025 0.06728395061728386 0.10370370370370355 0.059876543209876426 0.0679012345679011
0.08253968253968247 0.11825396825396815 0.07619047619047611 0.12619047619047605 0.09126984126984118 0.08095238095238093 0.09920634920634917 0.07777777777777775 0.13968253968253955 0.10793650793650787
0.34047619047619065 0.07380952380952378 0.07380952380952377 0.07142857142857138 0.07142857142857138 0.07142857142857138 0.07380952380952376 0.07142857142857138 0.0793650793650793 0.07301587301587296
0.06944444444444445 0.06875 0.29930555555555555 0.06875 0.06666666666666667 0.07083333333333333 0.07152777777777777 0.06875 0.06597222222222222 0.15
0.13472222222222222 0.08125 0.06944444444444445 0.0798611111111111 0.12430555555555556 0.11666666666666667 0.09583333333333334 0.10833333333333334 0.08611111111111111 0.10347222222222222
0.07569444444444444 0.07708333333333334 0.08541666666666667 0.08541666666666667 0.13402777777777777 0.10625 0.12916666666666668 0.08958333333333333 0.11527777777777778 0.10208333333333333
0.07660818713450289 0.10467836257309936 0.09064327485380112 0.08713450292397659 0.1017543859649122 0.09649122807017539 0.13508771929824553 0.09649122807017542 0.09122807017543856 0.11988304093567245
0.06535947712418286 0.06470588235294103 0.2895424836601303 0.07189542483660118 0.07385620915032666 0.09869281045751614 0.07124183006535932 0.11503267973856193 0.07320261437908483 0.07647058823529396
0.0685185185185184 0.07098765432098754 0.31975308641975325 0.06790123456790112 0.06543209876543199 0.0956790123456789 0.06790123456790113 0.09259259259259243 0.07345679012345667 0.07777777777777764
0.055555555555555615 0.1930041152263374 0.05637860082304533 0.15679012345679008 0.08641975308641978 0.07078189300411532 0.12345679012345681 0.06460905349794245 0.08189300411522639 0.11111111111111108
0.09259259259259255 0.10092592592592589 0.09351851851851843 0.10185185185185186 0.10555555555555557 0.1046296296296296 0.10740740740740744 0.09999999999999998 0.0925925925925925 0.10092592592592589
0.05964912280701755 0.08830409356725147 0.3631578947368419 0.06666666666666665 0.07719298245614031 0.06315789473684207 0.08421052631578947 0.06081871345029236 0.0678362573099415 0.06900584795321635
0.06055555555555546 0.3655555555555557 0.05777777777777769 0.11222222222222218 0.06777777777777767 0.0699999999999999 0.06666666666666657 0.06222222222222213 0.06722222222222213 0.06999999999999991
0.07460317460317456 0.1031746031746031 0.07539682539682534 0.12539682539682534 0.0936507936507936 0.08888888888888884 0.09603174603174601 0.08888888888888886 0.09841269841269835 0.15555555555555545
0.23086419753086418 0.06851851851851838 0.07037037037037025 0.08827160493827145 0.19259259259259243 0.0685185185185184 0.07839506172839496 0.06728395061728384 0.06666666666666654 0.06851851851851841
0.06023391812865496 0.06315789473684208 0.33040935672514593 0.07485380116959063 0.06140350877192979 0.06900584795321633 0.07368421052631574 0.0701754385964912 0.09473684210526313 0.10233918128654967
0.08611111111111111 0.07222222222222222 0.07083333333333333 0.11458333333333333 0.08402777777777778 0.10138888888888889 0.13819444444444445 0.08611111111111111 0.11875 0.12777777777777777
0.0827160493827159 0.10493827160493814 0.07901234567901222 0.10370370370370358 0.09074074074074062 0.14753086419753064 0.10740740740740726 0.09074074074074064 0.11543209876543195 0.07777777777777767
0.052631578947368425 0.4409356725146197 0.05497076023391812 0.08070175438596491 0.06725146198830405 0.0690058479532164 0.06959064327485373 0.05497076023391813 0.05438596491228071 0.055555555555555566
0.06959064327485377 0.07602339181286545 0.08362573099415202 0.11695906432748529 0.0847953216374269 0.08947368421052632 0.12163742690058472 0.08187134502923976 0.1345029239766081 0.14152046783625719
0.19848484848484851 0.0858585858585859 0.06616161616161624 0.09797979797979803 0.0772727272727274 0.06616161616161621 0.1585858585858586 0.0585858585858586 0.11969696969696984 0.07121212121212128
0.05864197530864187 0.1851851851851851 0.0574074074074073 0.08703703703703687 0.1493827160493825 0.1388888888888887 0.11296296296296286 0.07160493827160483 0.06975308641975296 0.06913580246913567
0.07222222222222222 0.07847222222222222 0.0763888888888889 0.09444444444444444 0.09444444444444444 0.09166666666666666 0.13402777777777777 0.075 0.18194444444444444 0.10138888888888889
0.04871794871794869 0.22051282051282056 0.05299145299145295 0.10128205128205116 0.17820512820512802 0.07435897435897429 0.13376068376068367 0.07820512820512815 0.05213675213675211 0.059829059829059776
0.22711111111111093 0.0506666666666667 0.044888888888888916 0.08666666666666673 0.06222222222222227 0.05422222222222226 0.12177777777777775 0.050222222222222244 0.2417777777777776 0.06044444444444448
0.08333333333333323 0.10555555555555557 0.08518518518518506 0.13425925925925922 0.08333333333333323 0.08425925925925916 0.08518518518518506 0.16574074074074055 0.086111111111111 0.08703703703703693
0.04355555555555558 0.045777777777777806 0.23111111111111088 0.046222222222222255 0.04888888888888892 0.05511111111111115 0.046222222222222255 0.38622222222222197 0.048000000000000036 0.04888888888888892
0.07539682539682534 0.08730158730158727 0.14841269841269827 0.1246031746031745 0.10079365079365077 0.08492063492063492 0.09999999999999992 0.09761904761904752 0.08730158730158731 0.0936507936507936
0.0574074074074073 0.05679012345679001 0.05555555555555545 0.058024691358024585 0.05740740740740729 0.06358024691358012 0.05740740740740729 0.46419753086419696 0.06851851851851841 0.061111111111111005
0.13669250645994846 0.10878552971576239 0.02713178294573647 0.06279069767441865 0.15736434108527145 0.04031007751937988 0.07312661498708017 0.3090439276485788 0.04211886304909565 0.04263565891472873
0.06666666666666665 0.2940740740740738 0.06740740740740739 0.09925925925925924 0.11037037037037031 0.06888888888888887 0.0725925925925926 0.08444444444444449 0.06740740740740739 0.06888888888888887
0.06797385620915018 0.07581699346405217 0.08300653594771225 0.1235294117647057 0.19477124183006514 0.08823529411764697 0.0960784313725489 0.08888888888888875 0.07647058823529397 0.10522875816993449
0.0775413711583924 0.05768321513002363 0.09574468085106383 0.04231678486997637 0.0723404255319149 0.11276595744680847 0.11749408983451537 0.3340425531914893 0.0430260047281324 0.04704491725768323
0.0733333333333333 0.08814814814814817 0.07555555555555553 0.18740740740740738 0.1103703703703703 0.10666666666666662 0.08888888888888889 0.09629629629629631 0.08814814814814811 0.08518518518518511
0.06081871345029241 0.08245614035087717 0.07251461988304093 0.22573099415204692 0.09356725146198826 0.08187134502923979 0.10058479532163736 0.07426900584795323 0.08187134502923972 0.12631578947368413
0.08650793650793649 0.1015873015873015 0.0857142857142857 0.14444444444444435 0.09761904761904759 0.09682539682539677 0.09920634920634915 0.08968253968253964 0.09523809523809519 0.10317460317460314
0.061988304093567266 0.0970760233918128 0.07426900584795319 0.13742690058479526 0.08245614035087714 0.07134502923976607 0.08654970760233911 0.08187134502923972 0.08187134502923975 0.22514619883040932
0.06805555555555555 0.09791666666666667 0.25416666666666665 0.12986111111111112 0.06944444444444445 0.07083333333333333 0.0875 0.08055555555555556 0.06944444444444445 0.07222222222222222
0.1429951690821256 0.1826086956521739 0.046376811594202975 0.06618357487922714 0.19371980676328507 0.06570048309178754 0.09130434782608704 0.07874396135265711 0.06425120772946868 0.0681159420289856
0.08425925925925913 0.08796296296296287 0.0944444444444444 0.11018518518518519 0.0888888888888888 0.15555555555555547 0.09999999999999998 0.08981481481481472 0.09351851851851842 0.09537037037037027
0.22850241545893712 0.07294685990338176 0.04830917874396143 0.08695652173913049 0.14202898550724644 0.04830917874396143 0.07922705314009677 0.09516908212560395 0.12560386473429958 0.07294685990338173
0.06499999999999989 0.0788888888888888 0.16166666666666663 0.12666666666666665 0.08277777777777769 0.08333333333333327 0.11388888888888897 0.07388888888888881 0.12277777777777779 0.09111111111111105
0.044444444444444474 0.14799999999999994 0.044444444444444474 0.07111111111111115 0.07466666666666671 0.049333333333333354 0.0586666666666667 0.40844444444444433 0.04933333333333337 0.05155555555555559
0.2698412698412699 0.07460317460317456 0.07222222222222219 0.07222222222222216 0.07539682539682535 0.07301587301587298 0.07619047619047614 0.07222222222222219 0.13888888888888878 0.07539682539682535
0.07863247863247856 0.0957264957264957 0.08376068376068366 0.08803418803418799 0.1282051282051281 0.12051282051282038 0.09914529914529904 0.13675213675213665 0.08547008547008542 0.08376068376068371
0.05299145299145294 0.06538461538461533 0.07735042735042727 0.13931623931623918 0.05726495726495721 0.0679487179487179 0.08589743589743584 0.1747863247863246 0.17777777777777762 0.1012820512820512
0.06319444444444444 0.06527777777777778 0.3548611111111111 0.07430555555555556 0.06666666666666667 0.07291666666666667 0.08402777777777778 0.06736111111111111 0.06388888888888888 0.0875
0.07450980392156849 0.09411764705882342 0.07777777777777763 0.13594771241830045 0.11437908496732008 0.09346405228758156 0.10980392156862731 0.09803921568627436 0.09934640522875804 0.10261437908496718
0.08333333333333323 0.08333333333333323 0.08518518518518509 0.08425925925925916 0.086111111111111 0.08333333333333323 0.08425925925925916 0.16481481481481464 0.15740740740740727 0.08796296296296287
0.05873015873015867 0.12222222222222208 0.065079365079365 0.23492063492063475 0.10582010582010572 0.07354497354497344 0.08730158730158721 0.08412698412698406 0.07883597883597873 0.08941798941798935
0.04518518518518518 0.11814814814814806 0.23999999999999994 0.10037037037037033 0.11888888888888882 0.06444444444444442 0.11370370370370364 0.052962962962962955 0.05185185185185184 0.09444444444444443
0.1891891891891892 0.06936936936936938 0.035135135135135165 0.109009009009009 0.04894894894894899 0.04744744744744748 0.06306306306306311 0.3426426426426426 0.05105105105105107 0.04414414414414418
0.08425925925925913 0.10370370370370378 0.09166666666666656 0.10277777777777773 0.09629629629629627 0.09259259259259252 0.10092592592592588 0.09537037037037026 0.10092592592592588 0.13148148148148145
0.20392156862745064 0.07843137254901945 0.07124183006535934 0.0895424836601306 0.08235294117647046 0.0745098039215685 0.11699346405228744 0.08627450980392141 0.10849673202614364 0.0882352941176469
0.0757575757575757 0.0673400673400673 0.036026936026936 0.05016835016835013 0.07609427609427603 0.06666666666666662 0.072053872053872 0.396969696969697 0.09966329966329962 0.05925925925925923
0.04589371980676338 0.04927536231884067 0.1647342995169083 0.05072463768115951 0.05120772946859911 0.05990338164251219 0.05603864734299524 0.4227053140096618 0.04975845410628028 0.04975845410628026
0.09487179487179478 0.09487179487179481 0.09572649572649564 0.1094017094017093 0.09316239316239307 0.09743589743589738 0.10512820512820505 0.10170940170940163 0.10170940170940164 0.10598290598290588
0.0705882352941175 0.10457516339869263 0.07973856209150312 0.2274509803921567 0.09084967320261425 0.08039215686274497 0.09607843137254886 0.08627450980392141 0.07843137254901948 0.08562091503267959
0.07777777777777772 0.07857142857142854 0.24285714285714274 0.09603174603174597 0.0809523809523809 0.0793650793650793 0.08333333333333329 0.0857142857142857 0.09047619047619043 0.08492063492063488
0.08119658119658112 0.08717948717948708 0.14529914529914517 0.09145299145299136 0.09145299145299138 0.11880341880341867 0.08888888888888882 0.12564102564102556 0.08461538461538454 0.08547008547008543
0.2469135802469134 0.07037037037037022 0.05925925925925915 0.06296296296296286 0.19320987654320967 0.098148148148148 0.07037037037037025 0.05864197530864187 0.06728395061728384 0.07283950617283938
0.05777777777777768 0.07277777777777768 0.15944444444444453 0.0838888888888888 0.08499999999999988 0.058888888888888796 0.13222222222222219 0.11999999999999998 0.10444444444444442 0.12555555555555561
0.13232323232323248 0.0494949494949495 0.1383838383838385 0.04898989898989899 0.05151515151515154 0.06464646464646466 0.05858585858585865 0.2848484848484849 0.06060606060606063 0.11060606060606071
0.07481481481481476 0.11925925925925919 0.0733333333333333 0.15703703703703698 0.08592592592592592 0.07925925925925924 0.10222222222222217 0.07777777777777777 0.09111111111111113 0.1392592592592592
0.04927536231884066 0.04975845410628028 0.17729468599033826 0.055555555555555636 0.04927536231884065 0.056521739130434866 0.05410628019323683 0.3951690821256039 0.05652173913043487 0.056521739130434866
0.1122807017543859 0.15146198830409338 0.06257309941520464 0.0690058479532163 0.14619883040935666 0.07953216374269007 0.1432748538011695 0.06900584795321633 0.09415204678362574 0.07251461988304092
0.15291005291005275 0.053439153439153356 0.05132275132275125 0.05343915343915337 0.05449735449735442 0.05873015873015866 0.05238095238095232 0.41746031746031703 0.05343915343915337 0.052380952380952306
0.04047619047619046 0.06507936507936504 0.04642857142857139 0.12420634920634925 0.053174603174603145 0.05873015873015869 0.06388888888888881 0.25198412698412703 0.1353174603174603 0.16071428571428575
0.05555555555555545 0.09814814814814797 0.0641975308641974 0.10308641975308624 0.05925925925925916 0.07222222222222209 0.08271604938271593 0.3487654320987652 0.05740740740740729 0.05864197530864187
0.09191919191919189 0.09191919191919189 0.17575757575757567 0.09090909090909087 0.09090909090909087 0.09090909090909087 0.0929292929292929 0.09090909090909087 0.09191919191919189 0.09191919191919189
0.05321637426900585 0.07368421052631577 0.05321637426900585 0.08304093567251465 0.0701754385964912 0.06140350877192979 0.0573099415204678 0.4397660818713449 0.053801169590643266 0.05438596491228069
0.07647058823529397 0.0790849673202613 0.07777777777777761 0.09281045751633973 0.08627450980392144 0.072549019607843 0.08954248366013058 0.13267973856209125 0.21699346405228737 0.07581699346405216
0.14494949494949505 0.05505050505050509 0.055050505050505086 0.05909090909090913 0.0651515151515152 0.09797979797979806 0.06717171717171727 0.3363636363636362 0.05353535353535357 0.06565656565656573
0.0801587301587301 0.08888888888888885 0.09206349206349203 0.11031746031746029 0.09523809523809518 0.0984126984126984 0.11111111111111104 0.10793650793650787 0.09761904761904756 0.11825396825396817
0.16507936507936488 0.08571428571428562 0.12222222222222208 0.11534391534391521 0.07671957671957662 0.0671957671957671 0.14021164021164012 0.06878306878306871 0.07830687830687823 0.08042328042328037
0.11604938271604924 0.03950617283950621 0.1641975308641976 0.04074074074074078 0.05102880658436221 0.04279835390946506 0.042386831275720196 0.36090534979423866 0.10246913580246907 0.03991769547325107
0.2911111111111113 0.061666666666666564 0.11222222222222214 0.07444444444444434 0.06555555555555548 0.07777777777777772 0.0905555555555555 0.06055555555555546 0.0872222222222221 0.0788888888888888
0.06703703703703699 0.05518518518518518 0.22222222222222218 0.05925925925925925 0.06148148148148148 0.0833333333333333 0.07925925925925924 0.08185185185185184 0.1644444444444443 0.12592592592592586
0.2509578544061302 0.08007662835249042 0.09693486590038314 0.05517241379310338 0.06053639846743291 0.07547892720306508 0.10689655172413806 0.05325670498084285 0.05862068965517237 0.16206896551724137
0.08205128205128197 0.08974358974358967 0.1572649572649571 0.09658119658119649 0.09316239316239311 0.08632478632478625 0.09743589743589737 0.0854700854700854 0.12051282051282042 0.09145299145299142
0.08461538461538451 0.117094017094017 0.08717948717948709 0.15897435897435883 0.09743589743589738 0.08717948717948709 0.09572649572649564 0.08803418803418796 0.08632478632478627 0.09743589743589737
0.061988304093567245 0.12046783625730988 0.06959064327485376 0.16432748538011693 0.08011695906432745 0.10233918128654959 0.1573099415204677 0.10233918128654967 0.07309941520467833 0.06842105263157892
0.24814814814814817 0.08333333333333323 0.08333333333333323 0.08333333333333323 0.08333333333333323 0.08333333333333323 0.08425925925925916 0.08425925925925916 0.08333333333333323 0.08333333333333323
0.2940170940170937 0.07863247863247855 0.0794871794871794 0.07777777777777771 0.07948717948717943 0.07692307692307684 0.07692307692307684 0.07863247863247855 0.07948717948717943 0.07863247863247855
0.20185185185185175 0.08703703703703691 0.08796296296296285 0.09074074074074065 0.08703703703703694 0.08518518518518506 0.09351851851851846 0.08981481481481472 0.09074074074074068 0.08611111111111101
0.07698412698412692 0.07698412698412695 0.22142857142857136 0.08333333333333325 0.07777777777777774 0.08095238095238096 0.07857142857142853 0.09444444444444443 0.07777777777777772 0.13174603174603167
0.08074074074074072 0.10888888888888885 0.0814814814814815 0.09777777777777774 0.10592592592592592 0.0822222222222222 0.1703703703703703 0.09185185185185184 0.08740740740740745 0.09333333333333334
0.07301587301587296 0.2888888888888889 0.07222222222222219 0.11349206349206342 0.08253968253968244 0.07380952380952376 0.07539682539682532 0.07460317460317453 0.07301587301587295 0.07301587301587298
0.09074074074074064 0.0916666666666666 0.1777777777777776 0.08796296296296288 0.08981481481481472 0.09166666666666655 0.09444444444444444 0.08981481481481468 0.09351851851851846 0.09259259259259252
0.11644444444444439 0.045777777777777806 0.04888888888888892 0.045777777777777806 0.1377777777777776 0.07822222222222228 0.05777777777777782 0.33955555555555555 0.06044444444444449 0.06933333333333337
0.04696969696969696 0.09141414141414145 0.11919191919191935 0.08636363636363645 0.07777777777777786 0.05757575757575759 0.05909090909090913 0.34646464646464614 0.05656565656565656 0.058585858585858616
0.06928104575163385 0.07581699346405214 0.1895424836601304 0.06993464052287567 0.0856209150326796 0.17712418300653565 0.08758169934640507 0.08169934640522862 0.07843137254901948 0.08496732026143775
0.17314814814814797 0.09259259259259255 0.0925925925925925 0.09074074074074062 0.09444444444444439 0.09351851851851847 0.09537037037037027 0.08611111111111101 0.08888888888888877 0.09259259259259252
