0.12929292929292935 0.1176767676767677 0.09797979797979803 0.09999999999999998 0.12474747474747482 0.09242424242424249 0.08888888888888899 0.06010101010101017 0.1232323232323233 0.0656565656565657
0.1537037037037037 0.13148148148148148 0.07083333333333332 0.1333333333333334 0.14351851851851846 0.07685185185185188 0.06805555555555558 0.06527777777777781 0.08379629629629631 0.07314814814814817
0.07244444444444449 0.09866666666666665 0.07688888888888894 0.0986666666666667 0.09911111111111107 0.07422222222222227 0.06755555555555559 0.2533333333333332 0.09866666666666668 0.06044444444444449
0.09365079365079355 0.09841269841269834 0.09365079365079357 0.08835978835978826 0.08412698412698408 0.07671957671957662 0.1957671957671956 0.056084656084656015 0.15291005291005275 0.06031746031746024
0.09703703703703709 0.08888888888888888 0.18962962962962948 0.09555555555555555 0.09851851851851852 0.09259259259259257 0.10666666666666665 0.0748148148148148 0.08444444444444442 0.07185185185185182
0.19122807017543858 0.1146198830409356 0.0830409356725146 0.09415204678362571 0.14035087719298242 0.08947368421052625 0.07719298245614034 0.0637426900584795 0.08187134502923972 0.0643274853801169
0.11375661375661367 0.11005291005290994 0.09365079365079355 0.10793650793650783 0.11746031746031736 0.09788359788359781 0.08095238095238087 0.09365079365079361 0.1068783068783068 0.07777777777777772
0.14444444444444432 0.10854700854700845 0.05512820512820507 0.09572649572649568 0.10897435897435892 0.24145299145299148 0.06794871794871787 0.049572649572649514 0.0764957264957264 0.05170940170940167
0.09607843137254886 0.1294117647058822 0.0843137254901959 0.12287581699346391 0.11045751633986914 0.08039215686274497 0.10261437908496719 0.06928104575163387 0.10653594771241812 0.09803921568627436
0.09166666666666666 0.09861111111111111 0.08333333333333333 0.09513888888888888 0.10069444444444445 0.08680555555555555 0.07916666666666666 0.09444444444444444 0.09444444444444444 0.17569444444444443
0.16936026936026943 0.14107744107744122 0.06498316498316495 0.1016835016835017 0.14713804713804723 0.09057239057239053 0.0747474747474747 0.04646464646464643 0.09158249158249154 0.07239057239057235
0.11481481481481483 0.11527777777777778 0.07546296296296298 0.11064814814814813 0.1226851851851851 0.0990740740740741 0.10370370370370365 0.07546296296296298 0.1148148148148148 0.06805555555555559
0.1816993464052286 0.10588235294117629 0.0836601307189541 0.0967320261437907 0.13529411764705865 0.08496732026143777 0.08235294117647045 0.07516339869281032 0.0836601307189541 0.07058823529411751
0.08194444444444444 0.10277777777777777 0.1625 0.11597222222222223 0.11666666666666667 0.12291666666666666 0.0763888888888889 0.06527777777777778 0.08680555555555555 0.06875
0.07857142857142851 0.08650793650793645 0.1246031746031745 0.09444444444444443 0.08968253968253961 0.08730158730158731 0.12222222222222211 0.10634920634920633 0.119047619047619 0.09126984126984128
0.07692307692307684 0.08034188034188026 0.07692307692307684 0.0777777777777777 0.07692307692307684 0.07692307692307684 0.07692307692307684 0.30085470085470056 0.0777777777777777 0.07863247863247855
0.08518518518518518 0.08222222222222225 0.12296296296296289 0.0851851851851852 0.09259259259259257 0.08444444444444446 0.13703703703703687 0.13703703703703696 0.08814814814814816 0.0851851851851852
0.07857142857142853 0.09365079365079365 0.07460317460317453 0.08968253968253968 0.10158730158730152 0.08015873015873012 0.07460317460317456 0.24841269841269842 0.08333333333333329 0.07539682539682535
0.0837037037037037 0.10962962962962963 0.08370370370370368 0.10666666666666665 0.11481481481481476 0.08962962962962959 0.08296296296296292 0.07851851851851849 0.09999999999999996 0.1503703703703703
0.07698412698412696 0.07777777777777772 0.07698412698412692 0.07857142857142851 0.07619047619047614 0.07619047619047616 0.08095238095238089 0.3 0.08015873015873011 0.07619047619047614
0.07777777777777765 0.0836601307189541 0.08758169934640507 0.08954248366013055 0.08562091503267963 0.26339869281045714 0.09607843137254887 0.06993464052287568 0.08039215686274495 0.06601307189542473
0.06944444444444438 0.05674603174603169 0.05595238095238091 0.07103174603174597 0.06547619047619041 0.050396825396825384 0.051984126984126966 0.0468253968253968 0.06111111111111111 0.47103174603174597
0.16732026143790835 0.12483660130718939 0.07843137254901947 0.10196078431372532 0.11045751633986912 0.09150326797385608 0.0843137254901959 0.06405228758169922 0.103267973856209 0.07385620915032666
0.0909465020576132 0.08559670781893007 0.12469135802469135 0.07242798353909467 0.07983539094650209 0.21440329218106993 0.16666666666666666 0.042386831275720196 0.053909465020576176 0.06913580246913587
0.15238095238095228 0.11587301587301574 0.08412698412698408 0.09841269841269834 0.12063492063492054 0.08968253968253964 0.08571428571428563 0.07698412698412695 0.09761904761904756 0.07857142857142854
0.13333333333333316 0.11358024691358012 0.09012345679012336 0.10493827160493814 0.1148148148148147 0.0956790123456789 0.08765432098765423 0.07469135802469123 0.10370370370370359 0.08148148148148136
0.08888888888888893 0.08287037037037043 0.10092592592592593 0.07361111111111113 0.0944444444444445 0.06712962962962964 0.09814814814814814 0.05138888888888885 0.07361111111111111 0.2689814814814815
0.09777777777777777 0.11166666666666665 0.0838888888888888 0.10555555555555556 0.09833333333333331 0.19388888888888897 0.08555555555555548 0.06833333333333327 0.08444444444444436 0.07055555555555548
0.18304093567251456 0.0994152046783625 0.08830409356725144 0.08947368421052625 0.13099415204678355 0.1087719298245613 0.0742690058479532 0.06491228070175438 0.0812865497076023 0.07953216374269
0.15999999999999992 0.11259259259259255 0.08370370370370368 0.08666666666666667 0.11777777777777776 0.09333333333333332 0.11037037037037033 0.07259259259259258 0.0888888888888889 0.07407407407407404
0.07619047619047616 0.09603174603174598 0.08571428571428572 0.09523809523809518 0.08174603174603172 0.08333333333333329 0.08253968253968251 0.22539682539682537 0.0992063492063491 0.07460317460317455
0.08650793650793645 0.08968253968253961 0.08015873015873008 0.09603174603174601 0.09682539682539677 0.08253968253968252 0.0793650793650793 0.16111111111111093 0.09603174603174601 0.13174603174603167
0.09407407407407403 0.09333333333333332 0.08592592592592593 0.09555555555555555 0.09185185185185187 0.08296296296296296 0.07925925925925921 0.15481481481481474 0.14740740740740735 0.07481481481481478
0.14206349206349195 0.1103174603174602 0.08095238095238091 0.09682539682539677 0.11746031746031738 0.11349206349206341 0.0825396825396825 0.07380952380952377 0.08492063492063487 0.09761904761904756
0.07777777777777774 0.07380952380952374 0.07222222222222219 0.07619047619047614 0.07698412698412693 0.07539682539682532 0.07142857142857138 0.3222222222222224 0.08095238095238089 0.07301587301587298
0.08055555555555556 0.09305555555555556 0.12291666666666666 0.10486111111111111 0.09236111111111112 0.09305555555555556 0.11875 0.11875 0.09444444444444444 0.08125
0.08472222222222223 0.09444444444444444 0.10347222222222222 0.11319444444444444 0.11319444444444444 0.12986111111111112 0.1 0.0763888888888889 0.1 0.08472222222222223
0.07973856209150311 0.06928104575163385 0.11633986928104562 0.08496732026143779 0.07516339869281034 0.07581699346405214 0.09607843137254883 0.07450980392156849 0.07581699346405216 0.2522875816993461
0.18765432098765425 0.1242798353909464 0.08024691358024696 0.10452674897119342 0.15020576131687238 0.08518518518518521 0.055144032921810755 0.058024691358024745 0.09670781893004116 0.05802469135802477
0.10555555555555551 0.10277777777777784 0.0953703703703703 0.10833333333333335 0.1046296296296296 0.09444444444444439 0.09629629629629621 0.09351851851851846 0.09999999999999998 0.09907407407407402
0.21500000000000005 0.10555555555555554 0.09833333333333329 0.07388888888888881 0.14333333333333328 0.09722222222222218 0.061666666666666585 0.061666666666666606 0.07499999999999991 0.06833333333333323
0.08271604938271593 0.07839506172839494 0.07160493827160483 0.07037037037037025 0.0753086419753085 0.19320987654320965 0.06728395061728383 0.2290123456790122 0.07098765432098755 0.06111111111111099
0.09027777777777778 0.11666666666666667 0.08680555555555555 0.11666666666666667 0.12152777777777778 0.09861111111111111 0.08402777777777778 0.10347222222222222 0.10277777777777777 0.07916666666666666
0.09473684210526313 0.10760233918128646 0.09766081871345024 0.119298245614035 0.11111111111111105 0.1029239766081871 0.08362573099415205 0.07777777777777779 0.12163742690058466 0.08362573099415202
0.09150326797385606 0.09281045751633972 0.0967320261437907 0.11699346405228739 0.10653594771241817 0.16470588235294098 0.08431372549019593 0.07385620915032666 0.09542483660130703 0.0771241830065358
0.12592592592592589 0.10888888888888884 0.08814814814814811 0.09481481481481481 0.10444444444444446 0.11407407407407406 0.10740740740740737 0.07555555555555554 0.09555555555555555 0.08518518518518522
0.11190476190476183 0.11349206349206342 0.09841269841269838 0.09206349206349201 0.10238095238095231 0.10079365079365075 0.1031746031746031 0.09047619047619043 0.09682539682539677 0.09047619047619043
0.08502415458937204 0.0864734299516909 0.07632850241545903 0.08550724637681167 0.09033816425120784 0.22560386473429953 0.06570048309178754 0.14782608695652175 0.08019323671497595 0.05700483091787446
0.09487179487179478 0.09059829059829057 0.13247863247863237 0.08888888888888882 0.08803418803418794 0.11111111111111104 0.14273504273504267 0.07863247863247855 0.09059829059829051 0.08205128205128195
0.0981481481481481 0.1027777777777778 0.08981481481481471 0.1055555555555555 0.10462962962962964 0.10277777777777782 0.10925925925925922 0.09444444444444434 0.09907407407407406 0.09351851851851846
0.05218855218855215 0.07710437710437705 0.059932659932659886 0.07407407407407403 0.06060606060606057 0.10134680134680135 0.3727272727272728 0.07239057239057235 0.08653198653198647 0.043097643097643065
0.05072463768115951 0.05072463768115951 0.062318840579710204 0.057004830917874484 0.05362318840579719 0.05314009661835758 0.4091787439613526 0.05169082125603874 0.050724637681159486 0.16086956521739137
0.09658119658119647 0.10427350427350418 0.10854700854700844 0.11111111111111104 0.1034188034188033 0.09829059829059827 0.09316239316239311 0.09059829059829053 0.10598290598290588 0.08803418803418797
0.08333333333333329 0.09603174603174597 0.08333333333333329 0.10158730158730152 0.08968253968253966 0.08650793650793649 0.08571428571428567 0.07619047619047616 0.08968253968253964 0.20793650793650775
0.08888888888888881 0.09487179487179477 0.1213675213675213 0.09230769230769222 0.09059829059829055 0.0888888888888888 0.11880341880341867 0.08119658119658112 0.09401709401709397 0.12905982905982896
0.07833333333333325 0.11555555555555554 0.08222222222222211 0.10500000000000005 0.08499999999999994 0.08666666666666657 0.1333333333333333 0.07111111111111103 0.10277777777777776 0.13999999999999996
0.05120772946859911 0.062318840579710245 0.05603864734299526 0.058454106280193326 0.054106280193236794 0.051207729468599104 0.406280193236715 0.04830917874396143 0.06666666666666679 0.1454106280193237
0.12105263157894736 0.10233918128654967 0.0760233918128655 0.0994152046783625 0.10467836257309936 0.1134502923976607 0.06900584795321635 0.12163742690058468 0.1298245614035086 0.06257309941520467
0.09595959595959597 0.09090909090909087 0.09595959595959594 0.09191919191919189 0.0929292929292929 0.0929292929292929 0.09090909090909087 0.09393939393939392 0.0929292929292929 0.16161616161616152
0.08596491228070179 0.06725146198830406 0.0643274853801169 0.06081871345029236 0.07426900584795318 0.06081871345029235 0.42573099415204674 0.05321637426900585 0.05438596491228072 0.05321637426900584
0.09126984126984124 0.10476190476190467 0.09206349206349203 0.12063492063492054 0.10317460317460313 0.11825396825396817 0.09047619047619045 0.08650793650793645 0.10476190476190475 0.08809523809523809
0.08055555555555542 0.0772222222222221 0.07222222222222212 0.09277777777777771 0.08388888888888883 0.0677777777777777 0.06111111111111104 0.28777777777777785 0.0738888888888888 0.10277777777777772
0.07111111111111108 0.0781481481481481 0.09555555555555549 0.11074074074074064 0.08740740740740738 0.06222222222222221 0.08851851851851848 0.05740740740740737 0.1344444444444443 0.2144444444444444
0.15555555555555547 0.10584795321637412 0.11111111111111104 0.08771929824561403 0.13684210526315782 0.08187134502923975 0.11345029239766075 0.06081871345029241 0.07602339181286549 0.0707602339181286
0.07692307692307684 0.07863247863247855 0.07948717948717943 0.07863247863247856 0.0777777777777777 0.0777777777777777 0.07863247863247855 0.29230769230769194 0.08205128205128195 0.07777777777777771
0.08650793650793645 0.08809523809523809 0.0825396825396825 0.08809523809523806 0.08968253968253964 0.08333333333333329 0.08968253968253964 0.07619047619047614 0.08412698412698408 0.23174603174603176
0.09333333333333334 0.12592592592592589 0.09333333333333332 0.12222222222222212 0.11999999999999997 0.0925925925925926 0.08222222222222221 0.07629629629629624 0.10888888888888884 0.08518518518518518
0.09074074074074062 0.09074074074074064 0.09166666666666656 0.09166666666666659 0.0944444444444444 0.09166666666666659 0.09351851851851847 0.08703703703703694 0.09629629629629617 0.17222222222222205
0.05155555555555559 0.07066666666666672 0.0764444444444445 0.061333333333333365 0.05511111111111115 0.1608888888888888 0.29777777777777764 0.10844444444444444 0.06933333333333339 0.04844444444444448
0.08282828282828285 0.0813131313131314 0.06969696969696973 0.0641414141414142 0.0727272727272728 0.0823232323232324 0.3161616161616161 0.04797979797979797 0.06010101010101018 0.12272727272727287
0.09537037037037027 0.09814814814814818 0.08981481481481472 0.09074074074074065 0.08703703703703691 0.09166666666666656 0.0888888888888888 0.17407407407407388 0.09351851851851842 0.09074074074074064
0.09907407407407406 0.09537037037037031 0.10370370370370367 0.10185185185185183 0.09722222222222222 0.09074074074074062 0.09074074074074065 0.09999999999999998 0.09259259259259252 0.1287037037037038
0.09365079365079361 0.11111111111111108 0.0968253968253968 0.115079365079365 0.1055555555555555 0.10238095238095235 0.08730158730158728 0.08650793650793646 0.10873015873015866 0.09285714285714282
0.10769230769230763 0.10085470085470083 0.09658119658119649 0.10683760683760674 0.09999999999999996 0.10598290598290588 0.1017094017094016 0.08376068376068369 0.09999999999999992 0.09658119658119652
0.22933333333333325 0.13288888888888875 0.059111111111111156 0.08666666666666673 0.12533333333333332 0.07288888888888893 0.07244444444444449 0.0506666666666667 0.11199999999999996 0.0586666666666667
0.06358024691358014 0.08209876543209865 0.09691358024691342 0.08024691358024681 0.07592592592592579 0.08641975308641961 0.09691358024691347 0.24691358024691346 0.10679012345678994 0.06419753086419741
0.09122807017543859 0.1023391812865497 0.09473684210526315 0.09239766081871344 0.09941520467836248 0.07251461988304089 0.1116959064327485 0.05906432748538011 0.08771929824561403 0.18888888888888894
0.09629629629629625 0.10648148148148143 0.10092592592592589 0.09814814814814811 0.10092592592592589 0.09722222222222218 0.09907407407407402 0.09537037037037038 0.11388888888888891 0.09166666666666656
0.10330330330330327 0.12972972972972968 0.10000000000000002 0.14624624624624621 0.09879879879879883 0.07297297297297298 0.06996996996996999 0.08318318318318318 0.1318318318318318 0.063963963963964
0.11458333333333333 0.11041666666666666 0.10555555555555556 0.09652777777777778 0.11597222222222223 0.11805555555555555 0.08819444444444445 0.075 0.09444444444444444 0.08125
0.09824561403508764 0.09473684210526313 0.2187134502923976 0.0900584795321637 0.09122807017543855 0.09005847953216371 0.09883040935672507 0.07368421052631574 0.08070175438596491 0.06374269005847952
0.08717948717948709 0.09743589743589734 0.08717948717948713 0.10085470085470079 0.09401709401709393 0.10085470085470079 0.09658119658119649 0.0811965811965811 0.09230769230769223 0.1623931623931622
0.11875 0.10347222222222222 0.20972222222222223 0.08125 0.10972222222222222 0.07777777777777778 0.09791666666666667 0.06319444444444444 0.075 0.06319444444444444
0.08981481481481474 0.10833333333333331 0.09074074074074065 0.10925925925925922 0.10833333333333335 0.09444444444444439 0.09629629629629627 0.08703703703703693 0.12962962962962965 0.086111111111111
0.0725146198830409 0.08596491228070174 0.06783625730994151 0.08421052631578949 0.0742690058479532 0.07660818713450289 0.07719298245614031 0.0707602339181286 0.08421052631578944 0.3064327485380115
0.0825396825396825 0.08888888888888886 0.08253968253968251 0.09761904761904756 0.10396825396825389 0.0793650793650793 0.07619047619047614 0.14761904761904748 0.0857142857142857 0.15555555555555545
0.07259259259259256 0.07851851851851846 0.10518518518518519 0.07481481481481478 0.07555555555555554 0.07037037037037037 0.10000000000000002 0.2177777777777776 0.13555555555555546 0.06962962962962961
0.1454545454545455 0.1106060606060607 0.08232323232323238 0.09141414141414149 0.12777777777777782 0.1282828282828283 0.07626262626262635 0.06868686868686877 0.09696969696969703 0.07222222222222228
0.10208333333333333 0.09513888888888888 0.0798611111111111 0.08958333333333333 0.09930555555555555 0.0763888888888889 0.08611111111111111 0.07013888888888889 0.0798611111111111 0.22152777777777777
0.13181818181818186 0.11010101010101016 0.08030303030303039 0.08989898989898996 0.10555555555555564 0.07828282828282841 0.12828282828282836 0.06616161616161621 0.08737373737373745 0.12222222222222229
0.07430555555555556 0.08194444444444444 0.07777777777777778 0.08958333333333333 0.075 0.07291666666666667 0.08402777777777778 0.0763888888888889 0.125 0.24305555555555555
0.07692307692307684 0.07692307692307684 0.07692307692307684 0.07692307692307684 0.07692307692307684 0.07777777777777771 0.07692307692307684 0.3059829059829057 0.07777777777777771 0.07692307692307684
0.07354497354497348 0.07513227513227506 0.10158730158730148 0.08677248677248668 0.08835978835978826 0.07671957671957666 0.08835978835978829 0.19682539682539657 0.0936507936507936 0.11904761904761892
0.08492063492063484 0.088095238095238 0.08769841269841264 0.08015873015873011 0.09642857142857139 0.29404761904761906 0.08849206349206343 0.05515873015873012 0.07380952380952374 0.05119047619047619
0.07444444444444434 0.09222222222222219 0.16944444444444445 0.10611111111111104 0.08277777777777771 0.07944444444444435 0.10166666666666663 0.0716666666666666 0.15000000000000005 0.07222222222222212
0.076470588235294 0.08496732026143777 0.07843137254901945 0.0947712418300652 0.0967320261437907 0.0699346405228757 0.072549019607843 0.2784313725490193 0.07843137254901947 0.06928104575163385
0.07246376811594213 0.06811594202898558 0.06714975845410637 0.08115942028985519 0.07004830917874405 0.06231884057971025 0.060386473429951765 0.058454106280193326 0.09275362318840584 0.36714975845410636
0.06342592592592596 0.12129629629629629 0.07129629629629634 0.14907407407407405 0.09490740740740738 0.08101851851851855 0.0800925925925926 0.0875 0.15925925925925924 0.09212962962962964
0.10526315789473681 0.09356725146198822 0.10233918128654967 0.08128654970760228 0.0818713450292397 0.2561403508771929 0.08888888888888889 0.059064327485380076 0.06725146198830408 0.06432748538011693
0.059999999999999915 0.07333333333333324 0.06833333333333323 0.07111111111111103 0.07833333333333321 0.06611111111111101 0.06777777777777767 0.07222222222222215 0.06499999999999992 0.3777777777777779
0.07611111111111102 0.11000000000000007 0.07388888888888884 0.11833333333333346 0.08111111111111104 0.06944444444444436 0.06944444444444436 0.1866666666666667 0.1433333333333334 0.07166666666666657
0.08547008547008539 0.09059829059829055 0.08376068376068369 0.09401709401709392 0.08888888888888885 0.08461538461538454 0.082051282051282 0.07863247863247855 0.09145299145299138 0.22051282051282012
0.06693121693121686 0.07222222222222215 0.4433862433862435 0.054497354497354454 0.06878306878306874 0.04973544973544969 0.09894179894179887 0.03597883597883593 0.07142857142857138 0.03809523809523806
0.09166666666666666 0.1125 0.10625 0.11319444444444444 0.09722222222222222 0.10208333333333333 0.09513888888888888 0.07291666666666667 0.10069444444444445 0.10833333333333334
0.07320261437908482 0.07320261437908485 0.07124183006535935 0.07320261437908483 0.07189542483660118 0.06862745098039202 0.06274509803921555 0.06209150326797373 0.07254901960784299 0.37124183006535894
0.07539682539682536 0.07619047619047614 0.07539682539682534 0.07539682539682538 0.07619047619047614 0.07539682539682532 0.07301587301587298 0.07380952380952374 0.07857142857142853 0.3206349206349208
0.1555555555555555 0.11666666666666654 0.08015873015873011 0.0944444444444444 0.11904761904761901 0.11666666666666664 0.08571428571428563 0.07539682539682534 0.0801587301587301 0.07619047619047613
0.14296296296296293 0.09333333333333334 0.09777777777777773 0.08888888888888886 0.11333333333333327 0.10592592592592591 0.08148148148148146 0.07185185185185182 0.07481481481481479 0.12962962962962957
0.09206349206349203 0.09920634920634915 0.08412698412698409 0.09920634920634915 0.08492063492063487 0.09047619047619045 0.08968253968253961 0.08730158730158727 0.09206349206349203 0.1809523809523808
0.07385620915032666 0.07973856209150312 0.0836601307189541 0.08104575163398679 0.09084967320261425 0.07581699346405214 0.10130718954248352 0.0614379084967319 0.07450980392156849 0.27777777777777746
0.08074074074074074 0.08814814814814817 0.09185185185185184 0.09407407407407406 0.0837037037037037 0.08370370370370371 0.07777777777777777 0.13259259259259257 0.0837037037037037 0.18370370370370354
0.09555555555555552 0.09833333333333333 0.08222222222222211 0.11166666666666664 0.10333333333333337 0.08222222222222213 0.08277777777777769 0.16444444444444437 0.10833333333333334 0.07111111111111101
0.07936507936507935 0.08253968253968251 0.07777777777777772 0.07857142857142854 0.07380952380952377 0.22460317460317458 0.07380952380952377 0.15793650793650776 0.07857142857142851 0.07301587301587295
0.1333333333333333 0.08212560386473441 0.21835748792270526 0.06666666666666676 0.08647342995169088 0.17826086956521742 0.06666666666666676 0.047342995169082205 0.06956521739130445 0.051207729468599104
0.10987654320987639 0.10740740740740724 0.09074074074074064 0.0999999999999999 0.1185185185185184 0.20555555555555535 0.06666666666666655 0.05987654320987642 0.0765432098765431 0.06481481481481469
0.14753086419753073 0.10185185185185172 0.0839506172839505 0.09012345679012333 0.1240740740740739 0.12901234567901218 0.07962962962962948 0.06913580246913567 0.07222222222222209 0.10246913580246898
0.15213675213675196 0.09743589743589733 0.0777777777777777 0.09059829059829053 0.11452991452991446 0.0914529914529914 0.08034188034188026 0.09059829059829051 0.12307692307692296 0.08205128205128194
0.08888888888888886 0.09047619047619043 0.09444444444444443 0.10793650793650787 0.09920634920634917 0.08730158730158727 0.1373015873015872 0.07619047619047614 0.10317460317460309 0.11507936507936503
0.09230769230769226 0.08803418803418797 0.1282051282051281 0.10085470085470079 0.09316239316239315 0.0897435897435897 0.13760683760683742 0.0794871794871794 0.10085470085470073 0.0897435897435897
0.10625 0.10416666666666667 0.09305555555555556 0.10069444444444445 0.09583333333333334 0.10138888888888889 0.08194444444444444 0.11736111111111111 0.11319444444444444 0.08611111111111111
0.05823754789272027 0.08237547892720304 0.0639846743295019 0.09118773946360152 0.07854406130268193 0.0800766283524904 0.05977011494252871 0.27126436781609203 0.07547892720306512 0.13908045977011496
0.10427350427350418 0.12393162393162381 0.08717948717948708 0.12478632478632468 0.128205128205128 0.09230769230769223 0.08632478632478627 0.08205128205128198 0.0897435897435897 0.08119658119658113
0.08562091503267961 0.08431372549019593 0.07581699346405216 0.09215686274509789 0.09084967320261424 0.09281045751633973 0.07908496732026131 0.23398692810457478 0.0875816993464051 0.07777777777777763
0.16074074074074057 0.11851851851851847 0.10222222222222223 0.08296296296296296 0.13111111111111112 0.0874074074074074 0.08518518518518518 0.07111111111111111 0.08296296296296296 0.07777777777777774
0.09999999999999998 0.0838888888888888 0.08277777777777769 0.07222222222222212 0.09833333333333331 0.09611111111111109 0.10666666666666669 0.22166666666666662 0.086111111111111 0.052222222222222135
0.0972222222222222 0.0925925925925925 0.08981481481481472 0.09629629629629621 0.09537037037037034 0.09537037037037034 0.09722222222222217 0.086111111111111 0.09351851851851843 0.15648148148148136
0.09047619047619043 0.09920634920634919 0.1484126984126983 0.09603174603174598 0.08809523809523806 0.08492063492063485 0.12222222222222215 0.08730158730158727 0.09126984126984122 0.09206349206349197
0.09523809523809518 0.09126984126984122 0.09444444444444439 0.10634920634920633 0.09761904761904755 0.09523809523809519 0.11111111111111108 0.0849206349206349 0.1357142857142856 0.08809523809523802
0.125 0.09375 0.16805555555555557 0.08680555555555555 0.09722222222222222 0.09166666666666666 0.1 0.07708333333333334 0.08611111111111111 0.07430555555555556
0.1452380952380951 0.11269841269841259 0.08412698412698409 0.09365079365079361 0.12857142857142853 0.10396825396825392 0.0873015873015872 0.08253968253968247 0.08492063492063487 0.07698412698412695
0.10085470085470082 0.09743589743589737 0.0914529914529914 0.10940170940170926 0.10256410256410249 0.11538461538461525 0.08461538461538455 0.08376068376068369 0.13504273504273487 0.07948717948717941
0.11888888888888895 0.09999999999999998 0.07611111111111102 0.09388888888888884 0.11166666666666664 0.07555555555555546 0.0677777777777777 0.20611111111111105 0.08222222222222215 0.0677777777777777
0.10666666666666662 0.09629629629629631 0.08444444444444439 0.09185185185185184 0.09925925925925923 0.09259259259259257 0.0785185185185185 0.1548148148148147 0.10814814814814812 0.08740740740740738
0.0875 0.08333333333333333 0.075 0.08333333333333333 0.08194444444444444 0.0763888888888889 0.08263888888888889 0.2708333333333333 0.08402777777777778 0.075
0.09649122807017542 0.11695906432748525 0.09707602339181279 0.10701754385964904 0.1099415204678362 0.10467836257309933 0.09356725146198829 0.07836257309941516 0.1187134502923976 0.07719298245614034
0.097037037037037 0.1214814814814814 0.09333333333333332 0.11407407407407406 0.13851851851851846 0.10518518518518513 0.07851851851851849 0.0785185185185185 0.08592592592592593 0.08740740740740738
0.06499999999999992 0.09277777777777774 0.12444444444444448 0.10388888888888892 0.0688888888888888 0.10166666666666666 0.09666666666666666 0.18833333333333324 0.1055555555555555 0.05277777777777769
0.07380952380952376 0.07619047619047614 0.07698412698412695 0.0785714285714285 0.07777777777777775 0.07539682539682532 0.07380952380952376 0.3166666666666667 0.07698412698412695 0.07380952380952377
0.08492063492063487 0.10238095238095238 0.08650793650793649 0.09206349206349203 0.08650793650793646 0.08809523809523803 0.08888888888888885 0.08015873015873011 0.08809523809523803 0.20238095238095227
0.08611111111111111 0.08611111111111111 0.07083333333333333 0.09097222222222222 0.08680555555555555 0.09513888888888888 0.08333333333333333 0.18541666666666667 0.15 0.06527777777777778
0.09444444444444443 0.10476190476190471 0.09047619047619045 0.10873015873015866 0.1031746031746031 0.09126984126984126 0.10238095238095234 0.08492063492063488 0.12777777777777766 0.09206349206349201
0.07671957671957665 0.08201058201058192 0.07619047619047613 0.0867724867724867 0.09735449735449726 0.08359788359788355 0.06613756613756604 0.27037037037037 0.10423280423280416 0.05661375661375656
0.09999999999999996 0.0940740740740741 0.14740740740740726 0.1022222222222222 0.09185185185185188 0.08444444444444445 0.12814814814814812 0.07777777777777777 0.09851851851851846 0.07555555555555553
0.1262222222222222 0.10266666666666663 0.0635555555555556 0.08222222222222227 0.09733333333333336 0.10577777777777778 0.05911111111111114 0.12266666666666666 0.07066666666666672 0.16977777777777767
0.11041666666666666 0.11041666666666666 0.10138888888888889 0.11319444444444444 0.10555555555555556 0.09236111111111112 0.08472222222222223 0.08472222222222223 0.10347222222222222 0.09375
0.1459259259259258 0.08962962962962959 0.07407407407407404 0.08222222222222222 0.1066666666666666 0.08148148148148147 0.07407407407407406 0.20148148148148123 0.07703703703703704 0.06740740740740739
0.08809523809523807 0.0928571428571428 0.08333333333333327 0.09682539682539677 0.09444444444444443 0.09841269841269835 0.07857142857142851 0.1063492063492063 0.11666666666666657 0.14444444444444432
0.07619047619047614 0.07222222222222219 0.07539682539682535 0.07460317460317456 0.07460317460317455 0.07698412698412693 0.07380952380952377 0.32619047619047625 0.07539682539682535 0.07460317460317456
0.08518518518518509 0.08611111111111103 0.08333333333333323 0.08703703703703694 0.08796296296296285 0.08518518518518509 0.08333333333333323 0.08333333333333323 0.08333333333333323 0.23518518518518516
0.0777777777777777 0.0777777777777777 0.0777777777777777 0.07948717948717939 0.07692307692307684 0.07692307692307684 0.07777777777777771 0.2999999999999997 0.07777777777777771 0.07777777777777771
0.12863247863247856 0.10726495726495713 0.14615384615384602 0.08162393162393161 0.10170940170940163 0.10769230769230756 0.08974358974358967 0.07521367521367515 0.09529914529914521 0.06666666666666662
0.16728395061728382 0.1166666666666665 0.07222222222222212 0.09753086419753071 0.12037037037037025 0.08827160493827148 0.0691358024691357 0.08333333333333322 0.11851851851851836 0.06666666666666654
0.10576131687242793 0.10905349794238683 0.07818930041152268 0.09259259259259257 0.10576131687242794 0.06090534979423873 0.07613168724279838 0.23374485596707828 0.0843621399176955 0.05349794238683132
0.1111111111111111 0.10208333333333333 0.08333333333333333 0.11944444444444445 0.11805555555555555 0.1284722222222222 0.09722222222222222 0.075 0.08958333333333333 0.07569444444444444
0.14740740740740738 0.1133333333333333 0.10444444444444445 0.08370370370370371 0.09925925925925924 0.15481481481481468 0.07555555555555553 0.06962962962962961 0.07851851851851846 0.07333333333333335
0.10370370370370369 0.11925925925925919 0.0896296296296296 0.10444444444444442 0.12518518518518512 0.1022222222222222 0.09259259259259256 0.08222222222222218 0.09777777777777777 0.08296296296296296
0.07863247863247856 0.08547008547008539 0.0794871794871794 0.08205128205128195 0.08290598290598283 0.07863247863247855 0.10085470085470082 0.2273504273504269 0.10427350427350426 0.08034188034188026
0.16153846153846138 0.10769230769230756 0.08376068376068369 0.09145299145299138 0.11880341880341874 0.09572649572649562 0.08717948717948712 0.08461538461538454 0.08376068376068371 0.08547008547008542
0.06388888888888884 0.07166666666666659 0.0938888888888888 0.08888888888888875 0.057222222222222126 0.06111111111111102 0.1927777777777778 0.09333333333333324 0.11999999999999997 0.1572222222222223
0.09920634920634915 0.1119047619047618 0.1015873015873015 0.10317460317460317 0.10079365079365073 0.09365079365079361 0.09761904761904759 0.09126984126984122 0.11031746031746026 0.09047619047619043
0.1063492063492063 0.11111111111111104 0.0825396825396825 0.10634920634920626 0.1 0.12142857142857136 0.09603174603174601 0.07460317460317455 0.11587301587301582 0.08571428571428565
0.0929292929292929 0.0929292929292929 0.09090909090909087 0.09595959595959597 0.0929292929292929 0.09191919191919189 0.09090909090909087 0.09090909090909087 0.09191919191919189 0.16868686868686864
0.08650793650793645 0.08253968253968247 0.0857142857142857 0.08015873015873012 0.08730158730158727 0.0849206349206349 0.0785714285714285 0.2460317460317461 0.08888888888888885 0.0793650793650793
0.12666666666666665 0.10222222222222217 0.08814814814814816 0.1 0.12814814814814815 0.10592592592592591 0.0948148148148148 0.07999999999999999 0.0999999999999999 0.07407407407407404
0.07944444444444435 0.10166666666666667 0.07222222222222213 0.10277777777777777 0.08722222222222215 0.08555555555555548 0.07388888888888882 0.05944444444444437 0.27333333333333343 0.06444444444444437
0.1208888888888888 0.09955555555555552 0.06488888888888894 0.08488888888888894 0.10044444444444448 0.08133333333333338 0.05600000000000004 0.16977777777777775 0.16622222222222213 0.05600000000000004
0.09999999999999992 0.11025641025641016 0.0897435897435897 0.12136752136752131 0.12649572649572635 0.09829059829059822 0.08461538461538454 0.0829059829059828 0.09914529914529907 0.08717948717948709
0.131111111111111 0.10296296296296298 0.0859259259259259 0.09851851851851848 0.11407407407407405 0.11259259259259252 0.0785185185185185 0.07925925925925924 0.11777777777777779 0.07925925925925924
0.08833333333333324 0.09055555555555549 0.15555555555555559 0.0838888888888888 0.09499999999999997 0.15333333333333338 0.09222222222222215 0.06888888888888879 0.10222222222222213 0.06999999999999991
0.05593869731800762 0.06934865900383136 0.05708812260536394 0.0655172413793103 0.0559386973180076 0.05977011494252868 0.05823754789272029 0.19042145593869736 0.21379310344827593 0.1739463601532568
0.05598290598290592 0.07905982905982899 0.1290598290598289 0.10982905982905969 0.059829059829059804 0.06367521367521363 0.16965811965811955 0.08162393162393154 0.20384615384615376 0.04743589743589739
0.08245614035087719 0.0847953216374269 0.06432748538011694 0.0871345029239766 0.08947368421052625 0.09707602339181282 0.07602339181286547 0.12807017543859636 0.11052631578947361 0.18011695906432748
0.07430555555555556 0.07847222222222222 0.13819444444444445 0.08055555555555556 0.07708333333333334 0.07222222222222222 0.09722222222222222 0.2361111111111111 0.07847222222222222 0.06736111111111111
0.07485380116959062 0.08187134502923979 0.23567251461988287 0.09356725146198826 0.087719298245614 0.11520467836257296 0.1058479532163742 0.06432748538011693 0.07543859649122803 0.06549707602339178
0.09150326797385604 0.09738562091503256 0.145098039215686 0.1117647058823528 0.09607843137254887 0.13137254901960763 0.08496732026143775 0.07516339869281034 0.09019607843137241 0.07647058823529397
0.1603174603174603 0.1103174603174602 0.08015873015873011 0.08412698412698408 0.12222222222222208 0.12539682539682528 0.07857142857142854 0.07619047619047614 0.0841269841269841 0.07857142857142854
0.07555555555555557 0.08962962962962967 0.07111111111111111 0.08666666666666667 0.08962962962962959 0.07851851851851847 0.06962962962962961 0.29703703703703677 0.07407407407407404 0.06814814814814814
0.08300653594771225 0.09150326797385606 0.09934640522875801 0.11045751633986912 0.0921568627450979 0.07908496732026131 0.08104575163398677 0.09084967320261424 0.10522875816993449 0.1673202614379083
0.10065359477124167 0.10196078431372535 0.08823529411764693 0.08692810457516328 0.10849673202614363 0.08300653594771226 0.08692810457516327 0.07189542483660116 0.19346405228758146 0.07843137254901947
0.062091503267973726 0.06862745098039204 0.08496732026143775 0.06666666666666651 0.06732026143790837 0.0640522875816992 0.1588235294117645 0.283660130718954 0.0843137254901959 0.0594771241830064
0.1076388888888889 0.12916666666666668 0.07708333333333334 0.11597222222222223 0.12222222222222222 0.08263888888888889 0.09652777777777778 0.06666666666666667 0.12916666666666668 0.07291666666666667
0.07222222222222222 0.09444444444444444 0.075 0.1 0.10138888888888889 0.07569444444444444 0.07291666666666667 0.06736111111111111 0.0763888888888889 0.26458333333333334
0.07380952380952377 0.07777777777777772 0.07539682539682535 0.0785714285714285 0.07460317460317455 0.07619047619047614 0.07777777777777772 0.07619047619047614 0.07539682539682534 0.31428571428571445
0.10967741935483868 0.09605734767025086 0.15913978494623668 0.08422939068100353 0.09103942652329743 0.07491039426523292 0.09892473118279568 0.04838709677419351 0.06559139784946232 0.17204301075268827
0.07777777777777778 0.0875 0.12152777777777778 0.075 0.07569444444444444 0.08055555555555556 0.11388888888888889 0.07083333333333333 0.1451388888888889 0.15208333333333332
0.07094017094017088 0.08760683760683755 0.07649572649572642 0.0824786324786324 0.07307692307692297 0.06752136752136743 0.0602564102564102 0.05427350427350424 0.06666666666666661 0.36068376068376057
0.17460317460317443 0.11269841269841266 0.07698412698412689 0.09920634920634917 0.12460317460317458 0.09126984126984126 0.07936507936507933 0.07460317460317455 0.08968253968253966 0.07698412698412693
0.123076923076923 0.10085470085470075 0.08034188034188026 0.09658119658119652 0.10854700854700848 0.08717948717948713 0.09230769230769227 0.14017094017094003 0.09230769230769226 0.07863247863247858
0.12478632478632466 0.11111111111111097 0.1034188034188033 0.09914529914529911 0.11367521367521359 0.09401709401709393 0.0871794871794871 0.08632478632478627 0.0914529914529914 0.08888888888888882
0.12460317460317452 0.10873015873015864 0.08650793650793645 0.0912698412698412 0.11428571428571417 0.11666666666666657 0.1158730158730158 0.0793650793650793 0.08492063492063488 0.07777777777777771
0.09074074074074077 0.06712962962962966 0.05324074074074076 0.05601851851851853 0.07453703703703701 0.43240740740740746 0.06296296296296294 0.045833333333333295 0.0685185185185185 0.0486111111111111
0.08245614035087719 0.07836257309941512 0.07602339181286545 0.07953216374269004 0.08947368421052629 0.08011695906432743 0.0660818713450292 0.2543859649122805 0.12397660818713438 0.06959064327485376
0.07619047619047614 0.0777777777777777 0.10873015873015868 0.0801587301587301 0.07460317460317455 0.07460317460317456 0.12380952380952374 0.07301587301587296 0.07777777777777772 0.23333333333333336
0.08571428571428566 0.0984126984126984 0.08492063492063487 0.09444444444444439 0.0904761904761904 0.08809523809523807 0.08730158730158727 0.07539682539682535 0.09603174603174597 0.19920634920634908
0.07142857142857138 0.07142857142857138 0.07301587301587298 0.07222222222222216 0.07142857142857138 0.07222222222222219 0.07222222222222217 0.35000000000000026 0.07380952380952376 0.07222222222222219
0.07385620915032666 0.06797385620915018 0.1941176470588232 0.07516339869281034 0.08039215686274498 0.07320261437908483 0.08823529411764693 0.062091503267973726 0.06666666666666651 0.2183006535947709
0.0690821256038648 0.07342995169082134 0.28888888888888875 0.08937198067632855 0.08019323671497593 0.07391304347826096 0.06521739130434792 0.10241545893719817 0.06231884057971023 0.09516908212560395
0.06736111111111111 0.06527777777777778 0.19930555555555557 0.06805555555555555 0.06805555555555555 0.06875 0.08125 0.25069444444444444 0.06736111111111111 0.06388888888888888
0.07368421052631578 0.07368421052631573 0.0701754385964912 0.07602339181286549 0.07076023391812863 0.06257309941520466 0.06842105263157891 0.06257309941520466 0.07426900584795317 0.3678362573099413
0.09019607843137241 0.10522875816993452 0.08496732026143776 0.11960784313725477 0.12156862745098028 0.11503267973856196 0.09869281045751617 0.07581699346405216 0.10522875816993449 0.08366013071895412
0.11169590643274843 0.10818713450292393 0.07777777777777771 0.11461988304093558 0.11695906432748529 0.09649122807017539 0.07134502923976609 0.12923976608187124 0.11052631578947363 0.06315789473684211
0.09082125603864744 0.1067632850241546 0.0792270531400967 0.0966183574879228 0.10338164251207728 0.07922705314009669 0.08840579710144937 0.1859903381642512 0.0869565217391305 0.082608695652174
0.09375 0.11736111111111111 0.11041666666666666 0.10694444444444444 0.11180555555555556 0.10902777777777778 0.08263888888888889 0.07777777777777778 0.10625 0.08402777777777778
0.10092592592592592 0.10648148148148147 0.08981481481481472 0.10833333333333334 0.1212962962962963 0.09166666666666656 0.09537037037037031 0.09259259259259252 0.10092592592592593 0.0925925925925925
