0.04545454545454542 0.07441077441077436 0.06127946127946123 0.06969696969696966 0.07508417508417503 0.08013468013468009 0.06060606060606056 0.07373737373737368 0.08013468013468009 0.03670033670033667 0.06801346801346797 0.08350168350168344 0.06329966329966326 0.05387205387205384 0.07407407407407403
0.06255144032921814 0.07448559670781894 0.0724279835390947 0.0703703703703704 0.08024691358024698 0.06995884773662556 0.06954732510288072 0.06790123456790127 0.07037037037037043 0.05061728395061734 0.06543209876543216 0.04485596707818934 0.06419753086419758 0.05967078189300417 0.07736625514403296
0.050925925925925916 0.06250000000000001 0.06157407407407411 0.07175925925925929 0.0666666666666667 0.05972222222222224 0.12546296296296297 0.06481481481481485 0.06435185185185187 0.04398148148148143 0.05972222222222224 0.07777777777777777 0.055555555555555546 0.06435185185185184 0.07083333333333339
0.04789272030651336 0.06896551724137927 0.06934865900383134 0.08888888888888885 0.09195402298850576 0.08199233716475096 0.05287356321839077 0.0796934865900383 0.07394636015325665 0.052873563218390776 0.06321839080459765 0.04137931034482756 0.05363984674329495 0.0632183908045977 0.07011494252873558
0.06878306878306871 0.06349206349206339 0.07037037037037029 0.06931216931216923 0.06084656084656077 0.0693121693121692 0.09259259259259252 0.06931216931216924 0.06402116402116394 0.056084656084656 0.06402116402116394 0.05449735449735442 0.06243386243386235 0.06455026455026446 0.07037037037037026
0.05555555555555555 0.0730994152046783 0.06081871345029235 0.06666666666666662 0.0643274853801169 0.07017543859649117 0.057309941520467825 0.07192982456140347 0.06257309941520466 0.05497076023391813 0.06491228070175438 0.1076023391812865 0.06842105263157892 0.055555555555555525 0.0660818713450292
0.04761904761904759 0.0678571428571428 0.06309523809523802 0.06111111111111106 0.0801587301587301 0.0666666666666666 0.0591269841269841 0.0849206349206349 0.06547619047619045 0.04285714285714283 0.06785714285714282 0.044047619047619016 0.0682539682539682 0.10952380952380952 0.07142857142857137
0.051111111111111114 0.06777777777777776 0.0607407407407407 0.06703703703703702 0.06148148148148144 0.07814814814814809 0.05074074074074071 0.06740740740740739 0.06629629629629627 0.04259259259259257 0.06259259259259256 0.1396296296296295 0.0655555555555555 0.05518518518518516 0.06370370370370369
0.08076923076923069 0.06282051282051276 0.09615384615384613 0.06324786324786318 0.06410256410256403 0.06410256410256404 0.07948717948717943 0.07435897435897426 0.07136752136752131 0.051282051282051246 0.07435897435897429 0.04145299145299142 0.058547008547008485 0.052564102564102516 0.06538461538461533
0.07277777777777769 0.05777777777777769 0.05944444444444436 0.06722222222222216 0.07388888888888877 0.06222222222222213 0.12666666666666676 0.06444444444444436 0.0627777777777777 0.0538888888888888 0.05722222222222214 0.05055555555555547 0.056666666666666594 0.0699999999999999 0.06444444444444436
0.06374269005847946 0.06315789473684208 0.06783625730994149 0.06666666666666662 0.06140350877192982 0.06842105263157894 0.06257309941520466 0.07602339181286545 0.06666666666666665 0.059649122807017514 0.07192982456140351 0.05614035087719299 0.07309941520467833 0.07368421052631577 0.06900584795321635
0.0564814814814815 0.05740740740740746 0.0717592592592593 0.07268518518518521 0.08287037037037047 0.07361111111111117 0.050462962962962966 0.062037037037037064 0.07222222222222228 0.054166666666666675 0.0814814814814815 0.049537037037037025 0.06620370370370376 0.07731481481481484 0.07175925925925929
0.06455026455026446 0.07089947089947082 0.06878306878306871 0.06349206349206342 0.06878306878306868 0.0693121693121692 0.06613756613756606 0.06402116402116395 0.07777777777777771 0.065079365079365 0.0613756613756613 0.06349206349206339 0.06984126984126979 0.05820105820105812 0.06825396825396818
0.06499999999999989 0.06777777777777767 0.07055555555555547 0.06611111111111102 0.07277777777777768 0.06999999999999992 0.06111111111111102 0.06999999999999992 0.06499999999999993 0.05444444444444435 0.06722222222222213 0.057222222222222126 0.0638888888888888 0.07111111111111103 0.0777777777777777
0.06196581196581191 0.06452991452991445 0.0679487179487179 0.06709401709401702 0.06965811965811959 0.07905982905982899 0.0555555555555555 0.07649572649572645 0.0811965811965811 0.04829059829059828 0.07222222222222215 0.049572649572649535 0.06923076923076918 0.05940170940170936 0.0777777777777777
0.047736625514403344 0.0670781893004116 0.08230452674897125 0.0757201646090536 0.08106995884773668 0.07572016460905352 0.048559670781893036 0.05843621399176959 0.071604938271605 0.04855967078189305 0.06460905349794246 0.044855967078189334 0.07613168724279841 0.07283950617283955 0.08477366255144039
0.04444444444444441 0.05842293906810032 0.06738351254480282 0.06057347670250891 0.07813620071684582 0.06236559139784942 0.04551971326164871 0.06093189964157702 0.06559139784946233 0.03906810035842291 0.06845878136200713 0.04229390681003581 0.06559139784946232 0.15698924731182806 0.08422939068100353
0.07474747474747478 0.07020202020202027 0.06616161616161623 0.07020202020202028 0.06818181818181826 0.06767676767676777 0.05656565656565661 0.06919191919191925 0.07171717171717178 0.056060606060606095 0.07121212121212128 0.05101010101010102 0.07777777777777786 0.057575757575757606 0.0717171717171718
0.0577235772357724 0.0672086720867209 0.0655826558265583 0.06585365853658541 0.07804878048780493 0.07723577235772362 0.07831978319783203 0.07804878048780493 0.06829268292682932 0.03712737127371277 0.08319783197831984 0.03387533875338755 0.064769647696477 0.07669376693766942 0.0680216802168022
0.058201058201058115 0.061904761904761824 0.0645502645502645 0.06613756613756609 0.06031746031746022 0.06984126984126979 0.058730158730158646 0.061375661375661285 0.06402116402116396 0.102116402116402 0.06984126984126975 0.061375661375661306 0.06666666666666658 0.06084656084656079 0.07407407407407397
0.05438596491228067 0.07397660818713446 0.0751461988304093 0.07426900584795317 0.07251461988304088 0.07046783625730989 0.04327485380116957 0.0704678362573099 0.0888888888888888 0.04356725146198828 0.07836257309941512 0.03450292397660816 0.06871345029239762 0.07222222222222219 0.0792397660818713
0.04682539682539678 0.056349206349206295 0.07380952380952377 0.05595238095238091 0.056746031746031725 0.060317460317460284 0.042857142857142816 0.07420634920634914 0.06666666666666661 0.04126984126984125 0.06587301587301583 0.16150793650793646 0.0849206349206349 0.04484126984126982 0.06785714285714277
0.05925925925925915 0.06358024691358014 0.07222222222222212 0.06913580246913567 0.07469135802469125 0.06728395061728383 0.06604938271604925 0.06913580246913567 0.07160493827160481 0.059876543209876426 0.06851851851851841 0.06111111111111099 0.06666666666666655 0.06419753086419742 0.06666666666666654
0.06130268199233712 0.0697318007662835 0.07739463601532565 0.07471264367816088 0.07356321839080458 0.07279693486590036 0.05363984674329495 0.06513409961685819 0.06896551724137927 0.047126436781609146 0.07318007662835246 0.04865900383141757 0.06973180076628348 0.05632183908045975 0.08773946360153255
0.057004830917874484 0.07101449275362327 0.06763285024154599 0.07487922705314021 0.08260869565217402 0.06473429951690832 0.057004830917874484 0.07391304347826097 0.07198067632850248 0.05120772946859911 0.06376811594202907 0.05362318840579719 0.06473429951690829 0.07391304347826098 0.07198067632850251
0.05202020202020203 0.0671717171717172 0.07828282828282837 0.07020202020202033 0.08585858585858593 0.07020202020202028 0.05757575757575762 0.06666666666666668 0.07424242424242433 0.054545454545454564 0.07525252525252529 0.054545454545454584 0.06262626262626268 0.06010101010101016 0.07070707070707073
0.07008547008547003 0.05641025641025637 0.07564102564102558 0.07051282051282041 0.0683760683760683 0.07051282051282046 0.10213675213675205 0.06709401709401702 0.06282051282051276 0.04572649572649568 0.07264957264957259 0.04358974358974354 0.07692307692307684 0.05470085470085465 0.06282051282051278
0.05847953216374265 0.06432748538011689 0.053801169590643225 0.05847953216374267 0.05789473684210523 0.05701754385964908 0.19736842105263158 0.06374269005847945 0.0619883040935672 0.038888888888888876 0.05935672514619881 0.06023391812865494 0.07309941520467828 0.04122807017543857 0.054093567251461944
0.05789473684210525 0.0637426900584795 0.06725146198830405 0.0660818713450292 0.09064327485380112 0.06842105263157892 0.05789473684210526 0.06432748538011693 0.07426900584795317 0.059064327485380125 0.06608187134502923 0.05789473684210525 0.07134502923976604 0.06608187134502921 0.06900584795321638
0.05238095238095232 0.06243386243386237 0.06031746031746023 0.06772486772486766 0.06666666666666658 0.07195767195767187 0.1137566137566137 0.06931216931216923 0.0687830687830687 0.04814814814814808 0.060846560846560746 0.052910052910052824 0.06402116402116392 0.06243386243386235 0.0783068783068782
0.11666666666666649 0.06604938271604925 0.06543209876543199 0.059876543209876426 0.061728395061728274 0.06543209876543199 0.0574074074074073 0.06049382716049372 0.05925925925925915 0.05617283950617273 0.05925925925925916 0.08456790123456775 0.06172839506172827 0.06358024691358014 0.062345679012345556
0.07543859649122807 0.06315789473684208 0.06959064327485381 0.06198830409356724 0.058479532163742666 0.06725146198830413 0.08479532163742691 0.07602339181286542 0.06432748538011697 0.061988304093567245 0.07309941520467833 0.06023391812865497 0.06491228070175432 0.0573099415204678 0.0614035087719298
0.05679012345679001 0.06358024691358011 0.058641975308641854 0.05740740740740729 0.05555555555555545 0.05555555555555545 0.05617283950617273 0.05617283950617273 0.059876543209876426 0.05555555555555545 0.05802469135802457 0.19753086419753052 0.05679012345679001 0.05617283950617273 0.05617283950617273
0.05893719806763294 0.07487922705314018 0.06425120772946868 0.07584541062801943 0.06956521739130443 0.07004830917874405 0.057004830917874484 0.07149758454106289 0.07004830917874405 0.04975845410628028 0.0681159420289856 0.04975845410628028 0.07342995169082135 0.07294685990338173 0.07391304347826098
0.08333333333333326 0.06555555555555546 0.0577777777777777 0.05944444444444437 0.05777777777777769 0.06555555555555548 0.08666666666666657 0.06722222222222216 0.06388888888888879 0.0627777777777777 0.06111111111111102 0.08555555555555541 0.06555555555555546 0.05722222222222214 0.06055555555555547
0.059649122807017514 0.06666666666666665 0.06666666666666665 0.07485380116959059 0.06666666666666664 0.0678362573099415 0.06725146198830405 0.06959064327485376 0.06725146198830405 0.0637426900584795 0.06842105263157892 0.06257309941520466 0.0690058479532163 0.0678362573099415 0.06198830409356721
0.05438596491228071 0.07251461988304089 0.0643274853801169 0.05906432748538012 0.06081871345029235 0.0649122807017543 0.0567251461988304 0.06725146198830409 0.05906432748538011 0.0543859649122807 0.0584795321637427 0.14736842105263143 0.06549707602339178 0.05438596491228069 0.06081871345029236
0.05611111111111102 0.06833333333333322 0.06722222222222213 0.0649999999999999 0.07499999999999991 0.0666666666666666 0.06055555555555547 0.0699999999999999 0.06555555555555546 0.09944444444444438 0.058333333333333244 0.05833333333333324 0.06388888888888881 0.05944444444444435 0.06611111111111102
0.06608187134502927 0.06198830409356726 0.08245614035087724 0.06783625730994149 0.07426900584795319 0.0701754385964912 0.05614035087719297 0.07426900584795317 0.06315789473684208 0.053801169590643266 0.07485380116959059 0.056725146198830394 0.06725146198830408 0.06432748538011689 0.06666666666666668
0.061437908496731905 0.06339869281045737 0.07254901960784299 0.06797385620915018 0.06535947712418286 0.06862745098039201 0.06013071895424824 0.06666666666666653 0.0679738562091502 0.062091503267973726 0.08039215686274499 0.0594771241830064 0.07124183006535935 0.062091503267973726 0.07058823529411752
0.061111111111111005 0.06296296296296286 0.06666666666666657 0.07716049382716039 0.08086419753086407 0.06604938271604927 0.058641975308641854 0.0691358024691357 0.06604938271604925 0.05555555555555545 0.061728395061728294 0.05679012345679001 0.06172839506172829 0.08888888888888878 0.06666666666666655
0.05614035087719295 0.06549707602339173 0.05789473684210524 0.05964912280701754 0.06257309941520466 0.05789473684210523 0.05614035087719298 0.05789473684210523 0.06023391812865499 0.05380116959064327 0.05614035087719298 0.1824561403508772 0.058479532163742666 0.055555555555555525 0.059649122807017584
0.05555555555555547 0.06333333333333326 0.07055555555555547 0.0722222222222221 0.05999999999999993 0.08222222222222211 0.055555555555555476 0.07055555555555547 0.07555555555555549 0.053888888888888806 0.07722222222222216 0.0527777777777777 0.07833333333333325 0.05666666666666658 0.07555555555555546
0.06166666666666658 0.0727777777777777 0.06666666666666657 0.071111111111111 0.07055555555555545 0.06999999999999991 0.06666666666666657 0.06611111111111102 0.06111111111111102 0.05944444444444436 0.0627777777777777 0.06055555555555546 0.0688888888888888 0.07388888888888881 0.06777777777777769
0.053888888888888806 0.07166666666666655 0.0616666666666666 0.06555555555555548 0.06888888888888876 0.05666666666666658 0.053888888888888806 0.06444444444444436 0.055555555555555455 0.05055555555555547 0.05499999999999991 0.14666666666666672 0.05888888888888881 0.07499999999999991 0.061666666666666606
0.05893719806763292 0.067632850241546 0.07342995169082137 0.06859903381642521 0.06425120772946868 0.06763285024154597 0.05362318840579719 0.0753623188405798 0.08164251207729474 0.05265700483091796 0.06376811594202908 0.05265700483091796 0.07487922705314018 0.06570048309178753 0.07922705314009672
0.06620370370370375 0.06851851851851856 0.06851851851851849 0.07222222222222227 0.08055555555555559 0.07222222222222222 0.05462962962962961 0.0685185185185185 0.0814814814814815 0.053240740740740734 0.06157407407407408 0.04814814814814813 0.07175925925925929 0.06111111111111113 0.07129629629629634
0.04888888888888892 0.055555555555555594 0.06355555555555559 0.06977777777777781 0.07244444444444449 0.058222222222222265 0.04755555555555559 0.06177777777777782 0.06400000000000004 0.045333333333333364 0.06311111111111116 0.04311111111111114 0.055555555555555594 0.18355555555555547 0.06755555555555559
0.045238095238095195 0.07261904761904756 0.07460317460317455 0.07936507936507928 0.07499999999999991 0.06944444444444438 0.0452380952380952 0.061507936507936435 0.0686507936507936 0.045238095238095195 0.07380952380952373 0.04444444444444443 0.1234126984126984 0.04761904761904759 0.0738095238095238
0.05944444444444436 0.058888888888888796 0.06944444444444438 0.06444444444444436 0.05499999999999991 0.05722222222222215 0.053333333333333253 0.071111111111111 0.0627777777777777 0.05222222222222214 0.0716666666666666 0.14611111111111114 0.06333333333333323 0.05555555555555547 0.05944444444444436
0.05555555555555561 0.059595959595959654 0.06969696969696976 0.05909090909090913 0.06313131313131318 0.05858585858585865 0.06212121212121218 0.06010101010101017 0.06262626262626268 0.04949494949494949 0.05858585858585862 0.05 0.05808080808080812 0.17474747474747485 0.058585858585858644
0.03973063973063971 0.05218855218855215 0.04781144781144778 0.05050505050505047 0.05218855218855215 0.05319865319865317 0.041750841750841726 0.05016835016835013 0.060942760942760896 0.3171717171717173 0.04377104377104374 0.03838383838383836 0.05319865319865316 0.04646464646464643 0.05252525252525249
0.05410628019323681 0.07101449275362327 0.05410628019323681 0.059903381642512174 0.06425120772946867 0.06038647342995179 0.053623188405797204 0.061352657004831015 0.0618357487922706 0.11787439613526574 0.060869565217391376 0.10579710144927537 0.06135265700483102 0.05410628019323679 0.05942028985507255
0.05858585858585862 0.06212121212121219 0.07323232323232332 0.0742424242424243 0.07171717171717179 0.07676767676767683 0.06161616161616168 0.06111111111111115 0.08282828282828295 0.052525252525252544 0.07777777777777782 0.04848484848484848 0.0646464646464647 0.06363636363636371 0.07070707070707077
0.059999999999999894 0.06055555555555546 0.0616666666666666 0.056666666666666574 0.058333333333333244 0.06111111111111102 0.0577777777777777 0.060555555555555446 0.0577777777777777 0.16777777777777772 0.06555555555555546 0.05555555555555547 0.058888888888888796 0.05999999999999991 0.05777777777777769
0.036936936936936976 0.03753753753753755 0.04924924924924926 0.04624624624624628 0.04294294294294296 0.0498498498498499 0.03903903903903907 0.04234234234234238 0.04624624624624626 0.03753753753753759 0.04534534534534537 0.03513513513513518 0.0507507507507508 0.3909909909909911 0.04984984984984987
0.12569444444444444 0.05243055555555556 0.05277777777777778 0.049305555555555554 0.05659722222222222 0.04826388888888889 0.07881944444444444 0.05 0.05347222222222222 0.05694444444444444 0.05173611111111111 0.03680555555555556 0.04826388888888889 0.18541666666666667 0.05347222222222222
0.05789473684210525 0.06081871345029239 0.08362573099415205 0.06608187134502924 0.05964912280701755 0.06725146198830408 0.05555555555555555 0.08245614035087714 0.06959064327485377 0.0567251461988304 0.08479532163742683 0.0567251461988304 0.07426900584795319 0.05614035087719297 0.06842105263157891
0.1470085470085468 0.06709401709401705 0.056837606837606795 0.05213675213675209 0.06538461538461532 0.05811965811965808 0.07008547008547003 0.0602564102564102 0.06068376068376063 0.04316239316239313 0.04999999999999997 0.0987179487179486 0.05854700854700848 0.05726495726495722 0.054700854700854645
0.05906432748538012 0.06257309941520466 0.06900584795321633 0.06783625730994156 0.08479532163742683 0.07192982456140347 0.05847953216374267 0.07543859649122807 0.07309941520467833 0.057309941520467804 0.06725146198830409 0.05555555555555554 0.06315789473684211 0.06432748538011693 0.07017543859649121
0.06183574879227062 0.07294685990338173 0.07004830917874405 0.06956521739130445 0.07342995169082135 0.07053140096618368 0.05603864734299525 0.06908212560386481 0.07584541062801942 0.05700483091787447 0.06328502415458946 0.05458937198067642 0.07004830917874408 0.06666666666666678 0.06908212560386483
0.07854406130268198 0.06130268199233712 0.060536398467432896 0.06973180076628345 0.05210727969348657 0.06475095785440609 0.08314176245210725 0.052873563218390755 0.05363984674329498 0.15325670498084296 0.06590038314176241 0.039463601532567005 0.057471264367816056 0.05019157088122601 0.05708812260536393
0.05288888888888892 0.0684444444444445 0.06488888888888893 0.0755555555555556 0.07066666666666671 0.07111111111111115 0.057333333333333375 0.06888888888888893 0.07066666666666672 0.0506666666666667 0.06577777777777781 0.05111111111111115 0.0684444444444445 0.08711111111111117 0.0764444444444445
0.05324074074074074 0.05972222222222223 0.06527777777777782 0.0643518518518519 0.09305555555555557 0.07824074074074076 0.05648148148148151 0.06527777777777775 0.0851851851851852 0.057407407407407414 0.06527777777777775 0.0523148148148148 0.0625 0.06018518518518518 0.08148148148148152
0.07333333333333326 0.0627777777777777 0.06666666666666658 0.07222222222222212 0.07888888888888883 0.06444444444444436 0.061111111111111005 0.0688888888888888 0.07333333333333321 0.052222222222222135 0.06944444444444435 0.05444444444444436 0.0677777777777777 0.06055555555555547 0.07388888888888881
0.05614035087719298 0.06842105263157891 0.06315789473684205 0.06491228070175438 0.05672514619883039 0.06549707602339183 0.05614035087719297 0.059064327485380076 0.061988304093567224 0.05380116959064329 0.06081871345029237 0.1444444444444442 0.06666666666666665 0.05906432748538009 0.06315789473684207
0.05438596491228069 0.07777777777777767 0.06666666666666667 0.061403508771929835 0.05789473684210524 0.06725146198830409 0.0543859649122807 0.06432748538011693 0.06315789473684215 0.08830409356725147 0.06783625730994147 0.08421052631578951 0.07017543859649124 0.061403508771929766 0.06081871345029239
0.05288888888888892 0.06133333333333338 0.07111111111111115 0.08000000000000006 0.1031111111111111 0.07911111111111117 0.052000000000000025 0.06222222222222227 0.08933333333333336 0.04933333333333337 0.07511111111111116 0.0466666666666667 0.06044444444444448 0.04977777777777781 0.06755555555555559
0.05111111111111103 0.071111111111111 0.06888888888888882 0.06055555555555547 0.06777777777777769 0.06111111111111102 0.056666666666666574 0.07277777777777768 0.06888888888888878 0.05666666666666657 0.06944444444444435 0.09388888888888884 0.07666666666666658 0.05722222222222214 0.06722222222222213
0.05614035087719297 0.07134502923976607 0.06374269005847946 0.07076023391812863 0.07485380116959067 0.06549707602339178 0.05789473684210527 0.06549707602339178 0.0771929824561403 0.06257309941520466 0.061403508771929814 0.05497076023391812 0.0654970760233918 0.07426900584795317 0.07836257309941518
0.05321637426900584 0.07368421052631566 0.05730994152046782 0.055555555555555566 0.053801169590643266 0.0573099415204678 0.053801169590643266 0.05789473684210525 0.057309941520467825 0.05321637426900586 0.053801169590643266 0.20818713450292414 0.054970760233918115 0.05321637426900586 0.05672514619883039
0.05555555555555547 0.059788359788359724 0.05661375661375653 0.058201058201058115 0.05449735449735443 0.05555555555555548 0.05502645502645495 0.06455026455026448 0.05978835978835973 0.18730158730158702 0.06243386243386236 0.05502645502645496 0.06031746031746024 0.05238095238095231 0.06296296296296289
0.07354497354497347 0.06296296296296289 0.06825396825396816 0.065079365079365 0.06560846560846555 0.06560846560846552 0.08571428571428562 0.07037037037037029 0.06031746031746025 0.05185185185185179 0.06031746031746025 0.06772486772486765 0.06984126984126979 0.0671957671957671 0.06560846560846557
0.06613756613756606 0.07037037037037029 0.0687830687830687 0.06613756613756606 0.06666666666666661 0.06349206349206342 0.06190476190476183 0.0666666666666666 0.06984126984126975 0.059788359788359696 0.0682539682539682 0.05820105820105812 0.07460317460317449 0.07037037037037028 0.06878306878306871
0.07020202020202024 0.05656565656565661 0.05606060606060612 0.05252525252525254 0.0545454545454546 0.060101010101010134 0.08080808080808084 0.05454545454545458 0.05959595959595963 0.17777777777777778 0.05757575757575762 0.05151515151515154 0.059595959595959674 0.05353535353535354 0.055050505050505086
0.049305555555555554 0.07395833333333333 0.07604166666666666 0.07256944444444445 0.10069444444444445 0.07326388888888889 0.04583333333333333 0.06979166666666667 0.08263888888888889 0.044097222222222225 0.06979166666666667 0.05 0.059375 0.05138888888888889 0.08125
0.06339869281045737 0.06405228758169922 0.0705882352941175 0.06797385620915018 0.07058823529411752 0.07058823529411752 0.06601307189542471 0.068627450980392 0.06797385620915018 0.06274509803921556 0.06470588235294106 0.06274509803921556 0.06601307189542471 0.06535947712418287 0.06862745098039204
0.04907407407407404 0.05648148148148146 0.05370370370370371 0.06111111111111115 0.0689814814814815 0.061574074074074066 0.04722222222222218 0.05833333333333334 0.05787037037037038 0.19814814814814802 0.057870370370370364 0.04675925925925923 0.05555555555555555 0.06296296296296298 0.06435185185185191
0.04933333333333337 0.06711111111111116 0.06666666666666671 0.0644444444444445 0.10222222222222223 0.07333333333333338 0.05244444444444448 0.06888888888888893 0.08533333333333339 0.04355555555555558 0.07244444444444449 0.0466666666666667 0.061333333333333365 0.06177777777777781 0.0844444444444445
0.049758454106280256 0.06618357487922716 0.054106280193236815 0.057971014492753735 0.05024154589371988 0.05314009661835758 0.049758454106280284 0.04927536231884065 0.06570048309178754 0.04879227053140105 0.0637681159420291 0.13719806763285025 0.05410628019323679 0.14975845410628014 0.05024154589371989
0.053240740740740755 0.055555555555555546 0.06481481481481483 0.05879629629629634 0.05648148148148148 0.0634259259259259 0.054629629629629625 0.06157407407407411 0.060648148148148145 0.1759259259259259 0.06157407407407409 0.049537037037037004 0.06944444444444449 0.05324074074074073 0.06111111111111113
0.059259259259259185 0.07724867724867718 0.06666666666666658 0.07037037037037029 0.07195767195767186 0.07566137566137557 0.05873015873015864 0.07936507936507932 0.06613756613756606 0.05714285714285708 0.06243386243386234 0.05714285714285704 0.06931216931216923 0.06296296296296287 0.06560846560846552
0.060648148148148194 0.06712962962962964 0.06620370370370371 0.07916666666666669 0.07268518518518517 0.0814814814814815 0.06388888888888891 0.06851851851851853 0.06342592592592597 0.05231481481481479 0.06944444444444452 0.050462962962962946 0.07453703703703705 0.062962962962963 0.06712962962962968
0.04403292181069963 0.07366255144032928 0.0683127572016461 0.06913580246913584 0.05432098765432102 0.06625514403292186 0.05102880658436219 0.0732510288065844 0.06090534979423873 0.04403292181069964 0.06954732510288071 0.1292181069958847 0.06255144032921815 0.06008230452674902 0.0736625514403293
0.04333333333333335 0.07222222222222216 0.08814814814814814 0.06333333333333328 0.051111111111111086 0.05925925925925925 0.0422222222222222 0.07703703703703696 0.0685185185185185 0.03740740740740739 0.07370370370370369 0.1407407407407406 0.06999999999999997 0.04518518518518518 0.06777777777777773
0.11307189542483635 0.061437908496731884 0.06339869281045737 0.0640522875816992 0.07516339869281033 0.06209150326797375 0.05882352941176457 0.06339869281045737 0.0660130718954247 0.05882352941176457 0.06601307189542469 0.05882352941176457 0.0633986928104574 0.06013071895424823 0.06535947712418287
0.2534722222222222 0.043055555555555576 0.046990740740740757 0.04768518518518519 0.053472222222222185 0.048148148148148155 0.037268518518518534 0.04027777777777777 0.0488425925925926 0.02662037037037037 0.04375 0.09652777777777778 0.03518518518518519 0.13541666666666666 0.04328703703703705
0.056060606060606075 0.05858585858585862 0.05707070707070715 0.05959595959595963 0.06666666666666675 0.06515151515151518 0.058080808080808136 0.06616161616161621 0.06868686868686877 0.0545454545454546 0.06212121212121218 0.052525252525252544 0.06666666666666675 0.13585858585858596 0.0722222222222223
0.06833333333333323 0.06388888888888879 0.07444444444444434 0.0638888888888888 0.06944444444444435 0.07333333333333325 0.06277777777777767 0.05999999999999991 0.07055555555555545 0.05722222222222214 0.07444444444444438 0.056666666666666574 0.06722222222222214 0.07666666666666654 0.06111111111111104
0.060233918128654945 0.06432748538011696 0.06257309941520463 0.06959064327485379 0.06257309941520466 0.07426900584795315 0.06608187134502919 0.060818713450292376 0.07134502923976606 0.06257309941520466 0.07309941520467832 0.06081871345029239 0.06900584795321636 0.06783625730994146 0.0748538011695906
0.05277777777777776 0.06574074074074075 0.08194444444444446 0.06898148148148153 0.075462962962963 0.07592592592592594 0.05648148148148151 0.06944444444444443 0.08101851851851852 0.051388888888888866 0.06990740740740742 0.05138888888888886 0.06620370370370371 0.06157407407407409 0.07175925925925926
0.05873015873015869 0.06031746031746027 0.061111111111111074 0.05595238095238091 0.0587301587301587 0.06269841269841264 0.051190476190476154 0.053968253968253936 0.06071428571428568 0.04285714285714284 0.0575396825396825 0.10079365079365077 0.058333333333333307 0.15793650793650785 0.0591269841269841
0.07380952380952373 0.07460317460317453 0.06785714285714284 0.06626984126984126 0.05952380952380948 0.06031746031746026 0.04206349206349204 0.0646825396825396 0.06547619047619041 0.037698412698412676 0.06865079365079357 0.1373015873015873 0.06428571428571425 0.04999999999999996 0.06746031746031741
0.05438596491228071 0.06900584795321628 0.06198830409356724 0.05497076023391814 0.058479532163742666 0.060233918128654904 0.05497076023391812 0.06315789473684207 0.06432748538011698 0.05321637426900585 0.05614035087719295 0.1783625730994153 0.056725146198830394 0.05614035087719298 0.05789473684210524
0.08641975308641964 0.06111111111111099 0.06111111111111099 0.0679012345679011 0.06296296296296285 0.06604938271604925 0.0870370370370369 0.06296296296296285 0.06419753086419742 0.06049382716049372 0.06358024691358014 0.0574074074074073 0.06049382716049371 0.07407407407407395 0.06419753086419741
0.06818181818181826 0.06515151515151521 0.07323232323232332 0.0707070707070708 0.06262626262626268 0.0752525252525253 0.06262626262626265 0.06616161616161621 0.06717171717171726 0.05757575757575762 0.06868686868686874 0.06010101010101017 0.07121212121212127 0.06363636363636371 0.06767676767676771
0.11764705882352917 0.06209150326797373 0.07189542483660118 0.062091503267973726 0.062091503267973726 0.060784313725490056 0.060784313725490056 0.06601307189542469 0.061437908496731884 0.05882352941176457 0.0699346405228757 0.0594771241830064 0.06339869281045737 0.0614379084967319 0.062091503267973726
0.06794871794871789 0.0666666666666666 0.0679487179487179 0.06837606837606831 0.07136752136752134 0.07136752136752131 0.056837606837606774 0.07136752136752134 0.07521367521367511 0.04999999999999998 0.07948717948717941 0.04401709401709397 0.0649572649572649 0.0649572649572649 0.07948717948717941
0.2690476190476192 0.056084656084656015 0.05661375661375656 0.043915343915343866 0.06243386243386238 0.046560846560846546 0.04179894179894175 0.042328042328042305 0.05952380952380945 0.03068783068783065 0.05582010582010576 0.10661375661375655 0.04417989417989415 0.0325396825396825 0.05185185185185182
0.06797385620915018 0.07058823529411752 0.06601307189542469 0.06797385620915021 0.07124183006535934 0.06601307189542471 0.062091503267973726 0.07058823529411751 0.06732026143790837 0.062091503267973726 0.06928104575163385 0.0614379084967319 0.0679738562091502 0.06601307189542469 0.06339869281045739
0.0565656565656566 0.07373737373737384 0.06464646464646472 0.06060606060606066 0.06010101010101015 0.07171717171717178 0.057070707070707126 0.06666666666666672 0.06515151515151518 0.055555555555555594 0.059595959595959674 0.11969696969696986 0.06515151515151524 0.058585858585858644 0.06515151515151518
0.29064327485380104 0.058771929824561364 0.055847953216374216 0.04824561403508769 0.04181286549707604 0.05584795321637423 0.05 0.056725146198830345 0.049707602339181256 0.03362573099415202 0.044152046783625734 0.0529239766081871 0.04883040935672512 0.055555555555555504 0.057309941520467776
0.3246031746031748 0.04285714285714286 0.04087301587301585 0.044047619047619044 0.04246031746031745 0.04206349206349204 0.053174603174603166 0.041666666666666644 0.044444444444444425 0.11666666666666663 0.04404761904761901 0.03888888888888886 0.04087301587301586 0.04047619047619045 0.042857142857142816
0.07098765432098754 0.07283950617283938 0.06728395061728382 0.07037037037037025 0.06419753086419742 0.06481481481481469 0.06358024691358014 0.07160493827160481 0.06481481481481469 0.061111111111111005 0.061111111111111005 0.06604938271604927 0.06543209876543198 0.06975308641975296 0.06604938271604925
0.060101010101010134 0.058585858585858644 0.07323232323232332 0.0621212121212122 0.08939393939393951 0.06161616161616167 0.062121212121212147 0.06111111111111115 0.0742424242424243 0.056060606060606116 0.07474747474747483 0.052020202020202036 0.07424242424242435 0.06818181818181823 0.07222222222222226
0.058479532163742666 0.060233918128654945 0.06257309941520466 0.05906432748538011 0.06608187134502923 0.061403508771929786 0.05847953216374269 0.05847953216374267 0.0625730994152047 0.15438596491228057 0.06140350877192979 0.054970760233918115 0.059064327485380076 0.059649122807017514 0.06315789473684205
0.08086419753086407 0.06049382716049371 0.06481481481481469 0.06419753086419742 0.06111111111111101 0.05925925925925915 0.09259259259259243 0.06111111111111099 0.06419753086419741 0.08024691358024677 0.06419753086419741 0.05679012345679001 0.06604938271604925 0.06111111111111101 0.06296296296296285
0.0915555555555556 0.05866666666666671 0.06088888888888892 0.07111111111111115 0.0595555555555556 0.07111111111111115 0.05200000000000004 0.06755555555555559 0.0635555555555556 0.09555555555555562 0.06844444444444449 0.04844444444444448 0.06888888888888893 0.0586666666666667 0.06400000000000004
0.31111111111111117 0.04325396825396824 0.0456349206349206 0.04365079365079362 0.042857142857142844 0.04404761904761903 0.05277777777777776 0.04444444444444441 0.04087301587301585 0.10634920634920629 0.0484126984126984 0.04087301587301584 0.04642857142857141 0.04523809523809522 0.044047619047619016
0.05092592592592592 0.06990740740740739 0.07037037037037043 0.08240740740740744 0.07916666666666665 0.06574074074074075 0.05231481481481482 0.06712962962962966 0.07083333333333333 0.04861111111111109 0.06620370370370368 0.08287037037037034 0.06342592592592593 0.06250000000000006 0.0675925925925926
0.2037037037037039 0.05420875420875417 0.06969696969696966 0.06801346801346797 0.05218855218855216 0.05420875420875417 0.04040404040404038 0.06127946127946125 0.058585858585858554 0.03569023569023567 0.06969696969696965 0.03569023569023566 0.09797979797979794 0.03804713804713802 0.06060606060606056
0.27584541062801937 0.053140096618357544 0.05265700483091797 0.05410628019323681 0.05120772946859911 0.054106280193236815 0.058454106280193346 0.05024154589371988 0.05507246376811604 0.04492753623188413 0.057487922705314096 0.04444444444444452 0.05362318840579717 0.046859903381642594 0.04782608695652181
0.0625 0.06388888888888888 0.06388888888888888 0.06319444444444444 0.06388888888888888 0.06319444444444444 0.06458333333333334 0.06458333333333334 0.06458333333333334 0.10555555555555556 0.06527777777777778 0.06319444444444444 0.06458333333333334 0.06319444444444444 0.06388888888888888
0.333796296296296 0.04398148148148143 0.04999999999999998 0.0458333333333333 0.05879629629629632 0.04629629629629626 0.04768518518518516 0.04768518518518518 0.05231481481481485 0.041666666666666616 0.04537037037037034 0.04259259259259254 0.04722222222222218 0.045833333333333316 0.0509259259259259
0.06491228070175437 0.061988304093567224 0.06549707602339178 0.07192982456140345 0.06959064327485377 0.06725146198830408 0.06432748538011696 0.06959064327485377 0.06666666666666662 0.06315789473684208 0.06900584795321633 0.058479532163742694 0.07485380116959064 0.06900584795321633 0.0637426900584795
0.06709401709401705 0.06880341880341871 0.05811965811965805 0.0679487179487179 0.05726495726495722 0.06495726495726489 0.047435897435897385 0.05598290598290593 0.06581196581196576 0.0918803418803418 0.07264957264957254 0.11581196581196569 0.05470085470085465 0.05213675213675211 0.05940170940170936
0.044444444444444474 0.07422222222222227 0.056888888888888926 0.05600000000000003 0.0595555555555556 0.054666666666666704 0.04888888888888891 0.05911111111111114 0.06177777777777781 0.07155555555555561 0.05333333333333337 0.19111111111111104 0.05911111111111114 0.04888888888888892 0.06044444444444449
0.06698412698412694 0.061904761904761844 0.06761904761904756 0.0634920634920634 0.059047619047618974 0.05460317460317453 0.06412698412698406 0.07206349206349197 0.06444444444444436 0.11333333333333323 0.07111111111111104 0.044444444444444384 0.08444444444444438 0.052063492063492 0.06031746031746023
0.06049382716049372 0.06666666666666655 0.06358024691358014 0.06543209876543198 0.06358024691358014 0.06666666666666654 0.058641975308641875 0.06666666666666654 0.05987654320987644 0.11296296296296282 0.06296296296296285 0.05925925925925915 0.06543209876543199 0.06358024691358014 0.06419753086419741
0.062345679012345556 0.06111111111111099 0.06913580246913568 0.06604938271604925 0.08395061728395051 0.06851851851851841 0.0574074074074073 0.06604938271604927 0.07345679012345667 0.05864197530864187 0.0722222222222221 0.05987654320987644 0.06666666666666654 0.061728395061728274 0.0728395061728394
0.0800925925925926 0.06805555555555556 0.06388888888888893 0.06898148148148149 0.0638888888888889 0.07453703703703704 0.08101851851851849 0.06574074074074078 0.07175925925925933 0.05185185185185182 0.07592592592592594 0.04768518518518517 0.06203703703703707 0.05601851851851852 0.06851851851851855
0.0574074074074073 0.07777777777777764 0.059876543209876426 0.05864197530864187 0.05740740740740729 0.05679012345679001 0.05740740740740729 0.05864197530864187 0.06296296296296285 0.05617283950617273 0.0574074074074073 0.16358024691357997 0.05925925925925915 0.05740740740740729 0.05925925925925915
0.06274509803921556 0.07189542483660118 0.06405228758169922 0.06274509803921555 0.06339869281045737 0.06209150326797373 0.06274509803921556 0.062091503267973726 0.06601307189542471 0.059477124183006415 0.06405228758169922 0.10915032679738543 0.06470588235294104 0.062091503267973726 0.06274509803921555
0.0614035087719298 0.05964912280701752 0.06315789473684208 0.060233918128654924 0.05906432748538012 0.06023391812865492 0.05730994152046784 0.060233918128654966 0.05672514619883037 0.15614035087719275 0.0637426900584795 0.055555555555555525 0.0590643274853801 0.060233918128654945 0.06725146198830408
0.05833333333333324 0.07166666666666659 0.06722222222222211 0.07777777777777768 0.0677777777777777 0.07055555555555543 0.06166666666666658 0.07055555555555547 0.0688888888888888 0.05666666666666658 0.06444444444444436 0.05555555555555547 0.06999999999999991 0.06611111111111101 0.07277777777777769
0.06339869281045737 0.06405228758169922 0.06274509803921556 0.06405228758169922 0.06274509803921555 0.06209150326797373 0.06078431372549007 0.06339869281045737 0.06601307189542469 0.11633986928104553 0.06405228758169922 0.059477124183006415 0.06405228758169923 0.06339869281045737 0.06339869281045737
0.20370370370370366 0.05666666666666664 0.061111111111111074 0.0485185185185185 0.04444444444444447 0.0474074074074074 0.053703703703703684 0.055185185185185164 0.0503703703703704 0.04148148148148148 0.04444444444444443 0.07333333333333329 0.047407407407407405 0.12333333333333327 0.048888888888888885
0.2152263374485597 0.046502057613168765 0.06172839506172843 0.05473251028806591 0.05390946502057618 0.054320987654321015 0.05637860082304534 0.05185185185185189 0.05226337448559677 0.0930041152263374 0.05061728395061732 0.04074074074074078 0.049382716049382776 0.06707818930041154 0.05226337448559677
0.06405228758169922 0.07124183006535935 0.06601307189542469 0.06274509803921555 0.0633986928104574 0.06274509803921556 0.06470588235294103 0.0660130718954247 0.06601307189542473 0.062091503267973726 0.06078431372549007 0.09738562091503247 0.06666666666666654 0.06339869281045739 0.06274509803921556
0.061728395061728454 0.05720164609053505 0.04938271604938279 0.05761316872427989 0.05226337448559675 0.06213991769547328 0.06790123456790127 0.04732510288065848 0.06008230452674903 0.2181069958847737 0.07283950617283956 0.043209876543209916 0.055555555555555594 0.044855967078189354 0.04979423868312763
0.0613756613756613 0.06190476190476183 0.06931216931216923 0.0597883597883597 0.08518518518518509 0.06190476190476183 0.0582010582010581 0.06084656084656079 0.0793650793650793 0.05291005291005285 0.0687830687830687 0.050793650793650724 0.06349206349206339 0.08783068783068776 0.07830687830687826
0.062091503267973726 0.06470588235294104 0.07254901960784299 0.06732026143790837 0.06535947712418287 0.06928104575163384 0.0614379084967319 0.06666666666666654 0.07058823529411752 0.06535947712418287 0.07516339869281033 0.059477124183006415 0.06862745098039204 0.0614379084967319 0.06993464052287567
0.05730994152046784 0.06315789473684208 0.0660818713450292 0.0637426900584795 0.0596491228070175 0.06432748538011693 0.05730994152046782 0.061988304093567224 0.06432748538011696 0.14327485380116953 0.0654970760233918 0.0567251461988304 0.06081871345029236 0.05614035087719298 0.05964912280701752
