0.03571428571428571 0.10714285714285714 0.17857142857142858 0.07142857142857142 0.14285714285714285 0.17857142857142858 0.07142857142857142 0.03571428571428571 0.10714285714285714 0.07142857142857142
0.058823529411764705 0.058823529411764705 0.058823529411764705 0.058823529411764705 0.058823529411764705 0.058823529411764705 0.058823529411764705 0.35294117647058826 0.17647058823529413 0.058823529411764705
0.06666666666666667 0.26666666666666666 0.06666666666666667 0.13333333333333333 0.06666666666666667 0.06666666666666667 0.06666666666666667 0.13333333333333333 0.06666666666666667 0.06666666666666667
0.047619047619047616 0.047619047619047616 0.047619047619047616 0.047619047619047616 0.047619047619047616 0.23809523809523808 0.047619047619047616 0.38095238095238093 0.047619047619047616 0.047619047619047616
0.08333333333333333 0.08333333333333333 0.08333333333333333 0.16666666666666666 0.08333333333333333 0.08333333333333333 0.08333333333333333 0.16666666666666666 0.08333333333333333 0.08333333333333333
0.045454545454545456 0.09090909090909091 0.045454545454545456 0.13636363636363635 0.09090909090909091 0.13636363636363635 0.09090909090909091 0.09090909090909091 0.13636363636363635 0.13636363636363635
0.08333333333333333 0.08333333333333333 0.08333333333333333 0.08333333333333333 0.08333333333333333 0.16666666666666666 0.08333333333333333 0.16666666666666666 0.08333333333333333 0.08333333333333333
0.05263157894736842 0.15789473684210525 0.10526315789473684 0.05263157894736842 0.05263157894736842 0.21052631578947367 0.15789473684210525 0.05263157894736842 0.10526315789473684 0.05263157894736842
0.041666666666666664 0.041666666666666664 0.041666666666666664 0.041666666666666664 0.25 0.25 0.041666666666666664 0.041666666666666664 0.16666666666666666 0.08333333333333333
0.0625 0.0625 0.0625 0.0625 0.0625 0.0625 0.375 0.0625 0.0625 0.125
0.07692307692307693 0.15384615384615385 0.07692307692307693 0.07692307692307693 0.07692307692307693 0.07692307692307693 0.07692307692307693 0.23076923076923078 0.07692307692307693 0.07692307692307693
0.043478260869565216 0.13043478260869565 0.043478260869565216 0.2608695652173913 0.043478260869565216 0.08695652173913043 0.043478260869565216 0.2608695652173913 0.043478260869565216 0.043478260869565216
0.07142857142857142 0.07142857142857142 0.07142857142857142 0.07142857142857142 0.07142857142857142 0.21428571428571427 0.07142857142857142 0.07142857142857142 0.21428571428571427 0.07142857142857142
0.07142857142857142 0.14285714285714285 0.07142857142857142 0.07142857142857142 0.21428571428571427 0.07142857142857142 0.07142857142857142 0.14285714285714285 0.07142857142857142 0.07142857142857142
0.07692307692307693 0.07692307692307693 0.07692307692307693 0.07692307692307693 0.23076923076923078 0.15384615384615385 0.07692307692307693 0.07692307692307693 0.07692307692307693 0.07692307692307693
0.07142857142857142 0.14285714285714285 0.07142857142857142 0.07142857142857142 0.07142857142857142 0.14285714285714285 0.07142857142857142 0.14285714285714285 0.07142857142857142 0.14285714285714285
0.06666666666666667 0.06666666666666667 0.06666666666666667 0.06666666666666667 0.4 0.06666666666666667 0.06666666666666667 0.06666666666666667 0.06666666666666667 0.06666666666666667
0.08695652173913043 0.043478260869565216 0.2608695652173913 0.043478260869565216 0.043478260869565216 0.13043478260869565 0.13043478260869565 0.043478260869565216 0.17391304347826086 0.043478260869565216
0.043478260869565216 0.043478260869565216 0.043478260869565216 0.043478260869565216 0.043478260869565216 0.043478260869565216 0.34782608695652173 0.08695652173913043 0.13043478260869565 0.17391304347826086
0.08333333333333333 0.08333333333333333 0.08333333333333333 0.08333333333333333 0.08333333333333333 0.08333333333333333 0.16666666666666666 0.08333333333333333 0.16666666666666666 0.08333333333333333
0.04 0.4 0.04 0.04 0.08 0.08 0.2 0.04 0.04 0.04
0.09523809523809523 0.047619047619047616 0.047619047619047616 0.2857142857142857 0.19047619047619047 0.047619047619047616 0.09523809523809523 0.047619047619047616 0.09523809523809523 0.047619047619047616
0.07692307692307693 0.07692307692307693 0.07692307692307693 0.07692307692307693 0.07692307692307693 0.15384615384615385 0.07692307692307693 0.23076923076923078 0.07692307692307693 0.07692307692307693
0.3076923076923077 0.07692307692307693 0.07692307692307693 0.07692307692307693 0.07692307692307693 0.07692307692307693 0.07692307692307693 0.07692307692307693 0.07692307692307693 0.07692307692307693
0.037037037037037035 0.037037037037037035 0.14814814814814814 0.2222222222222222 0.1111111111111111 0.07407407407407407 0.07407407407407407 0.1111111111111111 0.14814814814814814 0.037037037037037035
0.23076923076923078 0.07692307692307693 0.07692307692307693 0.07692307692307693 0.07692307692307693 0.07692307692307693 0.15384615384615385 0.07692307692307693 0.07692307692307693 0.07692307692307693
0.06666666666666667 0.06666666666666667 0.13333333333333333 0.13333333333333333 0.06666666666666667 0.06666666666666667 0.2 0.06666666666666667 0.13333333333333333 0.06666666666666667
0.14285714285714285 0.07142857142857142 0.07142857142857142 0.07142857142857142 0.07142857142857142 0.2857142857142857 0.07142857142857142 0.07142857142857142 0.07142857142857142 0.07142857142857142
0.07142857142857142 0.21428571428571427 0.07142857142857142 0.07142857142857142 0.07142857142857142 0.07142857142857142 0.07142857142857142 0.14285714285714285 0.07142857142857142 0.14285714285714285
0.05263157894736842 0.05263157894736842 0.05263157894736842 0.05263157894736842 0.05263157894736842 0.10526315789473684 0.10526315789473684 0.05263157894736842 0.21052631578947367 0.2631578947368421
0.043478260869565216 0.043478260869565216 0.13043478260869565 0.34782608695652173 0.043478260869565216 0.043478260869565216 0.08695652173913043 0.08695652173913043 0.13043478260869565 0.043478260869565216
0.043478260869565216 0.043478260869565216 0.043478260869565216 0.43478260869565216 0.043478260869565216 0.17391304347826086 0.08695652173913043 0.043478260869565216 0.043478260869565216 0.043478260869565216
0.045454545454545456 0.09090909090909091 0.36363636363636365 0.09090909090909091 0.045454545454545456 0.045454545454545456 0.09090909090909091 0.045454545454545456 0.09090909090909091 0.09090909090909091
0.08333333333333333 0.25 0.08333333333333333 0.08333333333333333 0.08333333333333333 0.08333333333333333 0.08333333333333333 0.08333333333333333 0.08333333333333333 0.08333333333333333
0.21428571428571427 0.07142857142857142 0.07142857142857142 0.07142857142857142 0.07142857142857142 0.07142857142857142 0.07142857142857142 0.14285714285714285 0.07142857142857142 0.14285714285714285
0.125 0.0625 0.1875 0.0625 0.0625 0.0625 0.125 0.125 0.125 0.0625
0.047619047619047616 0.09523809523809523 0.047619047619047616 0.19047619047619047 0.047619047619047616 0.047619047619047616 0.09523809523809523 0.2619047619047619 0.047619047619047616 0.11904761904761904
0.07142857142857142 0.07142857142857142 0.07142857142857142 0.07142857142857142 0.21428571428571427 0.07142857142857142 0.14285714285714285 0.14285714285714285 0.07142857142857142 0.07142857142857142
0.034482758620689655 0.034482758620689655 0.034482758620689655 0.3448275862068966 0.13793103448275862 0.06896551724137931 0.10344827586206896 0.034482758620689655 0.034482758620689655 0.1724137931034483
0.06666666666666667 0.06666666666666667 0.26666666666666666 0.06666666666666667 0.06666666666666667 0.13333333333333333 0.06666666666666667 0.06666666666666667 0.13333333333333333 0.06666666666666667
0.06666666666666667 0.06666666666666667 0.13333333333333333 0.13333333333333333 0.06666666666666667 0.13333333333333333 0.2 0.06666666666666667 0.06666666666666667 0.06666666666666667
0.0625 0.0625 0.0625 0.0625 0.0625 0.0625 0.1875 0.0625 0.1875 0.1875
0.14285714285714285 0.047619047619047616 0.047619047619047616 0.14285714285714285 0.047619047619047616 0.09523809523809523 0.047619047619047616 0.14285714285714285 0.047619047619047616 0.23809523809523808
0.05263157894736842 0.05263157894736842 0.10526315789473684 0.05263157894736842 0.15789473684210525 0.05263157894736842 0.15789473684210525 0.05263157894736842 0.05263157894736842 0.2631578947368421
0.1875 0.0625 0.1875 0.0625 0.125 0.0625 0.0625 0.125 0.0625 0.0625
0.21428571428571427 0.03571428571428571 0.14285714285714285 0.35714285714285715 0.03571428571428571 0.03571428571428571 0.03571428571428571 0.03571428571428571 0.03571428571428571 0.07142857142857142
0.058823529411764705 0.058823529411764705 0.29411764705882354 0.11764705882352941 0.17647058823529413 0.058823529411764705 0.058823529411764705 0.058823529411764705 0.058823529411764705 0.058823529411764705
0.045454545454545456 0.045454545454545456 0.045454545454545456 0.045454545454545456 0.13636363636363635 0.13636363636363635 0.045454545454545456 0.045454545454545456 0.09090909090909091 0.36363636363636365
0.06666666666666667 0.06666666666666667 0.06666666666666667 0.06666666666666667 0.3333333333333333 0.06666666666666667 0.06666666666666667 0.13333333333333333 0.06666666666666667 0.06666666666666667
0.08333333333333333 0.08333333333333333 0.08333333333333333 0.08333333333333333 0.25 0.08333333333333333 0.08333333333333333 0.08333333333333333 0.08333333333333333 0.08333333333333333
0.047619047619047616 0.09523809523809523 0.047619047619047616 0.047619047619047616 0.14285714285714285 0.047619047619047616 0.047619047619047616 0.3333333333333333 0.14285714285714285 0.047619047619047616
0.047619047619047616 0.19047619047619047 0.047619047619047616 0.047619047619047616 0.14285714285714285 0.09523809523809523 0.047619047619047616 0.14285714285714285 0.047619047619047616 0.19047619047619047
0.09090909090909091 0.09090909090909091 0.09090909090909091 0.09090909090909091 0.09090909090909091 0.09090909090909091 0.09090909090909091 0.09090909090909091 0.09090909090909091 0.18181818181818182
0.058823529411764705 0.058823529411764705 0.058823529411764705 0.11764705882352941 0.11764705882352941 0.17647058823529413 0.11764705882352941 0.058823529411764705 0.058823529411764705 0.17647058823529413
0.11538461538461539 0.038461538461538464 0.19230769230769232 0.038461538461538464 0.038461538461538464 0.07692307692307693 0.038461538461538464 0.038461538461538464 0.038461538461538464 0.38461538461538464
0.058823529411764705 0.058823529411764705 0.11764705882352941 0.058823529411764705 0.058823529411764705 0.23529411764705882 0.11764705882352941 0.11764705882352941 0.058823529411764705 0.11764705882352941
0.027777777777777776 0.05555555555555555 0.1388888888888889 0.08333333333333333 0.1111111111111111 0.16666666666666666 0.19444444444444445 0.1388888888888889 0.05555555555555555 0.027777777777777776
0.05555555555555555 0.1111111111111111 0.2222222222222222 0.16666666666666666 0.05555555555555555 0.16666666666666666 0.05555555555555555 0.05555555555555555 0.05555555555555555 0.05555555555555555
0.05555555555555555 0.05555555555555555 0.16666666666666666 0.05555555555555555 0.05555555555555555 0.2222222222222222 0.1111111111111111 0.16666666666666666 0.05555555555555555 0.05555555555555555
0.05263157894736842 0.15789473684210525 0.05263157894736842 0.10526315789473684 0.05263157894736842 0.05263157894736842 0.05263157894736842 0.10526315789473684 0.2631578947368421 0.10526315789473684
0.2857142857142857 0.07142857142857142 0.07142857142857142 0.14285714285714285 0.07142857142857142 0.07142857142857142 0.07142857142857142 0.07142857142857142 0.07142857142857142 0.07142857142857142
0.05 0.05 0.15 0.05 0.05 0.05 0.4 0.1 0.05 0.05
0.08333333333333333 0.08333333333333333 0.08333333333333333 0.08333333333333333 0.08333333333333333 0.08333333333333333 0.16666666666666666 0.08333333333333333 0.08333333333333333 0.16666666666666666
0.041666666666666664 0.041666666666666664 0.041666666666666664 0.25 0.08333333333333333 0.041666666666666664 0.041666666666666664 0.25 0.08333333333333333 0.125
0.1875 0.0625 0.1875 0.0625 0.0625 0.125 0.0625 0.125 0.0625 0.0625
0.07142857142857142 0.07142857142857142 0.21428571428571427 0.07142857142857142 0.07142857142857142 0.07142857142857142 0.21428571428571427 0.07142857142857142 0.07142857142857142 0.07142857142857142
0.06060606060606061 0.030303030303030304 0.030303030303030304 0.06060606060606061 0.030303030303030304 0.30303030303030304 0.06060606060606061 0.09090909090909091 0.18181818181818182 0.15151515151515152
0.043478260869565216 0.043478260869565216 0.13043478260869565 0.043478260869565216 0.043478260869565216 0.13043478260869565 0.30434782608695654 0.043478260869565216 0.08695652173913043 0.13043478260869565
0.043478260869565216 0.17391304347826086 0.043478260869565216 0.043478260869565216 0.08695652173913043 0.08695652173913043 0.08695652173913043 0.34782608695652173 0.043478260869565216 0.043478260869565216
0.18181818181818182 0.045454545454545456 0.09090909090909091 0.045454545454545456 0.18181818181818182 0.045454545454545456 0.09090909090909091 0.18181818181818182 0.045454545454545456 0.09090909090909091
0.04 0.2 0.04 0.04 0.24 0.12 0.04 0.16 0.08 0.04
0.029411764705882353 0.058823529411764705 0.058823529411764705 0.029411764705882353 0.14705882352941177 0.029411764705882353 0.029411764705882353 0.47058823529411764 0.029411764705882353 0.11764705882352941
0.15789473684210525 0.05263157894736842 0.05263157894736842 0.05263157894736842 0.10526315789473684 0.2631578947368421 0.10526315789473684 0.05263157894736842 0.10526315789473684 0.05263157894736842
0.15384615384615385 0.07692307692307693 0.07692307692307693 0.07692307692307693 0.07692307692307693 0.07692307692307693 0.07692307692307693 0.07692307692307693 0.15384615384615385 0.15384615384615385
0.07692307692307693 0.07692307692307693 0.23076923076923078 0.15384615384615385 0.07692307692307693 0.07692307692307693 0.07692307692307693 0.07692307692307693 0.07692307692307693 0.07692307692307693
0.07692307692307693 0.07692307692307693 0.07692307692307693 0.07692307692307693 0.23076923076923078 0.07692307692307693 0.15384615384615385 0.07692307692307693 0.07692307692307693 0.07692307692307693
0.06666666666666667 0.26666666666666666 0.13333333333333333 0.06666666666666667 0.06666666666666667 0.06666666666666667 0.06666666666666667 0.06666666666666667 0.06666666666666667 0.13333333333333333
0.0625 0.0625 0.1875 0.1875 0.125 0.0625 0.0625 0.0625 0.125 0.0625
0.07142857142857142 0.21428571428571427 0.07142857142857142 0.07142857142857142 0.07142857142857142 0.07142857142857142 0.14285714285714285 0.07142857142857142 0.14285714285714285 0.07142857142857142
0.15 0.1 0.05 0.15 0.1 0.05 0.1 0.1 0.05 0.15
0.07142857142857142 0.07142857142857142 0.07142857142857142 0.07142857142857142 0.07142857142857142 0.07142857142857142 0.07142857142857142 0.07142857142857142 0.07142857142857142 0.35714285714285715
0.07692307692307693 0.15384615384615385 0.07692307692307693 0.07692307692307693 0.23076923076923078 0.07692307692307693 0.07692307692307693 0.07692307692307693 0.07692307692307693 0.07692307692307693
0.14285714285714285 0.07142857142857142 0.14285714285714285 0.14285714285714285 0.07142857142857142 0.07142857142857142 0.07142857142857142 0.07142857142857142 0.14285714285714285 0.07142857142857142
0.05263157894736842 0.05263157894736842 0.47368421052631576 0.05263157894736842 0.05263157894736842 0.05263157894736842 0.05263157894736842 0.05263157894736842 0.10526315789473684 0.05263157894736842
0.06666666666666667 0.06666666666666667 0.13333333333333333 0.06666666666666667 0.06666666666666667 0.06666666666666667 0.26666666666666666 0.06666666666666667 0.13333333333333333 0.06666666666666667
0.041666666666666664 0.041666666666666664 0.08333333333333333 0.08333333333333333 0.08333333333333333 0.3333333333333333 0.08333333333333333 0.08333333333333333 0.125 0.041666666666666664
0.21428571428571427 0.07142857142857142 0.14285714285714285 0.07142857142857142 0.07142857142857142 0.10714285714285714 0.03571428571428571 0.03571428571428571 0.10714285714285714 0.14285714285714285
0.05263157894736842 0.05263157894736842 0.05263157894736842 0.05263157894736842 0.05263157894736842 0.10526315789473684 0.05263157894736842 0.2631578947368421 0.05263157894736842 0.2631578947368421
0.05555555555555555 0.05555555555555555 0.05555555555555555 0.05555555555555555 0.1111111111111111 0.1111111111111111 0.05555555555555555 0.05555555555555555 0.16666666666666666 0.2777777777777778
0.07692307692307693 0.07692307692307693 0.15384615384615385 0.15384615384615385 0.07692307692307693 0.07692307692307693 0.07692307692307693 0.07692307692307693 0.07692307692307693 0.15384615384615385
0.058823529411764705 0.058823529411764705 0.4117647058823529 0.058823529411764705 0.058823529411764705 0.058823529411764705 0.11764705882352941 0.058823529411764705 0.058823529411764705 0.058823529411764705
0.08333333333333333 0.08333333333333333 0.08333333333333333 0.16666666666666666 0.08333333333333333 0.08333333333333333 0.08333333333333333 0.08333333333333333 0.16666666666666666 0.08333333333333333
0.09523809523809523 0.047619047619047616 0.047619047619047616 0.047619047619047616 0.09523809523809523 0.14285714285714285 0.047619047619047616 0.14285714285714285 0.2857142857142857 0.047619047619047616
0.022222222222222223 0.022222222222222223 0.06666666666666667 0.044444444444444446 0.044444444444444446 0.08888888888888889 0.022222222222222223 0.022222222222222223 0.044444444444444446 0.6222222222222222
0.07692307692307693 0.15384615384615385 0.07692307692307693 0.07692307692307693 0.07692307692307693 0.07692307692307693 0.15384615384615385 0.15384615384615385 0.07692307692307693 0.07692307692307693
0.11764705882352941 0.11764705882352941 0.11764705882352941 0.11764705882352941 0.058823529411764705 0.058823529411764705 0.058823529411764705 0.058823529411764705 0.11764705882352941 0.17647058823529413
0.11764705882352941 0.058823529411764705 0.058823529411764705 0.11764705882352941 0.058823529411764705 0.11764705882352941 0.11764705882352941 0.058823529411764705 0.23529411764705882 0.058823529411764705
0.047619047619047616 0.047619047619047616 0.047619047619047616 0.09523809523809523 0.047619047619047616 0.19047619047619047 0.19047619047619047 0.19047619047619047 0.047619047619047616 0.09523809523809523
0.02631578947368421 0.02631578947368421 0.05263157894736842 0.07894736842105263 0.05263157894736842 0.02631578947368421 0.02631578947368421 0.39473684210526316 0.07894736842105263 0.23684210526315788
0.030303030303030304 0.06060606060606061 0.06060606060606061 0.06060606060606061 0.030303030303030304 0.15151515151515152 0.48484848484848486 0.06060606060606061 0.030303030303030304 0.030303030303030304
0.07142857142857142 0.2857142857142857 0.07142857142857142 0.14285714285714285 0.07142857142857142 0.07142857142857142 0.07142857142857142 0.07142857142857142 0.07142857142857142 0.07142857142857142
0.07142857142857142 0.07142857142857142 0.07142857142857142 0.07142857142857142 0.07142857142857142 0.07142857142857142 0.14285714285714285 0.14285714285714285 0.21428571428571427 0.07142857142857142
0.05555555555555555 0.05555555555555555 0.05555555555555555 0.05555555555555555 0.05555555555555555 0.05555555555555555 0.3888888888888889 0.05555555555555555 0.05555555555555555 0.16666666666666666
0.05555555555555555 0.05555555555555555 0.05555555555555555 0.2777777777777778 0.05555555555555555 0.05555555555555555 0.05555555555555555 0.05555555555555555 0.05555555555555555 0.2777777777777778
0.3333333333333333 0.05555555555555555 0.05555555555555555 0.05555555555555555 0.05555555555555555 0.16666666666666666 0.05555555555555555 0.1111111111111111 0.05555555555555555 0.05555555555555555
0.038461538461538464 0.11538461538461539 0.11538461538461539 0.038461538461538464 0.38461538461538464 0.11538461538461539 0.038461538461538464 0.038461538461538464 0.038461538461538464 0.07692307692307693
0.058823529411764705 0.11764705882352941 0.058823529411764705 0.11764705882352941 0.058823529411764705 0.058823529411764705 0.058823529411764705 0.23529411764705882 0.058823529411764705 0.17647058823529413
0.0625 0.0625 0.1875 0.0625 0.125 0.0625 0.25 0.0625 0.0625 0.0625
0.08108108108108109 0.02702702702702703 0.02702702702702703 0.02702702702702703 0.10810810810810811 0.05405405405405406 0.13513513513513514 0.2972972972972973 0.02702702702702703 0.21621621621621623
0.16666666666666666 0.08333333333333333 0.08333333333333333 0.08333333333333333 0.08333333333333333 0.08333333333333333 0.08333333333333333 0.08333333333333333 0.16666666666666666 0.08333333333333333
0.17647058823529413 0.11764705882352941 0.058823529411764705 0.058823529411764705 0.29411764705882354 0.058823529411764705 0.058823529411764705 0.058823529411764705 0.058823529411764705 0.058823529411764705
0.25925925925925924 0.037037037037037035 0.037037037037037035 0.037037037037037035 0.037037037037037035 0.4444444444444444 0.037037037037037035 0.037037037037037035 0.037037037037037035 0.037037037037037035
0.07692307692307693 0.07692307692307693 0.07692307692307693 0.07692307692307693 0.3076923076923077 0.07692307692307693 0.07692307692307693 0.07692307692307693 0.07692307692307693 0.07692307692307693
0.07692307692307693 0.15384615384615385 0.07692307692307693 0.15384615384615385 0.07692307692307693 0.15384615384615385 0.07692307692307693 0.07692307692307693 0.07692307692307693 0.07692307692307693
0.14285714285714285 0.07142857142857142 0.07142857142857142 0.07142857142857142 0.14285714285714285 0.07142857142857142 0.14285714285714285 0.14285714285714285 0.07142857142857142 0.07142857142857142
0.07692307692307693 0.3076923076923077 0.07692307692307693 0.07692307692307693 0.07692307692307693 0.07692307692307693 0.07692307692307693 0.07692307692307693 0.07692307692307693 0.07692307692307693
0.05555555555555555 0.05555555555555555 0.3333333333333333 0.05555555555555555 0.05555555555555555 0.1111111111111111 0.05555555555555555 0.05555555555555555 0.1111111111111111 0.1111111111111111
0.06666666666666667 0.2 0.06666666666666667 0.06666666666666667 0.06666666666666667 0.13333333333333333 0.2 0.06666666666666667 0.06666666666666667 0.06666666666666667
0.11764705882352941 0.058823529411764705 0.23529411764705882 0.058823529411764705 0.058823529411764705 0.11764705882352941 0.17647058823529413 0.058823529411764705 0.058823529411764705 0.058823529411764705
0.06666666666666667 0.4 0.06666666666666667 0.06666666666666667 0.06666666666666667 0.06666666666666667 0.06666666666666667 0.06666666666666667 0.06666666666666667 0.06666666666666667
0.07142857142857142 0.07142857142857142 0.14285714285714285 0.14285714285714285 0.14285714285714285 0.07142857142857142 0.07142857142857142 0.07142857142857142 0.07142857142857142 0.14285714285714285
0.26666666666666666 0.13333333333333333 0.13333333333333333 0.06666666666666667 0.06666666666666667 0.06666666666666667 0.06666666666666667 0.06666666666666667 0.06666666666666667 0.06666666666666667
0.21052631578947367 0.05263157894736842 0.05263157894736842 0.05263157894736842 0.05263157894736842 0.21052631578947367 0.15789473684210525 0.05263157894736842 0.10526315789473684 0.05263157894736842
0.07142857142857142 0.2857142857142857 0.07142857142857142 0.07142857142857142 0.14285714285714285 0.07142857142857142 0.07142857142857142 0.07142857142857142 0.07142857142857142 0.07142857142857142
0.4 0.06666666666666667 0.06666666666666667 0.06666666666666667 0.06666666666666667 0.06666666666666667 0.06666666666666667 0.06666666666666667 0.06666666666666667 0.06666666666666667
0.13333333333333333 0.06666666666666667 0.2 0.06666666666666667 0.13333333333333333 0.06666666666666667 0.13333333333333333 0.06666666666666667 0.06666666666666667 0.06666666666666667
0.04 0.08 0.12 0.04 0.04 0.2 0.24 0.16 0.04 0.04
0.11764705882352941 0.058823529411764705 0.058823529411764705 0.058823529411764705 0.11764705882352941 0.058823529411764705 0.058823529411764705 0.23529411764705882 0.058823529411764705 0.17647058823529413
0.06666666666666667 0.2 0.06666666666666667 0.06666666666666667 0.2 0.13333333333333333 0.06666666666666667 0.06666666666666667 0.06666666666666667 0.06666666666666667
0.05555555555555555 0.1111111111111111 0.05555555555555555 0.05555555555555555 0.16666666666666666 0.05555555555555555 0.1111111111111111 0.16666666666666666 0.05555555555555555 0.16666666666666666
0.0625 0.125 0.0625 0.0625 0.125 0.125 0.125 0.125 0.0625 0.125
0.14285714285714285 0.07142857142857142 0.07142857142857142 0.07142857142857142 0.2857142857142857 0.07142857142857142 0.07142857142857142 0.07142857142857142 0.07142857142857142 0.07142857142857142
0.07142857142857142 0.07142857142857142 0.07142857142857142 0.07142857142857142 0.14285714285714285 0.07142857142857142 0.07142857142857142 0.14285714285714285 0.21428571428571427 0.07142857142857142
0.14285714285714285 0.07142857142857142 0.07142857142857142 0.07142857142857142 0.14285714285714285 0.07142857142857142 0.07142857142857142 0.14285714285714285 0.07142857142857142 0.14285714285714285
0.05555555555555555 0.05555555555555555 0.1111111111111111 0.05555555555555555 0.05555555555555555 0.16666666666666666 0.05555555555555555 0.05555555555555555 0.3333333333333333 0.05555555555555555
0.08333333333333333 0.08333333333333333 0.08333333333333333 0.08333333333333333 0.08333333333333333 0.25 0.08333333333333333 0.08333333333333333 0.08333333333333333 0.08333333333333333
0.07692307692307693 0.07692307692307693 0.07692307692307693 0.07692307692307693 0.07692307692307693 0.07692307692307693 0.07692307692307693 0.07692307692307693 0.3076923076923077 0.07692307692307693
0.07142857142857142 0.2857142857142857 0.07142857142857142 0.07142857142857142 0.07142857142857142 0.07142857142857142 0.07142857142857142 0.07142857142857142 0.14285714285714285 0.07142857142857142
0.07142857142857142 0.07142857142857142 0.14285714285714285 0.07142857142857142 0.07142857142857142 0.14285714285714285 0.07142857142857142 0.07142857142857142 0.21428571428571427 0.07142857142857142
0.06666666666666667 0.06666666666666667 0.06666666666666667 0.06666666666666667 0.06666666666666667 0.3333333333333333 0.06666666666666667 0.13333333333333333 0.06666666666666667 0.06666666666666667
0.16 0.04 0.04 0.08 0.2 0.16 0.08 0.08 0.12 0.04
0.07142857142857142 0.07142857142857142 0.07142857142857142 0.07142857142857142 0.07142857142857142 0.14285714285714285 0.07142857142857142 0.07142857142857142 0.07142857142857142 0.2857142857142857
0.07692307692307693 0.07692307692307693 0.07692307692307693 0.15384615384615385 0.07692307692307693 0.07692307692307693 0.07692307692307693 0.07692307692307693 0.07692307692307693 0.23076923076923078
0.13333333333333333 0.13333333333333333 0.2 0.06666666666666667 0.06666666666666667 0.13333333333333333 0.06666666666666667 0.06666666666666667 0.06666666666666667 0.06666666666666667
0.07142857142857142 0.07142857142857142 0.21428571428571427 0.07142857142857142 0.14285714285714285 0.07142857142857142 0.07142857142857142 0.07142857142857142 0.07142857142857142 0.14285714285714285
0.06666666666666667 0.26666666666666666 0.06666666666666667 0.13333333333333333 0.06666666666666667 0.06666666666666667 0.06666666666666667 0.06666666666666667 0.13333333333333333 0.06666666666666667
0.11764705882352941 0.058823529411764705 0.058823529411764705 0.058823529411764705 0.11764705882352941 0.058823529411764705 0.058823529411764705 0.058823529411764705 0.17647058823529413 0.23529411764705882
0.06666666666666667 0.06666666666666667 0.06666666666666667 0.06666666666666667 0.13333333333333333 0.06666666666666667 0.06666666666666667 0.06666666666666667 0.06666666666666667 0.3333333333333333
0.05555555555555555 0.05555555555555555 0.05555555555555555 0.05555555555555555 0.05555555555555555 0.05555555555555555 0.05555555555555555 0.05555555555555555 0.1111111111111111 0.4444444444444444
0.058823529411764705 0.058823529411764705 0.058823529411764705 0.058823529411764705 0.11764705882352941 0.058823529411764705 0.058823529411764705 0.23529411764705882 0.11764705882352941 0.17647058823529413
0.07692307692307693 0.07692307692307693 0.07692307692307693 0.07692307692307693 0.3076923076923077 0.07692307692307693 0.07692307692307693 0.07692307692307693 0.07692307692307693 0.07692307692307693
0.045454545454545456 0.18181818181818182 0.045454545454545456 0.045454545454545456 0.045454545454545456 0.13636363636363635 0.045454545454545456 0.3181818181818182 0.09090909090909091 0.045454545454545456
0.05263157894736842 0.05263157894736842 0.05263157894736842 0.10526315789473684 0.10526315789473684 0.21052631578947367 0.15789473684210525 0.10526315789473684 0.05263157894736842 0.10526315789473684
0.05263157894736842 0.05263157894736842 0.2631578947368421 0.05263157894736842 0.05263157894736842 0.15789473684210525 0.05263157894736842 0.05263157894736842 0.05263157894736842 0.21052631578947367
0.15789473684210525 0.05263157894736842 0.10526315789473684 0.05263157894736842 0.05263157894736842 0.10526315789473684 0.10526315789473684 0.10526315789473684 0.15789473684210525 0.10526315789473684
0.05 0.05 0.15 0.1 0.1 0.1 0.05 0.05 0.25 0.1
0.2 0.06666666666666667 0.06666666666666667 0.06666666666666667 0.06666666666666667 0.06666666666666667 0.06666666666666667 0.26666666666666666 0.06666666666666667 0.06666666666666667
0.06666666666666667 0.06666666666666667 0.06666666666666667 0.06666666666666667 0.06666666666666667 0.13333333333333333 0.06666666666666667 0.06666666666666667 0.3333333333333333 0.06666666666666667
0.03636363636363636 0.01818181818181818 0.05454545454545454 0.10909090909090909 0.01818181818181818 0.21818181818181817 0.05454545454545454 0.41818181818181815 0.05454545454545454 0.01818181818181818
0.07142857142857142 0.14285714285714285 0.07142857142857142 0.07142857142857142 0.21428571428571427 0.07142857142857142 0.07142857142857142 0.14285714285714285 0.07142857142857142 0.07142857142857142
0.043478260869565216 0.13043478260869565 0.043478260869565216 0.043478260869565216 0.043478260869565216 0.043478260869565216 0.08695652173913043 0.43478260869565216 0.043478260869565216 0.08695652173913043
0.125 0.08333333333333333 0.08333333333333333 0.125 0.125 0.041666666666666664 0.041666666666666664 0.25 0.041666666666666664 0.08333333333333333
0.05263157894736842 0.05263157894736842 0.05263157894736842 0.15789473684210525 0.10526315789473684 0.05263157894736842 0.21052631578947367 0.05263157894736842 0.10526315789473684 0.15789473684210525
0.1 0.05 0.05 0.15 0.05 0.05 0.35 0.05 0.1 0.05
0.18181818181818182 0.21212121212121213 0.06060606060606061 0.030303030303030304 0.12121212121212122 0.24242424242424243 0.06060606060606061 0.030303030303030304 0.030303030303030304 0.030303030303030304
0.06666666666666667 0.2 0.13333333333333333 0.06666666666666667 0.13333333333333333 0.06666666666666667 0.06666666666666667 0.13333333333333333 0.06666666666666667 0.06666666666666667
0.05555555555555555 0.2222222222222222 0.05555555555555555 0.05555555555555555 0.05555555555555555 0.1111111111111111 0.05555555555555555 0.05555555555555555 0.2777777777777778 0.05555555555555555
0.058823529411764705 0.058823529411764705 0.35294117647058826 0.11764705882352941 0.058823529411764705 0.058823529411764705 0.11764705882352941 0.058823529411764705 0.058823529411764705 0.058823529411764705
0.4642857142857143 0.03571428571428571 0.07142857142857142 0.03571428571428571 0.07142857142857142 0.07142857142857142 0.07142857142857142 0.07142857142857142 0.03571428571428571 0.07142857142857142
0.3076923076923077 0.07692307692307693 0.07692307692307693 0.07692307692307693 0.07692307692307693 0.07692307692307693 0.07692307692307693 0.07692307692307693 0.07692307692307693 0.07692307692307693
0.16666666666666666 0.2222222222222222 0.05555555555555555 0.05555555555555555 0.05555555555555555 0.1111111111111111 0.1111111111111111 0.05555555555555555 0.05555555555555555 0.1111111111111111
0.05555555555555555 0.05555555555555555 0.05555555555555555 0.3888888888888889 0.16666666666666666 0.05555555555555555 0.05555555555555555 0.05555555555555555 0.05555555555555555 0.05555555555555555
0.07692307692307693 0.23076923076923078 0.07692307692307693 0.07692307692307693 0.07692307692307693 0.07692307692307693 0.07692307692307693 0.07692307692307693 0.07692307692307693 0.15384615384615385
0.058823529411764705 0.058823529411764705 0.058823529411764705 0.058823529411764705 0.11764705882352941 0.058823529411764705 0.058823529411764705 0.058823529411764705 0.058823529411764705 0.4117647058823529
0.26666666666666666 0.06666666666666667 0.06666666666666667 0.2 0.06666666666666667 0.06666666666666667 0.06666666666666667 0.06666666666666667 0.06666666666666667 0.06666666666666667
0.4117647058823529 0.058823529411764705 0.058823529411764705 0.058823529411764705 0.058823529411764705 0.11764705882352941 0.058823529411764705 0.058823529411764705 0.058823529411764705 0.058823529411764705
0.05263157894736842 0.05263157894736842 0.15789473684210525 0.2631578947368421 0.05263157894736842 0.15789473684210525 0.05263157894736842 0.05263157894736842 0.10526315789473684 0.05263157894736842
0.0625 0.0625 0.53125 0.03125 0.03125 0.0625 0.03125 0.0625 0.03125 0.09375
0.07407407407407407 0.037037037037037035 0.14814814814814814 0.18518518518518517 0.037037037037037035 0.037037037037037035 0.14814814814814814 0.07407407407407407 0.07407407407407407 0.18518518518518517
0.21052631578947367 0.05263157894736842 0.05263157894736842 0.2631578947368421 0.05263157894736842 0.10526315789473684 0.05263157894736842 0.05263157894736842 0.10526315789473684 0.05263157894736842
0.05263157894736842 0.05263157894736842 0.10526315789473684 0.2631578947368421 0.15789473684210525 0.10526315789473684 0.10526315789473684 0.05263157894736842 0.05263157894736842 0.05263157894736842
0.07142857142857142 0.07142857142857142 0.07142857142857142 0.07142857142857142 0.14285714285714285 0.2857142857142857 0.07142857142857142 0.07142857142857142 0.07142857142857142 0.07142857142857142
0.047619047619047616 0.14285714285714285 0.047619047619047616 0.2857142857142857 0.09523809523809523 0.09523809523809523 0.047619047619047616 0.14285714285714285 0.047619047619047616 0.047619047619047616
0.07142857142857142 0.21428571428571427 0.07142857142857142 0.07142857142857142 0.21428571428571427 0.07142857142857142 0.07142857142857142 0.07142857142857142 0.07142857142857142 0.07142857142857142
0.07142857142857142 0.07142857142857142 0.21428571428571427 0.07142857142857142 0.14285714285714285 0.07142857142857142 0.14285714285714285 0.07142857142857142 0.07142857142857142 0.07142857142857142
0.07142857142857142 0.07142857142857142 0.07142857142857142 0.07142857142857142 0.07142857142857142 0.07142857142857142 0.14285714285714285 0.07142857142857142 0.21428571428571427 0.14285714285714285
0.2 0.06666666666666667 0.06666666666666667 0.06666666666666667 0.06666666666666667 0.13333333333333333 0.06666666666666667 0.13333333333333333 0.13333333333333333 0.06666666666666667
0.1111111111111111 0.05555555555555555 0.1111111111111111 0.05555555555555555 0.05555555555555555 0.05555555555555555 0.05555555555555555 0.16666666666666666 0.05555555555555555 0.2777777777777778
0.037037037037037035 0.037037037037037035 0.4074074074074074 0.18518518518518517 0.037037037037037035 0.037037037037037035 0.037037037037037035 0.037037037037037035 0.1111111111111111 0.07407407407407407
0.05263157894736842 0.42105263157894735 0.10526315789473684 0.05263157894736842 0.05263157894736842 0.05263157894736842 0.05263157894736842 0.10526315789473684 0.05263157894736842 0.05263157894736842
0.3333333333333333 0.08333333333333333 0.08333333333333333 0.125 0.041666666666666664 0.08333333333333333 0.08333333333333333 0.041666666666666664 0.041666666666666664 0.08333333333333333
0.058823529411764705 0.17647058823529413 0.058823529411764705 0.058823529411764705 0.11764705882352941 0.17647058823529413 0.058823529411764705 0.17647058823529413 0.058823529411764705 0.058823529411764705
0.07142857142857142 0.07142857142857142 0.07142857142857142 0.07142857142857142 0.21428571428571427 0.07142857142857142 0.14285714285714285 0.14285714285714285 0.07142857142857142 0.07142857142857142
0.1 0.05 0.25 0.05 0.05 0.05 0.15 0.15 0.05 0.1
0.05263157894736842 0.05263157894736842 0.21052631578947367 0.05263157894736842 0.15789473684210525 0.05263157894736842 0.10526315789473684 0.10526315789473684 0.15789473684210525 0.05263157894736842
0.16666666666666666 0.08333333333333333 0.08333333333333333 0.08333333333333333 0.08333333333333333 0.08333333333333333 0.08333333333333333 0.16666666666666666 0.08333333333333333 0.08333333333333333
0.06666666666666667 0.06666666666666667 0.13333333333333333 0.06666666666666667 0.06666666666666667 0.06666666666666667 0.06666666666666667 0.06666666666666667 0.13333333333333333 0.26666666666666666
0.23076923076923078 0.07692307692307693 0.07692307692307693 0.15384615384615385 0.07692307692307693 0.07692307692307693 0.07692307692307693 0.07692307692307693 0.07692307692307693 0.07692307692307693
0.0625 0.125 0.0625 0.25 0.125 0.0625 0.125 0.0625 0.0625 0.0625
0.07142857142857142 0.21428571428571427 0.07142857142857142 0.07142857142857142 0.14285714285714285 0.07142857142857142 0.07142857142857142 0.14285714285714285 0.07142857142857142 0.07142857142857142
0.08333333333333333 0.08333333333333333 0.16666666666666666 0.08333333333333333 0.08333333333333333 0.08333333333333333 0.16666666666666666 0.08333333333333333 0.08333333333333333 0.08333333333333333
0.06666666666666667 0.06666666666666667 0.3333333333333333 0.06666666666666667 0.06666666666666667 0.13333333333333333 0.06666666666666667 0.06666666666666667 0.06666666666666667 0.06666666666666667
0.14285714285714285 0.07142857142857142 0.07142857142857142 0.07142857142857142 0.21428571428571427 0.07142857142857142 0.07142857142857142 0.14285714285714285 0.07142857142857142 0.07142857142857142
0.05263157894736842 0.05263157894736842 0.42105263157894735 0.05263157894736842 0.10526315789473684 0.05263157894736842 0.05263157894736842 0.10526315789473684 0.05263157894736842 0.05263157894736842
0.05 0.1 0.05 0.05 0.05 0.2 0.05 0.05 0.05 0.35
0.05263157894736842 0.15789473684210525 0.05263157894736842 0.05263157894736842 0.05263157894736842 0.05263157894736842 0.05263157894736842 0.42105263157894735 0.05263157894736842 0.05263157894736842
0.06666666666666667 0.06666666666666667 0.06666666666666667 0.13333333333333333 0.2 0.13333333333333333 0.06666666666666667 0.13333333333333333 0.06666666666666667 0.06666666666666667
0.14285714285714285 0.07142857142857142 0.14285714285714285 0.07142857142857142 0.07142857142857142 0.07142857142857142 0.07142857142857142 0.07142857142857142 0.21428571428571427 0.07142857142857142
0.1111111111111111 0.16666666666666666 0.05555555555555555 0.05555555555555555 0.05555555555555555 0.2222222222222222 0.05555555555555555 0.05555555555555555 0.16666666666666666 0.05555555555555555
0.125 0.0625 0.0625 0.0625 0.125 0.0625 0.3125 0.0625 0.0625 0.0625
0.11764705882352941 0.058823529411764705 0.11764705882352941 0.058823529411764705 0.058823529411764705 0.11764705882352941 0.058823529411764705 0.058823529411764705 0.29411764705882354 0.058823529411764705
0.07692307692307693 0.3076923076923077 0.07692307692307693 0.07692307692307693 0.07692307692307693 0.07692307692307693 0.07692307692307693 0.07692307692307693 0.07692307692307693 0.07692307692307693
0.07142857142857142 0.07142857142857142 0.07142857142857142 0.21428571428571427 0.21428571428571427 0.07142857142857142 0.07142857142857142 0.07142857142857142 0.07142857142857142 0.07142857142857142
0.07142857142857142 0.07142857142857142 0.07142857142857142 0.14285714285714285 0.21428571428571427 0.07142857142857142 0.14285714285714285 0.07142857142857142 0.07142857142857142 0.07142857142857142
0.07142857142857142 0.2857142857142857 0.07142857142857142 0.07142857142857142 0.14285714285714285 0.07142857142857142 0.07142857142857142 0.07142857142857142 0.07142857142857142 0.07142857142857142
0.0625 0.0625 0.1875 0.0625 0.0625 0.125 0.0625 0.0625 0.25 0.0625
0.25 0.0625 0.0625 0.0625 0.0625 0.125 0.125 0.0625 0.0625 0.125
0.0625 0.1875 0.125 0.125 0.0625 0.125 0.0625 0.0625 0.125 0.0625
