0.2859903381642511 0.05410628019323679 0.0507246376811595 0.37439613526570054 0.2347826086956523
0.4000000000000001 0.19629629629629644 0.13611111111111118 0.12037037037037036 0.14722222222222223
0.5088888888888891 0.10777777777777763 0.10777777777777761 0.1511111111111109 0.12444444444444427
0.29375 0.1423611111111111 0.10416666666666667 0.08541666666666667 0.37430555555555556
0.14444444444444432 0.14603174603174596 0.211111111111111 0.19206349206349202 0.306349206349206
0.08169934640522859 0.15294117647058808 0.11960784313725473 0.42156862745098017 0.22418300653594747
0.16349206349206344 0.3015873015873013 0.22063492063492052 0.15555555555555545 0.15873015873015867
0.23492063492063486 0.2507936507936508 0.08412698412698408 0.31587301587301575 0.11428571428571421
0.1298245614035087 0.09298245614035083 0.13567251461988292 0.4251461988304094 0.2163742690058479
0.1252525252525253 0.2939393939393941 0.16363636363636386 0.14646464646464658 0.27070707070707084
0.45694444444444443 0.1361111111111111 0.14027777777777778 0.13472222222222222 0.13194444444444445
0.16111111111111093 0.1277777777777776 0.13765432098765418 0.2555555555555556 0.31790123456790115
0.1296296296296294 0.15432098765432076 0.12098765432098744 0.4086419753086419 0.18641975308641948
0.48148148148148145 0.1148148148148146 0.13209876543209853 0.13209876543209853 0.13950617283950592
0.24861111111111112 0.2763888888888889 0.1375 0.16944444444444445 0.16805555555555557
0.1419753086419751 0.15925925925925905 0.1444444444444442 0.33209876543209843 0.2222222222222219
0.3844444444444445 0.12222222222222208 0.14333333333333312 0.1866666666666665 0.16333333333333316
0.06296296296296285 0.10308641975308629 0.08888888888888871 0.6395061728395061 0.10555555555555543
0.09135802469135794 0.3475308641975309 0.1555555555555554 0.12407407407407386 0.28148148148148133
0.16666666666666666 0.15873015873015858 0.15714285714285708 0.34126984126984083 0.1761904761904761
0.421111111111111 0.14611111111111114 0.14888888888888896 0.1844444444444444 0.09944444444444442
0.09097222222222222 0.5013888888888889 0.17569444444444443 0.10555555555555556 0.12638888888888888
0.18333333333333332 0.19444444444444445 0.21388888888888888 0.2013888888888889 0.20694444444444443
0.125 0.125 0.5 0.125 0.125
0.13484848484848494 0.5510101010101013 0.05151515151515154 0.204040404040404 0.058585858585858644
0.1361111111111111 0.1486111111111111 0.40694444444444444 0.1486111111111111 0.1597222222222222
0.10111111111111094 0.32111111111111124 0.10111111111111093 0.3766666666666664 0.09999999999999983
0.12222222222222198 0.24197530864197503 0.19999999999999976 0.24814814814814778 0.187654320987654
0.46790123456790117 0.11481481481481458 0.13086419753086392 0.13703703703703682 0.14938271604938247
0.08095238095238091 0.0793650793650793 0.10952380952380945 0.15476190476190466 0.5753968253968257
0.06666666666666655 0.3796296296296296 0.06851851851851841 0.3950617283950616 0.09012345679012333
0.06358024691358014 0.6296296296296299 0.17592592592592574 0.06234567901234556 0.06851851851851841
0.06928104575163385 0.13398692810457505 0.1235294117647057 0.512418300653595 0.16078431372549007
0.4285714285714284 0.14285714285714277 0.14285714285714277 0.14285714285714277 0.14285714285714277
0.12098765432098742 0.167901234567901 0.33703703703703664 0.1407407407407405 0.233333333333333
0.13333333333333344 0.3121212121212122 0.23131313131313144 0.1353535353535355 0.187878787878788
0.32762762762762754 0.3123123123123123 0.09189189189189186 0.04714714714714719 0.22102102102102097
0.31604938271604893 0.27037037037037 0.11728395061728371 0.15185185185185157 0.14444444444444418
0.05092592592592593 0.499537037037037 0.0777777777777778 0.12361111111111109 0.2481481481481481
0.12999999999999987 0.12444444444444426 0.13222222222222205 0.4588888888888888 0.1544444444444443
0.11333333333333315 0.13555555555555543 0.10444444444444426 0.5277777777777779 0.1188888888888887
0.09191919191919189 0.12222222222222232 0.09595959595959597 0.3000000000000002 0.3898989898989902
0.1527777777777778 0.1125 0.18263888888888888 0.1597222222222222 0.3923611111111111
0.1452380952380951 0.0793650793650793 0.08968253968253968 0.2182539682539681 0.46746031746031735
0.10707070707070714 0.10909090909090915 0.2969696969696971 0.3818181818181817 0.10505050505050512
0.047342995169082205 0.30917874396135286 0.3009661835748793 0.23574879227053128 0.10676328502415458
0.16203703703703695 0.12314814814814817 0.1 0.5111111111111112 0.10370370370370365
0.09738562091503251 0.07450980392156849 0.07450980392156849 0.2235294117647056 0.5300653594771241
0.29333333333333333 0.29333333333333333 0.1122222222222221 0.16111111111111096 0.13999999999999982
0.2936507936507933 0.2698412698412695 0.14603174603174596 0.14285714285714277 0.14761904761904754
0.5715277777777777 0.07291666666666667 0.07083333333333333 0.09027777777777778 0.19444444444444445
0.5020833333333333 0.09722222222222222 0.24722222222222223 0.06875 0.08472222222222223
0.16666666666666646 0.16666666666666646 0.16666666666666646 0.23333333333333345 0.2666666666666666
0.18240740740740738 0.20185185185185178 0.11759259259259268 0.17129629629629636 0.32685185185185184
0.05873015873015866 0.1804232804232803 0.0629629629629629 0.0730158730158729 0.6248677248677248
0.13611111111111118 0.20092592592592595 0.2777777777777778 0.15092592592592594 0.23425925925925933
0.059139784946236514 0.4562724014336918 0.12795698924731186 0.19211469534050185 0.16451612903225815
0.10854700854700845 0.2410256410256406 0.14786324786324778 0.3196581196581193 0.18290598290598273
0.09487179487179483 0.15641025641025627 0.14273504273504262 0.40085470085470043 0.2051282051282049
0.13650793650793638 0.0992063492063491 0.12301587301587295 0.32063492063492055 0.3206349206349205
0.11604938271604917 0.15679012345678983 0.4913580246913579 0.11728395061728371 0.1185185185185183
0.08592592592592593 0.3118518518518517 0.08592592592592592 0.42222222222222205 0.09407407407407406
0.1634920634920634 0.18412698412698406 0.15396825396825387 0.2126984126984126 0.2857142857142855
0.14561403508771914 0.0847953216374269 0.08713450292397659 0.08421052631578946 0.5982456140350877
0.1575757575757577 0.11818181818181832 0.3939393939393939 0.15858585858585872 0.17171717171717185
0.1320987654320985 0.34567901234567855 0.14197530864197505 0.1839506172839504 0.19629629629629602
0.055555555555555525 0.07619047619047614 0.17579365079365075 0.11626984126984129 0.576190476190476
0.07160493827160483 0.12592592592592575 0.07530864197530852 0.46111111111111097 0.2660493827160494
0.7018518518518514 0.06296296296296285 0.10987654320987637 0.058024691358024585 0.06728395061728383
0.14183006535947693 0.17647058823529396 0.29673202614379046 0.13529411764705865 0.24967320261437878
0.6416666666666668 0.07666666666666656 0.14444444444444443 0.06444444444444436 0.07277777777777766
0.5034482758620689 0.06091954022988504 0.053639846743294986 0.05019157088122602 0.3318007662835251
0.1396825396825396 0.14126984126984116 0.48253968253968255 0.10158730158730152 0.1349206349206348
0.12638888888888888 0.14305555555555555 0.17083333333333334 0.2361111111111111 0.3236111111111111
0.13055555555555556 0.16111111111111112 0.13333333333333333 0.43333333333333335 0.14166666666666666
0.18055555555555555 0.19305555555555556 0.2361111111111111 0.20277777777777778 0.1875
0.39555555555555544 0.11999999999999983 0.20111111111111102 0.12333333333333311 0.15999999999999986
0.10808080808080814 0.12828282828282841 0.1212121212121213 0.5050505050505053 0.13737373737373748
0.4037037037037032 0.12716049382716027 0.11975308641975285 0.23209876543209837 0.11728395061728374
0.20814814814814797 0.1622222222222221 0.23185185185185173 0.2414814814814813 0.15629629629629613
0.13456790123456766 0.17654320987654298 0.14197530864197505 0.1456790123456788 0.40123456790123435
0.2986111111111111 0.20416666666666666 0.1486111111111111 0.175 0.1736111111111111
0.11975308641975285 0.25185185185185144 0.12345679012345655 0.37283950617283906 0.13209876543209853
0.10079365079365077 0.11666666666666659 0.08809523809523807 0.5952380952380957 0.09920634920634915
0.10333333333333317 0.12888888888888872 0.10666666666666651 0.5166666666666668 0.14444444444444424
0.08187134502923975 0.15964912280701743 0.24210526315789466 0.1432748538011695 0.3730994152046782
0.07101449275362329 0.05990338164251217 0.3879227053140098 0.06666666666666672 0.4144927536231884
0.2817460317460318 0.1055555555555555 0.09285714285714282 0.09365079365079361 0.42619047619047584
0.10683760683760675 0.0914529914529914 0.0999999999999999 0.21196581196581166 0.48974358974359
0.1375 0.2625 0.1361111111111111 0.3236111111111111 0.14027777777777778
0.08703703703703693 0.3472222222222222 0.09629629629629623 0.3851851851851851 0.08425925925925916
0.1476190476190475 0.28888888888888864 0.1476190476190475 0.18095238095238086 0.23492063492063486
0.08125 0.09791666666666667 0.12222222222222222 0.10069444444444445 0.5979166666666667
0.08833333333333333 0.04249999999999997 0.048611111111111084 0.04527777777777774 0.7752777777777777
0.15416666666666667 0.1527777777777778 0.22083333333333333 0.16944444444444445 0.30277777777777776
0.12870370370370368 0.14814814814814817 0.21481481481481485 0.14166666666666675 0.36666666666666675
0.11944444444444441 0.13055555555555556 0.1296296296296296 0.3712962962962962 0.2490740740740741
0.12013888888888889 0.31875 0.19652777777777777 0.1527777777777778 0.21180555555555555
0.06262626262626259 0.16734006734006743 0.049494949494949474 0.1952861952861954 0.5252525252525255
0.1686507936507937 0.5031746031746032 0.069047619047619 0.07341269841269835 0.18571428571428572
0.2839506172839502 0.27037037037037 0.16913580246913557 0.13456790123456763 0.14197530864197508
0.21604938271604912 0.12222222222222198 0.14938271604938247 0.29753086419753044 0.2148148148148145
0.09743589743589738 0.2401709401709399 0.15555555555555542 0.24786324786324773 0.25897435897435866
0.09230769230769222 0.09230769230769222 0.08974358974358966 0.12051282051282045 0.6051282051282052
0.09487179487179481 0.1324786324786323 0.5658119658119659 0.11025641025641018 0.09658119658119653
0.2962962962962959 0.10687830687830681 0.2063492063492061 0.24867724867724839 0.14179894179894165
0.29537037037037034 0.3222222222222222 0.13611111111111113 0.1018518518518518 0.14444444444444446
0.10303030303030306 0.28282828282828315 0.10000000000000003 0.40202020202020194 0.1121212121212122
0.08020833333333334 0.1951388888888889 0.07743055555555556 0.16145833333333334 0.4857638888888889
0.1698412698412698 0.15555555555555545 0.3095238095238092 0.17301587301587296 0.19206349206349194
0.23333333333333325 0.09351851851851847 0.46481481481481485 0.09537037037037034 0.11296296296296301
0.11363636363636369 0.07272727272727282 0.6540404040404041 0.07424242424242435 0.0853535353535354
0.30972222222222223 0.22361111111111112 0.14583333333333334 0.15555555555555556 0.16527777777777777
0.2916666666666667 0.3138888888888889 0.12777777777777777 0.13194444444444445 0.13472222222222222
0.2308641975308639 0.29259259259259224 0.24938271604938234 0.11234567901234546 0.11481481481481458
0.5 0.125 0.125 0.125 0.125
0.07863247863247856 0.08803418803418799 0.07863247863247856 0.6641025641025643 0.09059829059829055
0.2677777777777778 0.22444444444444425 0.21444444444444424 0.16555555555555537 0.12777777777777763
0.09166666666666659 0.2314814814814815 0.10462962962962966 0.47314814814814815 0.09907407407407406
0.5933333333333342 0.09999999999999983 0.10333333333333318 0.09999999999999983 0.10333333333333317
0.15185185185185165 0.1493827160493825 0.14444444444444424 0.1543209876543207 0.3999999999999997
0.21333333333333312 0.10777777777777761 0.4577777777777774 0.1077777777777776 0.11333333333333316
0.2666666666666666 0.09523809523809522 0.4285714285714285 0.09603174603174598 0.11349206349206341
0.49382716049382713 0.11358024691358003 0.11851851851851831 0.1358024691358022 0.13827160493827137
0.10222222222222206 0.09999999999999983 0.5977777777777787 0.09999999999999983 0.09999999999999983
0.1277777777777776 0.15888888888888875 0.24666666666666653 0.22222222222222218 0.24444444444444444
0.12888888888888894 0.3533333333333333 0.13555555555555557 0.11333333333333338 0.2688888888888888
0.312962962962963 0.23425925925925933 0.22037037037037038 0.10648148148148151 0.12592592592592597
0.5000000000000001 0.1811111111111109 0.10666666666666648 0.10333333333333317 0.10888888888888872
0.28888888888888853 0.16068376068376053 0.07863247863247856 0.146153846153846 0.3256410256410253
0.1212121212121213 0.2191919191919193 0.1121212121212122 0.23333333333333345 0.31414141414141417
0.26419753086419717 0.25185185185185155 0.23456790123456756 0.1296296296296294 0.11975308641975285
0.21604938271604912 0.2654320987654317 0.13086419753086392 0.19382716049382695 0.1938271604938269
0.19753086419753063 0.24567901234567865 0.2765432098765428 0.11975308641975288 0.16049382716049362
0.08290598290598285 0.08034188034188028 0.07863247863247855 0.5931623931623936 0.16495726495726476
0.14603174603174593 0.14444444444444438 0.40952380952380907 0.1507936507936507 0.14920634920634912
0.12777777777777777 0.13055555555555556 0.12638888888888888 0.4888888888888889 0.12638888888888888
0.5098765432098766 0.11851851851851831 0.1259259259259257 0.1185185185185183 0.12716049382716027
0.13086419753086398 0.1296296296296294 0.13086419753086395 0.44691358024691347 0.16172839506172815
0.12222222222222204 0.10888888888888872 0.3122222222222223 0.18111111111111092 0.2755555555555556
0.07555555555555546 0.13111111111111118 0.30611111111111117 0.2122222222222222 0.2749999999999999
0.11234567901234546 0.12222222222222201 0.11481481481481458 0.11728395061728374 0.5333333333333339
0.14444444444444443 0.14027777777777778 0.15416666666666667 0.1527777777777778 0.4083333333333333
0.13666666666666652 0.15777777777777757 0.152222222222222 0.16111111111111096 0.39222222222222203
0.12962962962962943 0.12345679012345658 0.12222222222222201 0.3703703703703701 0.2543209876543206
0.3977777777777771 0.10888888888888872 0.10111111111111094 0.29111111111111143 0.10111111111111093
0.10462962962962963 0.10925925925925929 0.13518518518518516 0.14351851851851855 0.5074074074074076
0.1077777777777776 0.12444444444444422 0.12888888888888872 0.10999999999999982 0.5288888888888892
0.09401709401709393 0.10341880341880337 0.09999999999999994 0.12136752136752127 0.5811965811965815
0.0972222222222222 0.09722222222222217 0.12037037037037036 0.1722222222222222 0.512962962962963
0.2833333333333333 0.25833333333333336 0.1361111111111111 0.1388888888888889 0.18333333333333332
0.22549019607843102 0.09084967320261424 0.07712418300653581 0.15294117647058808 0.4535947712418299
0.13412698412698398 0.14603174603174593 0.10396825396825389 0.36666666666666664 0.24920634920634918
0.10079365079365075 0.42619047619047606 0.10317460317460314 0.16190476190476177 0.20793650793650795
0.0809523809523809 0.11349206349206342 0.17698412698412685 0.4690476190476188 0.1595238095238093
0.09333333333333332 0.28962962962962935 0.07703703703703706 0.2570370370370369 0.2829629629629627
0.13222222222222202 0.15999999999999984 0.16444444444444425 0.14555555555555533 0.39777777777777773
0.10333333333333317 0.142222222222222 0.10333333333333317 0.4777777777777777 0.17333333333333314
0.19444444444444434 0.055555555555555546 0.11688888888888885 0.06822222222222218 0.5648888888888889
0.46049382716049364 0.1543209876543207 0.159259259259259 0.11234567901234546 0.11358024691358003
0.18209876543209857 0.07469135802469123 0.09259259259259248 0.09629629629629621 0.5543209876543211
0.2725146198830409 0.11345029239766075 0.12690058479532157 0.21403508771929816 0.2730994152046784
0.24206349206349206 0.15714285714285703 0.16111111111111104 0.24920634920634932 0.19047619047619047
0.10370370370370367 0.1555555555555555 0.22148148148148142 0.2918518518518516 0.22740740740740734
0.3833333333333334 0.16825396825396824 0.3416666666666667 0.04920634920634919 0.057539682539682495
0.5200000000000001 0.12888888888888872 0.11888888888888874 0.11111111111111094 0.12111111111111093
0.3410256410256406 0.0837606837606837 0.08376068376068369 0.3102564102564098 0.18119658119658105
0.09814814814814805 0.5305555555555558 0.09999999999999996 0.14722222222222225 0.12407407407407413
0.05265700483091796 0.057971014492753714 0.6975845410628021 0.11256038647342993 0.07922705314009673
0.12777777777777777 0.125 0.49722222222222223 0.125 0.125
0.24957264957264913 0.08205128205128195 0.32222222222222185 0.111111111111111 0.2350427350427348
0.08119658119658112 0.558974358974359 0.09658119658119652 0.1777777777777776 0.08547008547008539
0.45416666666666666 0.13333333333333333 0.1375 0.1388888888888889 0.1361111111111111
0.0944444444444444 0.14074074074074072 0.10648148148148143 0.12962962962962962 0.5287037037037037
0.11444444444444425 0.20666666666666664 0.44444444444444414 0.11333333333333315 0.12111111111111096
0.13055555555555556 0.09999999999999998 0.5240740740740742 0.11111111111111113 0.13425925925925927
0.07142857142857138 0.6365079365079376 0.08095238095238089 0.09920634920634917 0.11190476190476184
0.05473251028806591 0.5592592592592592 0.09547325102880659 0.1580246913580247 0.13251028806584356
0.05 0.48686868686868673 0.1292929292929294 0.1797979797979798 0.15404040404040412
0.07539682539682532 0.36190476190476206 0.40793650793650776 0.07460317460317456 0.08015873015873011
0.14761904761904746 0.5174603174603175 0.13412698412698404 0.12380952380952376 0.07698412698412693
0.196296296296296 0.1888888888888886 0.3320987654320982 0.11851851851851827 0.16419753086419728
0.27291666666666664 0.3972222222222222 0.07430555555555556 0.09236111111111112 0.16319444444444445
0.5345679012345685 0.1296296296296294 0.11234567901234546 0.1111111111111109 0.11234567901234546
0.18765432098765406 0.27283950617283914 0.1333333333333331 0.27530864197530824 0.13086419753086395
0.11358024691358003 0.12469135802469113 0.19259259259259226 0.24814814814814773 0.32098765432098725
0.10888888888888872 0.1788888888888887 0.3899999999999998 0.1399999999999998 0.1822222222222221
0.09829059829059826 0.10854700854700844 0.10854700854700844 0.1358974358974358 0.548717948717949
0.06414141414141418 0.23535353535353537 0.06565656565656572 0.5545454545454545 0.08030303030303043
0.6539682539682549 0.11190476190476188 0.07857142857142853 0.07857142857142853 0.07698412698412695
0.0637426900584795 0.14444444444444432 0.45672514619883053 0.15438596491228065 0.18070175438596484
0.4731481481481481 0.10370370370370371 0.2453703703703704 0.086111111111111 0.09166666666666659
0.12469135802469115 0.3432098765432094 0.2592592592592589 0.13456790123456766 0.13827160493827137
0.10592592592592588 0.20148148148148132 0.1022222222222222 0.47851851851851845 0.11185185185185186
0.10079365079365073 0.11666666666666657 0.11111111111111101 0.527777777777778 0.14365079365079356
0.14761904761904754 0.19365079365079355 0.3365079365079361 0.14444444444444438 0.17777777777777773
0.11555555555555538 0.1377777777777776 0.10777777777777761 0.17222222222222203 0.46666666666666656
0.1375 0.13333333333333333 0.45 0.14583333333333334 0.13333333333333333
0.13535353535353553 0.5868686868686862 0.0929292929292929 0.09090909090909087 0.09393939393939392
0.5148148148148153 0.11604938271604914 0.11234567901234546 0.13950617283950592 0.11728395061728371
0.1619047619047618 0.1746031746031744 0.17460317460317457 0.3269841269841266 0.16190476190476183
0.10222222222222206 0.5088888888888888 0.11333333333333316 0.14888888888888877 0.12666666666666648
0.40123456790123396 0.1444444444444442 0.22098765432098721 0.11234567901234546 0.12098765432098744
0.08492063492063487 0.4285714285714282 0.1349206349206348 0.2611111111111111 0.09047619047619047
0.08740740740740739 0.11481481481481479 0.23333333333333314 0.1044444444444444 0.4599999999999999
0.625396825396826 0.09761904761904756 0.08650793650793649 0.08968253968253964 0.10079365079365075
0.49555555555555564 0.1255555555555554 0.13777777777777755 0.11999999999999979 0.12111111111111093
0.1111111111111109 0.11234567901234546 0.11604938271604917 0.5432098765432106 0.11728395061728374
0.23504273504273457 0.12649572649572638 0.33162393162393117 0.2008547008547005 0.10598290598290593
0.11919191919191936 0.41414141414141414 0.23030303030303048 0.11919191919191927 0.11717171717171726
0.11018518518518523 0.09166666666666659 0.20092592592592587 0.5027777777777777 0.09444444444444436
0.49583333333333335 0.12777777777777777 0.12638888888888888 0.125 0.125
0.15925925925925902 0.4604938271604938 0.1209876543209874 0.12716049382716024 0.13209876543209853
0.18395061728395035 0.18024691358024664 0.1259259259259257 0.2493827160493824 0.2604938271604935
0.554320987654322 0.1111111111111109 0.1111111111111109 0.11234567901234546 0.1111111111111109
0.09090909090909087 0.13131313131313138 0.13939393939393946 0.5212121212121217 0.11717171717171725
0.09595959595959597 0.09494949494949495 0.5363636363636366 0.09090909090909087 0.1818181818181819
0.31111111111111117 0.2666666666666669 0.16262626262626276 0.1121212121212122 0.14747474747474754
0.1282828282828284 0.2808080808080809 0.18181818181818193 0.19696969696969716 0.21212121212121227
0.15555555555555545 0.18095238095238086 0.2166666666666667 0.1603174603174602 0.28650793650793654
0.4111111111111111 0.15 0.1597222222222222 0.14444444444444443 0.13472222222222222
0.16049382716049354 0.1345679012345677 0.3444444444444442 0.12222222222222198 0.23827160493827132
0.10648148148148141 0.1814814814814813 0.5296296296296297 0.0925925925925925 0.08981481481481472
0.10888888888888874 0.22888888888888878 0.17444444444444432 0.2633333333333333 0.22444444444444447
0.24646464646464675 0.1272727272727274 0.2262626262626265 0.11717171717171723 0.282828282828283
0.11018518518518519 0.49629629629629635 0.09814814814814814 0.1722222222222222 0.12314814814814812
0.09090909090909087 0.09191919191919189 0.6242424242424233 0.09090909090909087 0.10202020202020205
0.08717948717948712 0.17350427350427328 0.5478632478632479 0.08632478632478624 0.10512820512820505
0.07368421052631577 0.07485380116959064 0.5918128654970758 0.1538011695906432 0.1058479532163742
0.4538461538461538 0.10256410256410248 0.24444444444444408 0.08290598290598283 0.11623931623931619
0.10404040404040411 0.10909090909090917 0.10404040404040406 0.28888888888888903 0.3939393939393939
0.08636363636363643 0.09595959595959606 0.07878787878787885 0.4131313131313133 0.32575757575757563
0.1244444444444444 0.09481481481481481 0.603703703703704 0.0725925925925926 0.10444444444444441
0.1984126984126983 0.19523809523809518 0.2031746031746031 0.20476190476190476 0.19841269841269835
0.17870370370370353 0.0944444444444444 0.5370370370370372 0.09629629629629625 0.09351851851851842
0.08968253968253964 0.08015873015873011 0.5865079365079368 0.15079365079365065 0.09285714285714278
0.4099999999999996 0.15888888888888875 0.14555555555555538 0.1388888888888887 0.14666666666666653
0.238095238095238 0.19523809523809518 0.2793650793650792 0.14444444444444432 0.14285714285714277
0.12444444444444444 0.08518518518518521 0.13111111111111107 0.5422222222222225 0.117037037037037
0.11212121212121219 0.15656565656565669 0.2363636363636366 0.10303030303030306 0.39191919191919194
0.11481481481481458 0.12716049382716027 0.11975308641975284 0.1358024691358022 0.5024691358024692
0.37936507936507924 0.08095238095238091 0.21746031746031735 0.12619047619047613 0.19603174603174603
0.3495726495726491 0.30170940170940136 0.11794871794871786 0.10769230769230756 0.12307692307692296
0.1148148148148146 0.14197530864197505 0.512345679012346 0.11234567901234546 0.1185185185185183
0.45294117647058824 0.12549019607843118 0.1039215686274508 0.08888888888888877 0.22875816993464027
0.29537037037037017 0.3277777777777775 0.11388888888888887 0.11481481481481483 0.1481481481481481
0.07301587301587298 0.07936507936507935 0.6912698412698421 0.07380952380952376 0.08253968253968247
0.19090909090909106 0.12727272727272737 0.15151515151515163 0.13030303030303048 0.4
0.1299145299145298 0.25897435897435866 0.3076923076923073 0.18205128205128185 0.12136752136752123
0.07142857142857138 0.07698412698412693 0.07142857142857138 0.6944444444444452 0.08571428571428565
0.1253968253968253 0.11111111111111101 0.1357142857142856 0.14126984126984113 0.4865079365079367
0.511965811965812 0.10598290598290593 0.11025641025641016 0.18119658119658094 0.09059829059829053
0.10303030303030306 0.1121212121212122 0.29292929292929304 0.38888888888888873 0.1030303030303031
0.3398692810457512 0.10326797385620898 0.10653594771241816 0.13398692810457496 0.3163398692810454
0.14285714285714277 0.14920634920634912 0.14285714285714277 0.422222222222222 0.14285714285714277
0.08290598290598285 0.10085470085470079 0.08547008547008539 0.6367521367521368 0.09401709401709392
0.22020202020202043 0.15454545454545465 0.11919191919191928 0.1343434343434345 0.3717171717171717
0.07354497354497345 0.0746031746031745 0.07671957671957662 0.6333333333333333 0.14179894179894162
0.5135802469135807 0.11358024691358004 0.1333333333333331 0.11975308641975285 0.11975308641975285
0.13194444444444445 0.13055555555555556 0.12777777777777777 0.4486111111111111 0.16111111111111112
0.49388888888888893 0.06611111111111102 0.11888888888888886 0.07444444444444434 0.2466666666666666
0.056725146198830394 0.6040935672514617 0.05964912280701754 0.21695906432748538 0.06257309941520463
0.14285714285714277 0.2904761904761903 0.14285714285714277 0.20317460317460312 0.22063492063492057
0.07222222222222213 0.47500000000000014 0.33833333333333354 0.05388888888888881 0.06055555555555547
0.12592592592592572 0.1518518518518516 0.3049382716049378 0.14074074074074047 0.2765432098765428
0.13950617283950592 0.14444444444444418 0.14938271604938247 0.17407407407407388 0.39259259259259244
0.5192592592592594 0.10222222222222221 0.12074074074074066 0.12444444444444441 0.1333333333333333
0.1059829059829059 0.6444444444444444 0.0897435897435897 0.07863247863247856 0.08119658119658113
0.2029239766081871 0.4576023391812863 0.03684210526315787 0.2187134502923977 0.08391812865497071
0.09999999999999983 0.10222222222222206 0.10111111111111093 0.5744444444444451 0.12222222222222204
0.06618357487922714 0.5888888888888892 0.1091787439613526 0.13043478260869568 0.10531400966183573
0.07777777777777775 0.08253968253968248 0.6690476190476198 0.08492063492063485 0.08571428571428566
0.11203703703703702 0.23888888888888893 0.16296296296296292 0.11666666666666664 0.36944444444444435
0.15396825396825384 0.1634920634920635 0.16666666666666657 0.2333333333333331 0.28253968253968226
0.05055555555555547 0.6050000000000004 0.04999999999999991 0.2427777777777777 0.05166666666666657
0.40123456790123396 0.1283950617283948 0.11604938271604914 0.23827160493827118 0.11604938271604917
0.10582010582010574 0.3764550264550264 0.2156084656084655 0.21058201058201045 0.09153439153439147
0.07185185185185182 0.583703703703704 0.0748148148148148 0.10074074074074076 0.16888888888888876
0.10666666666666651 0.29666666666666663 0.10999999999999982 0.11222222222222204 0.3744444444444444
0.08571428571428567 0.08730158730158724 0.0968253968253968 0.10873015873015864 0.6214285714285718
0.14320987654320966 0.14691358024691337 0.1407407407407405 0.14938271604938247 0.41975308641975284
0.09920634920634915 0.14444444444444438 0.11111111111111104 0.1444444444444443 0.500793650793651
0.09393939393939392 0.09595959595959593 0.40202020202020183 0.17272727272727287 0.23535353535353537
0.19074074074074052 0.3259259259259259 0.07716049382716038 0.2518518518518519 0.1543209876543208
0.14197530864197505 0.49506172839506174 0.13456790123456766 0.1111111111111109 0.11728395061728375
0.12716049382716027 0.16049382716049362 0.44691358024691324 0.12592592592592566 0.13950617283950592
0.14444444444444435 0.26984126984126966 0.16825396825396813 0.15555555555555545 0.26190476190476175
0.4209876543209874 0.16975308641975287 0.08765432098765422 0.14506172839506165 0.17654320987654296
0.13777777777777775 0.13185185185185183 0.49185185185185176 0.09703703703703703 0.14148148148148146
0.05833333333333324 0.46833333333333316 0.05666666666666658 0.3422222222222224 0.07444444444444434
0.12063492063492058 0.12698412698412692 0.07460317460317455 0.598412698412699 0.07936507936507929
0.5333333333333341 0.1320987654320985 0.11234567901234546 0.1111111111111109 0.1111111111111109
0.12638888888888888 0.1361111111111111 0.44166666666666665 0.12916666666666668 0.16666666666666666
0.1361111111111111 0.3125 0.1388888888888889 0.2611111111111111 0.15138888888888888
0.31333333333333296 0.29333333333333306 0.2237037037037035 0.08444444444444445 0.08518518518518522
0.08835978835978832 0.29894179894179856 0.15978835978835965 0.07195767195767186 0.3809523809523805
0.11666666666666661 0.41587301587301584 0.08888888888888888 0.2841269841269843 0.0944444444444444
0.08119658119658113 0.16153846153846135 0.09829059829059823 0.2760683760683758 0.38290598290598254
0.06491228070175437 0.09941520467836254 0.07485380116959062 0.3970760233918127 0.3637426900584794
0.09191919191919189 0.09595959595959597 0.6030303030303024 0.09090909090909087 0.11818181818181826
0.17878787878787894 0.33030303030303043 0.14040404040404048 0.13636363636363646 0.21414141414141427
0.24722222222222226 0.25370370370370365 0.09444444444444434 0.2805555555555555 0.1240740740740741
0.11999999999999982 0.11777777777777762 0.5355555555555558 0.11222222222222204 0.1144444444444443
0.11812865497076014 0.556140350877193 0.06081871345029237 0.0631578947368421 0.20175438596491224
0.1351851851851852 0.15370370370370376 0.14537037037037043 0.24351851851851858 0.32222222222222213
0.48518518518518483 0.11728395061728374 0.12839506172839482 0.11234567901234546 0.15679012345678986
0.06666666666666665 0.5355555555555556 0.06666666666666665 0.24074074074074067 0.0903703703703704
0.08086419753086407 0.1166666666666665 0.15864197530864177 0.15617283950617272 0.48765432098765427
0.18095238095238095 0.32222222222222185 0.20634920634920628 0.14285714285714277 0.14761904761904754
0.09097222222222222 0.10208333333333333 0.11041666666666666 0.16597222222222222 0.5305555555555556
0.11178451178451185 0.5333333333333334 0.04478114478114475 0.11414141414141415 0.1959595959595961
0.06311111111111116 0.11911111111111104 0.3746666666666666 0.17644444444444438 0.26666666666666655
0.08803418803418801 0.6803418803418807 0.07692307692307684 0.07777777777777771 0.07692307692307684
0.30625 0.38958333333333334 0.04479166666666667 0.11736111111111111 0.14201388888888888
0.1209876543209874 0.16049382716049354 0.12098765432098742 0.12839506172839485 0.4691358024691355
0.14920634920634912 0.16031746031746022 0.15238095238095223 0.20634920634920628 0.33174603174603134
0.4064814814814816 0.12222222222222226 0.11111111111111109 0.11018518518518522 0.25000000000000006
0.04755555555555559 0.38799999999999985 0.05155555555555559 0.3711111111111111 0.14177777777777772
0.26666666666666666 0.225 0.22777777777777777 0.10555555555555556 0.175
0.12936507936507935 0.6119047619047618 0.04960317460317459 0.1369047619047619 0.07222222222222215
0.14285714285714277 0.1492063492063491 0.14444444444444438 0.14444444444444435 0.4190476190476187
0.05617283950617273 0.5117283950617285 0.30061728395061726 0.06049382716049372 0.07098765432098753
0.14285714285714277 0.4285714285714284 0.14285714285714277 0.14285714285714277 0.14285714285714277
0.16666666666666666 0.17916666666666667 0.17222222222222222 0.175 0.30694444444444446
0.09999999999999994 0.10925925925925929 0.1527777777777778 0.1564814814814815 0.48148148148148157
0.12222222222222201 0.13209876543209853 0.5000000000000002 0.11975308641975285 0.12592592592592566
0.12777777777777777 0.25833333333333336 0.32083333333333336 0.14166666666666666 0.15138888888888888
0.08632478632478627 0.6615384615384617 0.0871794871794871 0.08119658119658113 0.08376068376068369
0.3512820512820508 0.3324786324786321 0.08888888888888882 0.11623931623931615 0.11111111111111104
0.07777777777777775 0.16666666666666657 0.28666666666666635 0.2629629629629627 0.20592592592592587
0.13086419753086395 0.16049382716049354 0.11604938271604914 0.46913580246913605 0.12345679012345658
0.18562091503267944 0.3849673202614374 0.2130718954248362 0.07712418300653578 0.13921568627450961
0.10999999999999985 0.12111111111111093 0.1155555555555554 0.15333333333333315 0.5
0.09629629629629617 0.49259259259259247 0.28271604938271605 0.058641975308641854 0.06975308641975296
0.05614035087719297 0.4596491228070176 0.05847953216374267 0.35555555555555546 0.0701754385964912
0.1873015873015871 0.09126984126984124 0.08809523809523809 0.5515873015873015 0.08174603174603169
0.21666666666666667 0.5666666666666667 0.07777777777777778 0.06805555555555555 0.07083333333333333
0.10434782608695657 0.39806763285024166 0.09082125603864741 0.06328502415458946 0.3434782608695653
0.12727272727272737 0.13636363636363646 0.13434343434343446 0.15252525252525267 0.4494949494949496
0.24040404040404073 0.14949494949494957 0.4080808080808081 0.10101010101010104 0.10101010101010104
0.07692307692307684 0.49230769230769206 0.0965811965811966 0.18632478632478602 0.14786324786324767
0.1121212121212122 0.43838383838383804 0.10202020202020205 0.17171717171717185 0.17575757575757597
0.16851851851851826 0.16666666666666646 0.33148148148148104 0.16666666666666646 0.16666666666666646
0.11358024691358003 0.11604938271604917 0.482716049382716 0.16172839506172812 0.12592592592592572
0.07301587301587296 0.5865079365079368 0.07222222222222219 0.16825396825396802 0.1
0.21481481481481485 0.24537037037037043 0.1638888888888889 0.24537037037037024 0.13055555555555554
0.07708333333333334 0.10277777777777777 0.65 0.08055555555555556 0.08958333333333333
0.19346405228758146 0.46013071895424823 0.07450980392156847 0.15359477124182982 0.11830065359477102
0.1518518518518516 0.21851851851851822 0.14691358024691328 0.15432098765432073 0.3283950617283946
0.3902777777777778 0.08263888888888889 0.17708333333333334 0.14305555555555555 0.20694444444444443
0.16414141414141417 0.4883838383838382 0.22474747474747453 0.07575757575757577 0.04696969696969696
0.05227272727272732 0.11161616161616167 0.04595959595959601 0.22222222222222215 0.5679292929292931
0.46740740740740744 0.08962962962962963 0.1748148148148148 0.10296296296296295 0.1651851851851851
0.11777777777777768 0.1342222222222222 0.5506666666666666 0.0755555555555556 0.12177777777777771
0.3569444444444445 0.07083333333333337 0.3453703703703703 0.12499999999999992 0.10185185185185185
0.20444444444444432 0.24166666666666667 0.21277777777777793 0.1055555555555555 0.23555555555555555
0.13950617283950592 0.1333333333333331 0.19259259259259237 0.31111111111111067 0.2234567901234566
0.10101010101010106 0.11010101010101023 0.101010101010101 0.17676767676767696 0.5111111111111108
0.11111111111111097 0.1522875816993462 0.48039215686274517 0.0967320261437907 0.15947712418300636
0.14166666666666666 0.14305555555555555 0.35555555555555557 0.20972222222222223 0.15
0.13472222222222222 0.14583333333333334 0.14583333333333334 0.22777777777777777 0.3458333333333333
0.08888888888888886 0.18571428571428555 0.11904761904761896 0.3134920634920633 0.292857142857143
0.4285714285714284 0.14285714285714277 0.14285714285714277 0.14285714285714277 0.14285714285714277
0.06944444444444445 0.6527777777777778 0.07430555555555556 0.08194444444444444 0.12152777777777778
0.08362573099415199 0.06900584795321633 0.06198830409356722 0.6561403508771928 0.12923976608187124
0.5592592592592592 0.12870370370370368 0.10277777777777772 0.10185185185185186 0.10740740740740744
0.49722222222222223 0.125 0.125 0.12638888888888888 0.12638888888888888
0.11414141414141417 0.10202020202020205 0.5373737373737375 0.10707070707070714 0.13939393939393951
0.422222222222222 0.14444444444444435 0.14444444444444435 0.14444444444444438 0.14444444444444438
0.06900584795321636 0.4040935672514617 0.056725146198830394 0.3403508771929824 0.12982456140350862
0.11604938271604914 0.15432098765432076 0.38518518518518474 0.11604938271604914 0.2283950617283947
0.13086419753086398 0.14197530864197505 0.3777777777777773 0.14691358024691334 0.20246913580246886
0.12333333333333316 0.1333333333333331 0.152222222222222 0.4133333333333334 0.17777777777777765
0.1111111111111109 0.11358024691358003 0.1111111111111109 0.5172839506172844 0.1469135802469133
0.16666666666666657 0.16349206349206336 0.33809523809523767 0.16507936507936496 0.16666666666666666
0.16419753086419722 0.3123456790123453 0.11851851851851831 0.2518518518518515 0.15308641975308612
0.1577777777777779 0.6216666666666665 0.07722222222222211 0.05333333333333324 0.08999999999999994
0.061437908496731905 0.47124183006535864 0.17320261437908469 0.21633986928104537 0.07777777777777763
0.38333333333333336 0.1361111111111111 0.13055555555555556 0.21944444444444444 0.13055555555555556
0.49722222222222223 0.125 0.12638888888888888 0.125 0.12638888888888888
0.10092592592592589 0.4083333333333335 0.2777777777777777 0.11296296296296293 0.09999999999999998
0.05505050505050511 0.4176767676767675 0.319191919191919 0.1464646464646465 0.06161616161616167
0.1604938271604936 0.20123456790123434 0.18148148148148127 0.19259259259259234 0.26419753086419717
0.39523809523809483 0.15238095238095228 0.1507936507936507 0.1476190476190475 0.1539682539682539
0.15432098765432073 0.4111111111111107 0.13950617283950592 0.16666666666666644 0.12839506172839485
0.12345679012345658 0.28024691358024656 0.12716049382716024 0.3419753086419748 0.12716049382716027
0.49722222222222223 0.12638888888888888 0.12638888888888888 0.125 0.125
0.1555555555555554 0.16984126984126982 0.3333333333333329 0.16984126984126977 0.1714285714285713
0.19222222222222207 0.1366666666666665 0.3922222222222222 0.12999999999999984 0.14888888888888868
0.13209876543209853 0.2814814814814811 0.1259259259259257 0.3308641975308637 0.12962962962962937
0.07619047619047613 0.5063492063492061 0.08201058201058195 0.10052910052910043 0.23492063492063472
0.06666666666666653 0.14836601307189518 0.6405228758169935 0.06862745098039202 0.07581699346405216
0.6518518518518512 0.08796296296296287 0.086111111111111 0.08518518518518509 0.08888888888888877
0.10808080808080814 0.11212121212121216 0.11414141414141421 0.5171717171717171 0.1484848484848486
0.1476190476190475 0.14761904761904754 0.4095238095238092 0.14603174603174596 0.14920634920634915
0.10256410256410248 0.07948717948717943 0.660683760683761 0.07863247863247855 0.07863247863247855
0.5518518518518528 0.11234567901234546 0.11234567901234546 0.11234567901234546 0.1111111111111109
0.11358024691358003 0.1148148148148146 0.5419753086419761 0.11234567901234546 0.11728395061728374
0.47638888888888886 0.12777777777777777 0.13194444444444445 0.13194444444444445 0.13194444444444445
0.15138888888888888 0.175 0.1597222222222222 0.16666666666666666 0.3472222222222222
0.11515151515151521 0.12929292929292946 0.1707070707070708 0.12626262626262638 0.4585858585858586
0.1288888888888887 0.12999999999999987 0.13555555555555537 0.15666666666666643 0.44888888888888895
0.12098765432098744 0.13827160493827134 0.13580246913580227 0.12962962962962937 0.47530864197530864
0.15444444444444427 0.15333333333333315 0.15999999999999978 0.17444444444444424 0.35777777777777775
0.1597222222222222 0.17222222222222222 0.15555555555555556 0.19027777777777777 0.32222222222222224
0.3974358974358972 0.2760683760683757 0.11623931623931615 0.11623931623931615 0.09401709401709396
0.054999999999999924 0.11055555555555549 0.055555555555555455 0.11722222222222214 0.6616666666666671
0.06805555555555555 0.1388888888888889 0.07916666666666666 0.07361111111111111 0.6402777777777777
0.27350427350427303 0.08632478632478621 0.2999999999999996 0.15555555555555536 0.18461538461538443
0.21787439613526582 0.20241545893719817 0.067632850241546 0.24830917874396136 0.2637681159420288
0.4708333333333333 0.1486111111111111 0.12638888888888888 0.125 0.12916666666666668
0.1523809523809523 0.1984126984126983 0.3269841269841266 0.14603174603174593 0.17619047619047612
0.15138888888888888 0.12638888888888888 0.1375 0.1875 0.3972222222222222
