0.03393393393393395 0.03663663663663666 0.03753753753753756 0.04534534534534538 0.03933933933933937 0.04024024024024027 0.040240240240240255 0.04174174174174178 0.03873873873873879 0.03723723723723724 0.03963963963963966 0.03963963963963967 0.039639639639639686 0.04204204204204206 0.04294294294294297 0.04294294294294298 0.03933933933933937 0.03933933933933937 0.03963963963963967 0.03543543543543547 0.03873873873873878 0.04474474474474478 0.038438438438438464 0.04204204204204208 0.044444444444444474
0.03532763532763527 0.04558404558404554 0.034472934472934424 0.03988603988603983 0.04330484330484325 0.035897435897435846 0.04615384615384611 0.038746438746438704 0.03874643874643871 0.04102564102564098 0.04245014245014239 0.036467236467236416 0.041595441595441554 0.04273504273504268 0.03675213675213672 0.03988603988603983 0.04216524216524212 0.04131054131054125 0.03931623931623926 0.03532763532763529 0.03760683760683755 0.04188034188034184 0.04074074074074068 0.04273504273504269 0.03988603988603983
0.04805555555555556 0.04027777777777774 0.031666666666666635 0.043333333333333286 0.04666666666666663 0.03777777777777773 0.03999999999999995 0.04361111111111108 0.03749999999999995 0.03944444444444441 0.03999999999999996 0.03999999999999994 0.038611111111111054 0.04527777777777774 0.03999999999999996 0.04138888888888884 0.04138888888888884 0.03861111111111106 0.035833333333333287 0.03388888888888885 0.03888888888888883 0.03555555555555552 0.04222222222222219 0.03999999999999996 0.03999999999999995
0.03734567901234562 0.041975308641975254 0.039814814814814754 0.03888888888888883 0.03734567901234563 0.03919753086419747 0.04012345679012339 0.043827160493827094 0.04351851851851845 0.041049382716049326 0.03919753086419748 0.03858024691358019 0.04475308641975303 0.03549382716049377 0.039814814814814754 0.04104938271604931 0.04135802469135795 0.04135802469135797 0.03950617283950611 0.035185185185185125 0.03611111111111105 0.042283950617283884 0.04660493827160488 0.040123456790123406 0.03549382716049376
0.035555555555555535 0.04148148148148149 0.04444444444444447 0.040370370370370376 0.03518518518518517 0.03925925925925925 0.042962962962962946 0.03777777777777778 0.039999999999999994 0.039999999999999994 0.04074074074074074 0.04074074074074072 0.03740740740740741 0.038148148148148146 0.039629629629629605 0.03851851851851851 0.04074074074074074 0.03851851851851851 0.04185185185185185 0.040740740740740744 0.041851851851851835 0.041481481481481466 0.04370370370370371 0.038888888888888876 0.039999999999999994
0.03496732026143784 0.046405228758169846 0.03464052287581694 0.04019607843137249 0.03986928104575157 0.03954248366013064 0.04150326797385613 0.039542483660130655 0.041176470588235224 0.045424836601307125 0.04183006535947705 0.03790849673202607 0.045098039215686204 0.040522875816993396 0.042810457516339814 0.04150326797385614 0.04183006535947705 0.040196078431372476 0.037581699346405165 0.03431372549019601 0.038562091503267906 0.03954248366013065 0.03986928104575157 0.03692810457516333 0.038235294117646985
0.03765432098765427 0.04043209876543204 0.03240740740740734 0.03549382716049376 0.04074074074074067 0.04104938271604931 0.041358024691357964 0.042283950617283884 0.04104938271604932 0.04320987654320982 0.04197530864197525 0.042283950617283884 0.03827160493827154 0.040123456790123406 0.039197530864197465 0.040123456790123406 0.04104938271604933 0.04228395061728389 0.03888888888888883 0.03611111111111105 0.03858024691358019 0.0422839506172839 0.0422839506172839 0.03858024691358018 0.04228395061728389
0.03550135501355016 0.03848238482384826 0.033333333333333354 0.03766937669376696 0.036314363143631456 0.036043360433604364 0.03658536585365856 0.03523035230352306 0.03739837398373986 0.04200542005420057 0.039295392953929566 0.040921409214092166 0.04254742547425477 0.03712737127371276 0.03658536585365856 0.04065040650406507 0.04200542005420057 0.03685636856368566 0.03902439024390247 0.10216802168021683 0.03523035230352305 0.03143631436314365 0.035772357723577265 0.036314363143631456 0.03550135501355016
0.03819444444444445 0.04131944444444444 0.040625 0.040625 0.03923611111111111 0.03888888888888889 0.03888888888888889 0.03854166666666667 0.04097222222222222 0.03993055555555555 0.044444444444444446 0.04131944444444444 0.03923611111111111 0.0375 0.04027777777777778 0.03854166666666667 0.040625 0.04375 0.0375 0.03715277777777778 0.03923611111111111 0.04027777777777778 0.044097222222222225 0.03819444444444445 0.040625
0.03835125448028671 0.04014336917562721 0.03620071684587811 0.03906810035842291 0.03978494623655911 0.04444444444444441 0.04014336917562721 0.03870967741935481 0.04408602150537631 0.03978494623655911 0.04014336917562721 0.04014336917562721 0.04121863799283151 0.04301075268817201 0.037992831541218616 0.03906810035842291 0.04408602150537631 0.03942652329749101 0.038351254480286714 0.037275985663082406 0.039426523297491016 0.03835125448028671 0.04193548387096771 0.04050179211469531 0.03835125448028671
0.03240740740740741 0.04305555555555556 0.034259259259259274 0.039814814814814845 0.034490740740740766 0.03680555555555558 0.03981481481481485 0.04305555555555558 0.037268518518518534 0.04166666666666668 0.04050925925925927 0.04421296296296299 0.03865740740740743 0.04328703703703704 0.035648148148148144 0.04930555555555557 0.044675925925925945 0.04050925925925928 0.040046296296296316 0.040509259259259287 0.0412037037037037 0.04166666666666667 0.03703703703703705 0.03912037037037039 0.04097222222222223
0.03561253561253556 0.04074074074074069 0.03304843304843301 0.044444444444444384 0.03646723646723642 0.03960113960113954 0.04017094017094011 0.03931623931623927 0.04131054131054127 0.03817663817663813 0.041025641025640984 0.039031339031338985 0.045014245014244975 0.043304843304843244 0.04102564102564099 0.04131054131054125 0.03960113960113954 0.04074074074074069 0.036752136752136705 0.03732193732193726 0.04216524216524212 0.045299145299145256 0.0421652421652421 0.036182336182336135 0.04017094017094012
0.03854166666666667 0.041666666666666664 0.035416666666666666 0.040625 0.04097222222222222 0.03993055555555555 0.042708333333333334 0.04236111111111111 0.03923611111111111 0.03854166666666667 0.04236111111111111 0.03784722222222222 0.04201388888888889 0.04201388888888889 0.04131944444444444 0.04618055555555556 0.04375 0.03611111111111111 0.04131944444444444 0.0375 0.03854166666666667 0.03958333333333333 0.03715277777777778 0.03715277777777778 0.03715277777777778
0.03655913978494621 0.03835125448028671 0.03333333333333331 0.037275985663082406 0.03906810035842291 0.04229390681003581 0.04050179211469531 0.037275985663082406 0.03942652329749101 0.03763440860215051 0.04157706093189961 0.04587813620071682 0.03906810035842291 0.04086021505376341 0.04050179211469531 0.04014336917562721 0.037275985663082406 0.04336917562724012 0.04480286738351252 0.03978494623655911 0.04157706093189961 0.03978494623655911 0.04086021505376341 0.04086021505376341 0.04193548387096772
0.03678160919540225 0.04176245210727965 0.045977011494252824 0.03716475095785435 0.03754789272030647 0.04022988505747123 0.0398467432950191 0.04061302681992333 0.03946360153256701 0.039463601532567026 0.04022988505747123 0.04022988505747121 0.03984674329501912 0.039080459770114914 0.040613026819923334 0.03984674329501913 0.041379310344827544 0.042145593869731754 0.04137931034482756 0.03678160919540225 0.0398467432950191 0.037931034482758585 0.04252873563218388 0.04022988505747122 0.03908045977011491
0.07142857142857142 0.036111111111111094 0.03571428571428569 0.03650793650793648 0.060714285714285623 0.03769841269841268 0.03571428571428569 0.04484126984126982 0.042460317460317455 0.037698412698412676 0.036904761904761885 0.03730158730158728 0.03730158730158727 0.036111111111111094 0.037698412698412676 0.03650793650793649 0.03730158730158727 0.03690476190476188 0.039285714285714264 0.03650793650793649 0.03888888888888886 0.036507936507936475 0.03611111111111108 0.03809523809523807 0.03968253968253965
0.04148148148148149 0.037407407407407396 0.045555555555555564 0.039259259259259244 0.04074074074074075 0.04407407407407408 0.041111111111111126 0.04074074074074074 0.04148148148148148 0.039259259259259244 0.03962962962962962 0.03962962962962962 0.04074074074074073 0.040740740740740716 0.03999999999999997 0.04074074074074072 0.03851851851851851 0.03444444444444443 0.04185185185185184 0.03740740740740739 0.03703703703703701 0.03999999999999997 0.03740740740740741 0.04148148148148148 0.03925925925925926
0.04674329501915707 0.03793103448275857 0.036398467432950145 0.04061302681992333 0.043295019157088055 0.03984674329501912 0.0398467432950191 0.04099616858237547 0.04137931034482755 0.04061302681992333 0.03754789272030647 0.04022988505747124 0.04061302681992333 0.038697318007662795 0.039463601532567 0.04061302681992333 0.03793103448275858 0.038697318007662795 0.04061302681992334 0.03639846743295015 0.039463601532567005 0.04214559386973174 0.03908045977011491 0.04099616858237542 0.03984674329501912
0.03888888888888888 0.03925925925925925 0.035925925925925924 0.039259259259259265 0.037777777777777764 0.039999999999999994 0.0422222222222222 0.03962962962962962 0.03814814814814814 0.03777777777777776 0.04185185185185186 0.04444444444444443 0.04259259259259259 0.03925925925925923 0.039629629629629626 0.041111111111111105 0.03962962962962962 0.04037037037037036 0.04111111111111109 0.03703703703703702 0.04037037037037035 0.04000000000000002 0.042222222222222223 0.04111111111111111 0.04037037037037035
0.0593869731800766 0.03678160919540225 0.03486590038314172 0.038314176245210683 0.0524904214559386 0.03908045977011491 0.03793103448275858 0.043678160919540215 0.03984674329501913 0.037931034482758565 0.03754789272030647 0.03946360153256702 0.04137931034482755 0.03639846743295016 0.039080459770114886 0.03984674329501911 0.03793103448275857 0.038697318007662795 0.0390804597701149 0.035632183908045935 0.0390804597701149 0.040229885057471194 0.0386973180076628 0.038314176245210683 0.038314176245210683
0.035069444444444445 0.03576388888888889 0.035416666666666666 0.03576388888888889 0.034722222222222224 0.03854166666666667 0.035416666666666666 0.03611111111111111 0.03888888888888889 0.04097222222222222 0.03854166666666667 0.03888888888888889 0.036458333333333336 0.03715277777777778 0.03680555555555556 0.034722222222222224 0.035416666666666666 0.03923611111111111 0.036458333333333336 0.11180555555555556 0.03784722222222222 0.03923611111111111 0.03715277777777778 0.036458333333333336 0.03715277777777778
0.03410852713178298 0.03746770025839796 0.0294573643410853 0.04857881136950908 0.04005167958656333 0.04470284237726102 0.03953488372093028 0.042635658914728716 0.03927648578811373 0.03798449612403105 0.039534883720930274 0.044702842377261014 0.04160206718346257 0.039276485788113734 0.043410852713178336 0.03410852713178298 0.039793281653746806 0.043152454780361796 0.0410852713178295 0.032299741602067215 0.04832041343669255 0.04547803617571063 0.03875968992248066 0.036692506459948364 0.03798449612403105
0.03819444444444445 0.04201388888888889 0.03854166666666667 0.03611111111111111 0.0375 0.040625 0.03958333333333333 0.03784722222222222 0.0375 0.04201388888888889 0.04201388888888889 0.04236111111111111 0.04236111111111111 0.041666666666666664 0.03854166666666667 0.043055555555555555 0.03819444444444445 0.04097222222222222 0.03819444444444445 0.03993055555555555 0.03888888888888889 0.03993055555555555 0.03958333333333333 0.044097222222222225 0.04027777777777778
0.03439153439153434 0.03571428571428568 0.06005291005291 0.03862433862433857 0.03201058201058197 0.03439153439153436 0.04021164021164017 0.03597883597883592 0.03968253968253964 0.03835978835978832 0.03730158730158726 0.03412698412698409 0.03888888888888885 0.03306878306878304 0.040740740740740716 0.03386243386243383 0.037566137566137525 0.0378306878306878 0.03994708994708992 0.09603174603174588 0.036507936507936455 0.03809523809523805 0.03730158730158726 0.03412698412698408 0.03518518518518515
0.0390804597701149 0.04176245210727966 0.03563218390804594 0.041379310344827544 0.037164750957854376 0.04252873563218388 0.04099616858237544 0.04176245210727965 0.038314176245210683 0.04099616858237544 0.03869731800766278 0.038697318007662775 0.039463601532567005 0.0383141762452107 0.042911877394635985 0.044061302681992286 0.042911877394635985 0.03869731800766279 0.038697318007662775 0.03716475095785438 0.03869731800766279 0.03984674329501911 0.03946360153256702 0.040996168582375425 0.04176245210727966
0.03804713804713802 0.04309764309764307 0.03501683501683499 0.040740740740740716 0.03905723905723903 0.03703703703703701 0.0397306397306397 0.039057239057239033 0.03838383838383836 0.042760942760942736 0.04107744107744105 0.04208754208754206 0.041750841750841726 0.04242424242424239 0.036026936026936 0.04141414141414138 0.040067340067340036 0.036363636363636334 0.04410774410774408 0.036363636363636334 0.03973063973063971 0.0424242424242424 0.0397306397306397 0.04141414141414138 0.04208754208754206
0.033048433048433 0.037606837606837556 0.045299145299145256 0.03675213675213671 0.03817663817663815 0.049002849002848944 0.040455840455840414 0.04159544159544155 0.03903133903133898 0.03931623931623925 0.03646723646723641 0.0387464387464387 0.04501424501424498 0.041595441595441554 0.03988603988603984 0.04273504273504269 0.03646723646723642 0.03874643874643869 0.03931623931623927 0.031908831908831856 0.04273504273504269 0.04415954415954412 0.04017094017094012 0.039601139601139555 0.04216524216524211
0.033650793650793584 0.04063492063492057 0.03555555555555549 0.041904761904761834 0.040952380952380886 0.039999999999999945 0.037777777777777716 0.03555555555555549 0.036190476190476134 0.04190476190476183 0.04190476190476184 0.0412698412698412 0.04158730158730151 0.04253968253968246 0.04126984126984122 0.03904761904761898 0.03777777777777772 0.03714285714285707 0.043174603174603116 0.045396825396825345 0.04412698412698408 0.042539682539682475 0.0393650793650793 0.040317460317460266 0.03841269841269835
0.03725490196078423 0.03823529411764699 0.033660130718954184 0.03758169934640516 0.04117647058823523 0.03986928104575156 0.041503267973856145 0.04509803921568619 0.04346405228758162 0.03986928104575157 0.04215686274509797 0.041176470588235224 0.03954248366013066 0.04183006535947705 0.04150326797385613 0.04673202614379078 0.04019607843137248 0.044444444444444384 0.036601307189542416 0.03692810457516332 0.038562091503267906 0.037254901960784244 0.039215686274509734 0.03758169934640516 0.038562091503267906
0.03703703703703702 0.04296296296296298 0.03962962962962962 0.040370370370370376 0.03740740740740739 0.03999999999999999 0.04037037037037036 0.041481481481481466 0.039629629629629626 0.038518518518518514 0.03962962962962961 0.042962962962962946 0.04148148148148146 0.04111111111111111 0.037777777777777785 0.044814814814814814 0.041851851851851835 0.039629629629629605 0.03851851851851852 0.03666666666666665 0.041111111111111105 0.039259259259259265 0.03666666666666667 0.04148148148148146 0.03962962962962961
0.05172413793103447 0.03639846743295015 0.038314176245210683 0.041762452107279656 0.04789272030651333 0.04176245210727966 0.03716475095785436 0.040613026819923355 0.03946360153256702 0.03908045977011488 0.03869731800766279 0.03869731800766278 0.041379310344827565 0.03946360153256701 0.03946360153256702 0.03869731800766281 0.038314176245210683 0.037164750957854355 0.040996168582375446 0.03754789272030645 0.039080459770114886 0.04022988505747122 0.03754789272030647 0.040613026819923306 0.03793103448275858
0.04214559386973177 0.03793103448275857 0.03601532567049804 0.039463601532567005 0.037931034482758565 0.042528735632183866 0.03831417624521068 0.041762452107279656 0.03869731800766279 0.03831417624521067 0.04099616858237545 0.04176245210727966 0.042145593869731775 0.03869731800766279 0.038697318007662795 0.04061302681992334 0.03716475095785436 0.038314176245210683 0.040613026819923334 0.03639846743295015 0.04099616858237543 0.043678160919540174 0.040613026819923334 0.04406130268199229 0.04214559386973176
0.04333333333333333 0.041851851851851814 0.035555555555555535 0.04259259259259258 0.037777777777777764 0.039629629629629626 0.041111111111111105 0.04148148148148149 0.04111111111111111 0.04185185185185185 0.04222222222222221 0.04074074074074073 0.04037037037037037 0.039629629629629605 0.04074074074074073 0.04074074074074074 0.03777777777777777 0.038148148148148146 0.04111111111111111 0.03592592592592593 0.038888888888888896 0.042962962962962946 0.03814814814814814 0.03888888888888888 0.037407407407407375
0.03716475095785436 0.04137931034482755 0.03524904214559383 0.037931034482758585 0.03946360153256702 0.040229885057471215 0.04099616858237543 0.03984674329501911 0.04061302681992333 0.040613026819923334 0.04252873563218389 0.04559386973180071 0.041379310344827544 0.038314176245210683 0.03869731800766278 0.040229885057471236 0.03984674329501913 0.04214559386973176 0.03793103448275857 0.03793103448275859 0.042528735632183866 0.038314176245210683 0.04022988505747122 0.038314176245210683 0.042528735632183866
0.06206896551724136 0.03793103448275858 0.03448275862068961 0.037931034482758565 0.04942528735632175 0.04061302681992332 0.03754789272030649 0.04521072796934865 0.040229885057471236 0.038697318007662795 0.03678160919540226 0.039463601532567026 0.04061302681992334 0.036781609195402264 0.039463601532567 0.03716475095785436 0.03601532567049805 0.037547892720306474 0.04061302681992333 0.03754789272030648 0.03793103448275856 0.039846743295019096 0.038314176245210683 0.037547892720306474 0.04022988505747122
0.03906810035842291 0.04050179211469531 0.04480286738351252 0.03942652329749101 0.037275985663082406 0.03942652329749101 0.04086021505376341 0.04050179211469532 0.04157706093189961 0.03978494623655911 0.03655913978494621 0.042293906810035815 0.04193548387096772 0.03835125448028671 0.03978494623655911 0.04086021505376341 0.037275985663082406 0.03942652329749101 0.03942652329749101 0.03763440860215051 0.04121863799283151 0.03942652329749101 0.04265232974910391 0.04086021505376341 0.03906810035842291
0.03691756272401431 0.03906810035842291 0.03620071684587811 0.04193548387096772 0.03835125448028671 0.04121863799283151 0.03799283154121861 0.042293906810035815 0.03978494623655911 0.03978494623655911 0.03906810035842291 0.03942652329749101 0.03942652329749101 0.04480286738351252 0.042293906810035815 0.038351254480286714 0.039784946236559114 0.03942652329749101 0.04193548387096771 0.03978494623655911 0.042652329749103914 0.039784946236559114 0.04121863799283151 0.03691756272401431 0.04157706093189961
0.03611111111111111 0.03993055555555555 0.044444444444444446 0.03680555555555556 0.04131944444444444 0.04027777777777778 0.03854166666666667 0.04131944444444444 0.03888888888888889 0.03854166666666667 0.04027777777777778 0.041666666666666664 0.03784722222222222 0.04131944444444444 0.042708333333333334 0.03854166666666667 0.03784722222222222 0.04097222222222222 0.03854166666666667 0.03958333333333333 0.040625 0.03958333333333333 0.04375 0.04236111111111111 0.03819444444444445
0.037037037037037 0.04365079365079359 0.031481481481481444 0.04153439153439149 0.038359788359788316 0.04153439153439149 0.04603174603174599 0.03862433862433859 0.039947089947089925 0.04550264550264546 0.042063492063492025 0.03941798941798938 0.04603174603174599 0.03941798941798937 0.04338624338624335 0.03862433862433859 0.04417989417989413 0.04047619047619043 0.04232804232804229 0.02989417989417985 0.03888888888888885 0.04021164021164017 0.03518518518518513 0.03968253968253965 0.03650793650793647
0.04156378600823049 0.039917695473251066 0.040740740740740786 0.039094650205761354 0.03950617283950621 0.039917695473251094 0.04032921810699594 0.03950617283950622 0.03950617283950622 0.040329218106995926 0.040740740740740786 0.041975308641975344 0.04032921810699592 0.03950617283950622 0.039094650205761354 0.0386831275720165 0.04115226337448565 0.03786008230452678 0.04074074074074077 0.039506172839506214 0.039506172839506214 0.03950617283950622 0.04032921810699593 0.04032921810699593 0.04032921810699593
0.033650793650793584 0.04349206349206343 0.030793650793650727 0.04063492063492057 0.038095238095238036 0.04158730158730151 0.04285714285714279 0.04063492063492055 0.03999999999999993 0.04063492063492057 0.044761904761904704 0.04222222222222217 0.03809523809523803 0.03809523809523805 0.04253968253968248 0.04253968253968247 0.046031746031745965 0.03873015873015867 0.040634920634920565 0.03555555555555549 0.03999999999999994 0.03650793650793645 0.03682539682539676 0.04063492063492058 0.044444444444444384
0.04545454545454542 0.03367003367003364 0.036363636363636334 0.03670033670033667 0.04141414141414139 0.036026936026936 0.035353535353535324 0.041750841750841726 0.03703703703703701 0.041077441077441046 0.03468013468013465 0.0387205387205387 0.03703703703703701 0.034343434343434315 0.037037037037037014 0.03703703703703701 0.035353535353535324 0.035353535353535324 0.03939393939393937 0.0956228956228956 0.036026936026936 0.03905723905723903 0.036026936026936 0.04006734006734004 0.03939393939393936
0.03655913978494621 0.03978494623655911 0.03835125448028671 0.03978494623655911 0.03763440860215051 0.04193548387096771 0.04444444444444441 0.03799283154121861 0.037275985663082406 0.04086021505376341 0.04050179211469531 0.04050179211469531 0.03799283154121861 0.04336917562724011 0.03835125448028671 0.03906810035842291 0.03906810035842291 0.04014336917562721 0.03942652329749101 0.037275985663082406 0.04157706093189961 0.04157706093189961 0.04301075268817201 0.04193548387096771 0.04157706093189961
0.03562091503267967 0.040522875816993396 0.03692810457516333 0.039215686274509734 0.036928104575163344 0.039542483660130655 0.041176470588235224 0.04346405228758162 0.04150326797385614 0.03986928104575156 0.03856209150326791 0.035620915032679674 0.04150326797385614 0.04019607843137247 0.04379084967320254 0.045098039215686204 0.039542483660130655 0.03921568627450973 0.04150326797385614 0.03790849673202608 0.040196078431372476 0.04084967320261431 0.0362745098039215 0.04411764705882347 0.04084967320261431
0.03611111111111111 0.03993055555555555 0.034722222222222224 0.03680555555555556 0.036458333333333336 0.03923611111111111 0.04236111111111111 0.03958333333333333 0.03715277777777778 0.03923611111111111 0.041666666666666664 0.03958333333333333 0.03923611111111111 0.03958333333333333 0.03888888888888889 0.03958333333333333 0.03923611111111111 0.03854166666666667 0.03923611111111111 0.06909722222222223 0.03784722222222222 0.03784722222222222 0.040625 0.03923611111111111 0.03819444444444445
0.037777777777777764 0.038888888888888876 0.04074074074074072 0.03888888888888886 0.039629629629629626 0.03962962962962962 0.037407407407407396 0.03851851851851852 0.03962962962962962 0.03962962962962962 0.037777777777777764 0.041111111111111105 0.03962962962962963 0.038888888888888876 0.04148148148148149 0.040370370370370355 0.04259259259259258 0.04259259259259258 0.041111111111111105 0.04185185185185183 0.0411111111111111 0.03888888888888886 0.039999999999999994 0.03888888888888889 0.042962962962962994
0.04061302681992333 0.039080459770114886 0.03754789272030646 0.03946360153256702 0.03984674329501913 0.04022988505747123 0.0390804597701149 0.039080459770114886 0.03984674329501911 0.03831417624521067 0.04214559386973176 0.03908045977011491 0.03908045977011489 0.04176245210727966 0.04176245210727966 0.0390804597701149 0.044444444444444384 0.04252873563218386 0.040613026819923334 0.03908045977011489 0.03793103448275858 0.04099616858237545 0.03946360153256702 0.04022988505747121 0.03869731800766279
0.04970760233918125 0.03479532163742688 0.02953216374269005 0.035964912280701755 0.048538011695906394 0.03625730994152043 0.035672514619883015 0.040058479532163745 0.03918128654970759 0.03771929824561401 0.038011695906432726 0.03713450292397659 0.0371345029239766 0.04444444444444445 0.0350877192982456 0.03625730994152046 0.03421052631578947 0.03596491228070175 0.03654970760233916 0.09444444444444439 0.040643274853801155 0.03450292397660817 0.035672514619883036 0.03684210526315788 0.035672514619883036
0.039285714285714264 0.03888888888888886 0.0507936507936508 0.040873015873015846 0.03809523809523808 0.04047619047619046 0.038888888888888876 0.03968253968253965 0.03888888888888886 0.04087301587301585 0.038492063492063466 0.040079365079365055 0.04007936507936505 0.038888888888888876 0.03888888888888885 0.040476190476190436 0.04126984126984125 0.03888888888888887 0.039682539682539666 0.03849206349206348 0.038095238095238064 0.03809523809523808 0.03849206349206345 0.04246031746031744 0.040873015873015846
0.039506172839506214 0.03950617283950623 0.039094650205761354 0.039094650205761354 0.039917695473251066 0.04074074074074078 0.039094650205761354 0.03909465020576136 0.03827160493827165 0.04115226337448564 0.041563786008230505 0.03991769547325108 0.03950617283950621 0.03786008230452679 0.039094650205761375 0.040740740740740786 0.041563786008230505 0.03950617283950623 0.04279835390946506 0.03950617283950621 0.04156378600823049 0.03950617283950621 0.04032921810699593 0.03950617283950621 0.04156378600823049
0.03680555555555556 0.03310185185185187 0.19328703703703706 0.03518518518518519 0.03194444444444445 0.03263888888888889 0.03425925925925929 0.033564814814814825 0.034722222222222224 0.0351851851851852 0.03125 0.03356481481481483 0.03310185185185186 0.03402777777777779 0.03402777777777781 0.03287037037037037 0.03495370370370374 0.032407407407407406 0.03125000000000001 0.03310185185185187 0.035185185185185194 0.02962962962962964 0.034722222222222245 0.03564814814814817 0.03356481481481481
0.03099415204678363 0.03391812865497073 0.22777777777777775 0.03508771929824561 0.033040935672514614 0.03216374269005845 0.030994152046783605 0.030994152046783612 0.030994152046783612 0.03157894736842105 0.03304093567251461 0.033333333333333305 0.031286549707602314 0.034795321637426886 0.03450292397660817 0.030701754385964897 0.03216374269005846 0.03099415204678362 0.0330409356725146 0.029532163742690045 0.03391812865497075 0.03304093567251461 0.03274853801169589 0.029824561403508757 0.02953216374269006
0.039682539682539666 0.04047619047619044 0.040476190476190436 0.038888888888888855 0.038492063492063466 0.042063492063492046 0.03968253968253966 0.04166666666666663 0.03928571428571427 0.040079365079365055 0.042857142857142844 0.03888888888888886 0.042063492063492046 0.04047619047619044 0.039285714285714264 0.03888888888888886 0.04246031746031745 0.03769841269841268 0.038888888888888876 0.03769841269841269 0.03888888888888886 0.03849206349206346 0.04246031746031743 0.04126984126984124 0.038888888888888876
0.039463601532567005 0.039463601532567 0.037931034482758585 0.041379310344827544 0.03946360153256702 0.04252873563218386 0.04137931034482756 0.040613026819923306 0.04099616858237545 0.03639846743295015 0.039463601532567 0.043678160919540195 0.04099616858237544 0.04252873563218386 0.04099616858237543 0.03908045977011489 0.03869731800766281 0.039463601532567005 0.03984674329501913 0.03793103448275858 0.038697318007662816 0.03869731800766279 0.042145593869731754 0.03831417624521067 0.0398467432950191
0.03650793650793649 0.04166666666666663 0.048015873015873005 0.04087301587301584 0.04007936507936505 0.039682539682539666 0.04007936507936505 0.04126984126984124 0.039682539682539646 0.038888888888888876 0.03888888888888886 0.03928571428571425 0.037698412698412676 0.03849206349206348 0.04007936507936506 0.03928571428571424 0.04007936507936508 0.03968253968253965 0.03968253968253966 0.03849206349206346 0.03968253968253966 0.03928571428571426 0.041666666666666644 0.040079365079365076 0.040873015873015846
0.035555555555555486 0.033968253968253904 0.055555555555555476 0.04190476190476185 0.038095238095238036 0.040317460317460245 0.0412698412698412 0.04031746031746025 0.03777777777777773 0.04095238095238088 0.03999999999999994 0.04222222222222217 0.040634920634920565 0.04095238095238088 0.04095238095238088 0.037777777777777716 0.03587301587301582 0.03809523809523803 0.039365079365079304 0.03746031746031741 0.03904761904761897 0.042222222222222154 0.04095238095238089 0.03936507936507931 0.03936507936507929
0.03128654970760234 0.035380116959064296 0.21257309941520472 0.033918128654970764 0.029239766081871333 0.030701754385964897 0.034795321637426886 0.03391812865497075 0.032748538011695895 0.03216374269005845 0.03391812865497075 0.035672514619883036 0.03216374269005844 0.03421052631578944 0.031871345029239745 0.031286549707602335 0.03391812865497076 0.03216374269005848 0.0330409356725146 0.03245614035087719 0.03274853801169588 0.03596491228070173 0.031286549707602314 0.030116959064327473 0.03245614035087718
0.04640522875816987 0.039869281045751555 0.035294117647058754 0.03954248366013064 0.048692810457516285 0.041176470588235224 0.034640522875816926 0.03921568627450973 0.03888888888888882 0.03954248366013064 0.03758169934640516 0.04509803921568621 0.039215686274509734 0.03921568627450973 0.04248366013071889 0.036928104575163316 0.03888888888888883 0.03921568627450974 0.039542483660130655 0.04215686274509798 0.039542483660130655 0.039869281045751555 0.039542483660130655 0.038562091503267906 0.03888888888888882
0.0397435897435897 0.0397435897435897 0.03846153846153842 0.03888888888888885 0.0397435897435897 0.04102564102564098 0.0397435897435897 0.040170940170940125 0.03974358974358971 0.03974358974358969 0.04059829059829056 0.040598290598290565 0.04059829059829057 0.03974358974358971 0.040170940170940125 0.04017094017094014 0.040598290598290565 0.04059829059829056 0.04017094017094013 0.03888888888888885 0.03974358974358971 0.039743589743589706 0.040598290598290565 0.03931623931623928 0.04145299145299142
0.03300653594771236 0.03333333333333326 0.2176470588235292 0.03431372549019601 0.032679738562091436 0.031045751633986863 0.03496732026143785 0.03202614379084961 0.03333333333333327 0.03169934640522869 0.0320261437908496 0.03235294117647052 0.03333333333333326 0.03333333333333327 0.03300653594771236 0.033660130718954184 0.03300653594771234 0.032679738562091436 0.031699346405228694 0.031045751633986863 0.031699346405228694 0.03202614379084961 0.0320261437908496 0.031699346405228694 0.03235294117647053
0.036398467432950145 0.039846743295019124 0.0390804597701149 0.0390804597701149 0.038697318007662795 0.038697318007662795 0.03793103448275858 0.0390804597701149 0.039463601532567 0.04559386973180072 0.041379310344827544 0.04137931034482754 0.03793103448275858 0.04099616858237543 0.04214559386973175 0.04176245210727965 0.043678160919540195 0.03678160919540226 0.0386973180076628 0.04099616858237544 0.04329501915708809 0.0390804597701149 0.03946360153256701 0.0390804597701149 0.03946360153256702
0.06095238095238088 0.039365079365079304 0.0301587301587301 0.03841269841269834 0.05428571428571421 0.039047619047618984 0.03587301587301581 0.045079365079365025 0.039999999999999945 0.03746031746031741 0.035873015873015814 0.04158730158730154 0.0428571428571428 0.03492063492063486 0.03714285714285707 0.03841269841269834 0.03523809523809518 0.03841269841269835 0.040317460317460266 0.03460317460317453 0.04063492063492057 0.03492063492063485 0.040634920634920565 0.04253968253968247 0.04126984126984119
0.035555555555555514 0.03604938271604935 0.03925925925925923 0.050123456790123436 0.03925925925925923 0.03580246913580243 0.0387654320987654 0.04098765432098761 0.0407407407407407 0.0350617283950617 0.039259259259259244 0.04345679012345675 0.0422222222222222 0.03925925925925924 0.040740740740740716 0.03654320987654317 0.040987654320987624 0.04370370370370366 0.04197530864197528 0.033086419753086384 0.03999999999999996 0.0479012345679012 0.03777777777777774 0.04839506172839505 0.03308641975308639
0.03594771241830057 0.0385620915032679 0.04477124183006529 0.04084967320261431 0.03725490196078426 0.04346405228758163 0.041176470588235224 0.039869281045751555 0.03823529411764699 0.04150326797385614 0.04019607843137247 0.0428104575163398 0.040522875816993396 0.03529411764705876 0.04379084967320255 0.04346405228758162 0.04346405228758163 0.0385620915032679 0.0385620915032679 0.03464052287581693 0.038562091503267906 0.03954248366013066 0.037908496732026085 0.04019607843137248 0.040849673202614296
0.0595238095238095 0.03730158730158728 0.036111111111111094 0.03888888888888885 0.05555555555555548 0.03809523809523807 0.03769841269841268 0.04325396825396826 0.04087301587301585 0.04047619047619044 0.03809523809523807 0.037698412698412676 0.03968253968253965 0.03769841269841267 0.03730158730158729 0.03928571428571427 0.038095238095238064 0.03690476190476188 0.03809523809523807 0.03611111111111108 0.037301587301587266 0.037698412698412676 0.03968253968253965 0.038888888888888876 0.03968253968253965
0.03869731800766279 0.039080459770114914 0.03563218390804593 0.04329501915708809 0.04099616858237545 0.04176245210727963 0.037931034482758585 0.0398467432950191 0.04022988505747121 0.0390804597701149 0.03869731800766279 0.039463601532567005 0.03984674329501912 0.0432950191570881 0.04099616858237542 0.041379310344827544 0.03946360153256702 0.03869731800766279 0.04291187739463598 0.03678160919540226 0.04214559386973176 0.04099616858237542 0.042145593869731754 0.03869731800766278 0.03793103448275857
0.03962962962962962 0.03703703703703702 0.035555555555555535 0.04370370370370369 0.04111111111111112 0.038518518518518514 0.04407407407407408 0.03888888888888887 0.03740740740740739 0.041481481481481466 0.0422222222222222 0.04444444444444447 0.04296296296296297 0.04148148148148146 0.037777777777777764 0.03777777777777775 0.03925925925925925 0.03814814814814813 0.038888888888888876 0.03703703703703705 0.04111111111111109 0.03925925925925924 0.041111111111111105 0.04222222222222221 0.038888888888888876
0.03991769547325109 0.04032921810699592 0.03950617283950622 0.042798353909465056 0.03786008230452679 0.03991769547325107 0.03950617283950621 0.04032921810699593 0.0386831275720165 0.04032921810699594 0.038683127572016494 0.03909465020576137 0.039506172839506214 0.039917695473251066 0.03868312757201651 0.038683127572016494 0.04032921810699591 0.04074074074074078 0.041975308641975344 0.03950617283950619 0.03909465020576137 0.04197530864197535 0.04362139917695478 0.03950617283950621 0.03950617283950621
0.039999999999999966 0.035277777777777734 0.12277777777777775 0.03444444444444439 0.03555555555555551 0.03499999999999996 0.03388888888888885 0.032499999999999946 0.03749999999999994 0.035277777777777734 0.03138888888888885 0.034444444444444416 0.033055555555555505 0.032499999999999966 0.03361111111111106 0.035833333333333287 0.031111111111111065 0.034444444444444396 0.03194444444444439 0.08444444444444445 0.0355555555555555 0.033333333333333305 0.03499999999999996 0.0358333333333333 0.03527777777777773
0.03573573573573575 0.036936936936936955 0.13813813813813808 0.03423423423423426 0.03303303303303305 0.038438438438438485 0.040840840840840845 0.03483483483483486 0.03663663663663666 0.03573573573573575 0.037537537537537566 0.03393393393393396 0.03543543543543545 0.03813813813813814 0.03723723723723727 0.033933933933933964 0.03153153153153155 0.03633633633633636 0.03303303303303305 0.035435435435435474 0.03453453453453455 0.03783783783783786 0.03903903903903908 0.03693693693693696 0.03453453453453457
0.04691358024691361 0.040329218106995926 0.039506172839506214 0.04320987654320991 0.04362139917695481 0.03950617283950622 0.03786008230452679 0.03950617283950621 0.041152263374485624 0.039917695473251066 0.037448559670781936 0.0386831275720165 0.040740740740740786 0.03950617283950622 0.0386831275720165 0.04032921810699593 0.03744855967078193 0.03909465020576135 0.04115226337448564 0.03827160493827165 0.0386831275720165 0.03950617283950622 0.04032921810699591 0.038683127572016515 0.039917695473251066
0.039917695473251066 0.039094650205761354 0.0386831275720165 0.04074074074074077 0.038683127572016494 0.04074074074074078 0.040740740740740765 0.039094650205761354 0.0386831275720165 0.039094650205761354 0.041975308641975344 0.039506172839506214 0.03909465020576136 0.04032921810699593 0.038683127572016494 0.041563786008230505 0.04074074074074079 0.04115226337448563 0.03991769547325108 0.03909465020576137 0.038683127572016515 0.04074074074074078 0.03991769547325107 0.04238683127572023 0.040740740740740786
0.037547892720306474 0.04252873563218386 0.03793103448275858 0.04061302681992333 0.04176245210727966 0.039080459770114914 0.042145593869731775 0.037547892720306474 0.0383141762452107 0.03984674329501912 0.038314176245210683 0.040996168582375446 0.042145593869731754 0.03984674329501911 0.039846743295019124 0.03831417624521069 0.03984674329501913 0.038697318007662795 0.0402298850574712 0.03869731800766278 0.04061302681992333 0.039463601532567005 0.040996168582375425 0.0432950191570881 0.04137931034482753
0.03968253968253966 0.04087301587301585 0.038492063492063466 0.042063492063492046 0.04047619047619044 0.04007936507936505 0.03928571428571427 0.03928571428571425 0.03928571428571427 0.039682539682539666 0.03968253968253965 0.041269841269841234 0.039285714285714264 0.04126984126984123 0.040079365079365055 0.04047619047619046 0.04087301587301585 0.03928571428571427 0.04007936507936506 0.03928571428571424 0.039285714285714264 0.04007936507936506 0.03849206349206345 0.03928571428571426 0.04206349206349206
0.03638888888888884 0.04722222222222218 0.032499999999999966 0.04222222222222218 0.0344444444444444 0.04166666666666661 0.04166666666666663 0.04499999999999997 0.03611111111111106 0.04416666666666663 0.0419444444444444 0.03833333333333329 0.03722222222222218 0.0344444444444444 0.04111111111111108 0.04972222222222221 0.04249999999999995 0.04472222222222217 0.0369444444444444 0.033888888888888836 0.036111111111111066 0.04222222222222217 0.03972222222222218 0.04166666666666663 0.0380555555555555
0.06430976430976426 0.03569023569023566 0.042087542087542056 0.03703703703703701 0.05723905723905721 0.03838383838383835 0.03569023569023566 0.04579124579124576 0.041750841750841726 0.03838383838383835 0.03468013468013465 0.03872053872053869 0.037373737373737344 0.03468013468013465 0.03939393939393936 0.034343434343434315 0.03703703703703701 0.03703703703703701 0.03905723905723903 0.03771043771043769 0.03973063973063971 0.03771043771043768 0.037373737373737344 0.0397306397306397 0.039057239057239033
0.036274509803921495 0.043790849673202556 0.04444444444444437 0.04183006535947704 0.03823529411764699 0.041176470588235224 0.035620915032679674 0.035620915032679674 0.04019607843137247 0.03986928104575156 0.03921568627450973 0.03692810457516333 0.037581699346405165 0.040522875816993396 0.04313725490196073 0.041176470588235224 0.040522875816993396 0.03954248366013065 0.040522875816993396 0.035620915032679674 0.04346405228758162 0.04183006535947705 0.04346405228758162 0.04084967320261431 0.03856209150326791
0.03991769547325108 0.039506172839506214 0.03950617283950623 0.03827160493827165 0.039094650205761354 0.03991769547325106 0.04156378600823049 0.03950617283950622 0.03950617283950623 0.03991769547325108 0.039506172839506214 0.039506172839506214 0.04032921810699592 0.04156378600823051 0.03909465020576136 0.03991769547325108 0.03950617283950621 0.039917695473251066 0.0386831275720165 0.039094650205761354 0.042386831275720196 0.04115226337448563 0.04156378600823049 0.03991769547325108 0.04115226337448563
0.03824786324786322 0.04572649572649568 0.027991452991452965 0.04188034188034183 0.035897435897435874 0.04337606837606833 0.04444444444444441 0.03461538461538459 0.038034188034187996 0.04444444444444441 0.042094017094017076 0.040170940170940125 0.04294871794871791 0.042948717948717914 0.04273504273504269 0.04166666666666663 0.03824786324786321 0.04059829059829055 0.03782051282051278 0.03547008547008543 0.0412393162393162 0.040598290598290565 0.03739316239316236 0.03803418803418801 0.04337606837606832
