0.03571428571428571 0.17857142857142858 0.10714285714285714 0.14285714285714285 0.07142857142857142 0.03571428571428571 0.03571428571428571 0.25 0.07142857142857142 0.07142857142857142
0.09090909090909091 0.09090909090909091 0.13636363636363635 0.22727272727272727 0.09090909090909091 0.09090909090909091 0.045454545454545456 0.045454545454545456 0.09090909090909091 0.09090909090909091
0.05263157894736842 0.05263157894736842 0.05263157894736842 0.10526315789473684 0.2631578947368421 0.05263157894736842 0.05263157894736842 0.10526315789473684 0.10526315789473684 0.15789473684210525
0.125 0.08333333333333333 0.041666666666666664 0.125 0.08333333333333333 0.041666666666666664 0.125 0.041666666666666664 0.125 0.20833333333333334
0.1875 0.0625 0.25 0.0625 0.0625 0.0625 0.125 0.0625 0.0625 0.0625
0.07142857142857142 0.07142857142857142 0.07142857142857142 0.07142857142857142 0.07142857142857142 0.07142857142857142 0.14285714285714285 0.21428571428571427 0.14285714285714285 0.07142857142857142
0.043478260869565216 0.13043478260869565 0.30434782608695654 0.043478260869565216 0.043478260869565216 0.08695652173913043 0.043478260869565216 0.043478260869565216 0.13043478260869565 0.13043478260869565
0.04 0.08 0.12 0.08 0.04 0.12 0.04 0.28 0.12 0.08
0.3333333333333333 0.047619047619047616 0.047619047619047616 0.047619047619047616 0.047619047619047616 0.23809523809523808 0.09523809523809523 0.047619047619047616 0.047619047619047616 0.047619047619047616
0.13333333333333333 0.13333333333333333 0.06666666666666667 0.06666666666666667 0.2 0.06666666666666667 0.06666666666666667 0.06666666666666667 0.13333333333333333 0.06666666666666667
0.07142857142857142 0.21428571428571427 0.07142857142857142 0.07142857142857142 0.07142857142857142 0.21428571428571427 0.07142857142857142 0.07142857142857142 0.07142857142857142 0.07142857142857142
0.15789473684210525 0.15789473684210525 0.21052631578947367 0.05263157894736842 0.05263157894736842 0.05263157894736842 0.15789473684210525 0.05263157894736842 0.05263157894736842 0.05263157894736842
0.0625 0.0625 0.0625 0.1875 0.0625 0.0625 0.1875 0.125 0.0625 0.125
0.06666666666666667 0.06666666666666667 0.06666666666666667 0.13333333333333333 0.06666666666666667 0.13333333333333333 0.06666666666666667 0.13333333333333333 0.06666666666666667 0.2
0.047619047619047616 0.047619047619047616 0.047619047619047616 0.42857142857142855 0.047619047619047616 0.047619047619047616 0.047619047619047616 0.14285714285714285 0.047619047619047616 0.09523809523809523
0.13636363636363635 0.13636363636363635 0.18181818181818182 0.13636363636363635 0.045454545454545456 0.045454545454545456 0.045454545454545456 0.045454545454545456 0.18181818181818182 0.045454545454545456
0.038461538461538464 0.15384615384615385 0.2692307692307692 0.11538461538461539 0.07692307692307693 0.038461538461538464 0.038461538461538464 0.038461538461538464 0.038461538461538464 0.19230769230769232
0.058823529411764705 0.11764705882352941 0.11764705882352941 0.11764705882352941 0.11764705882352941 0.11764705882352941 0.11764705882352941 0.058823529411764705 0.11764705882352941 0.058823529411764705
0.08333333333333333 0.1388888888888889 0.027777777777777776 0.08333333333333333 0.25 0.05555555555555555 0.027777777777777776 0.05555555555555555 0.19444444444444445 0.08333333333333333
0.0625 0.0625 0.1875 0.0625 0.0625 0.125 0.1875 0.125 0.0625 0.0625
0.030303030303030304 0.030303030303030304 0.030303030303030304 0.48484848484848486 0.030303030303030304 0.12121212121212122 0.15151515151515152 0.030303030303030304 0.030303030303030304 0.06060606060606061
0.043478260869565216 0.08695652173913043 0.17391304347826086 0.21739130434782608 0.043478260869565216 0.043478260869565216 0.043478260869565216 0.21739130434782608 0.08695652173913043 0.043478260869565216
0.23076923076923078 0.15384615384615385 0.07692307692307693 0.07692307692307693 0.07692307692307693 0.07692307692307693 0.07692307692307693 0.07692307692307693 0.07692307692307693 0.07692307692307693
0.125 0.125 0.125 0.25 0.08333333333333333 0.041666666666666664 0.041666666666666664 0.08333333333333333 0.08333333333333333 0.041666666666666664
0.1111111111111111 0.05555555555555555 0.05555555555555555 0.1111111111111111 0.05555555555555555 0.05555555555555555 0.05555555555555555 0.05555555555555555 0.16666666666666666 0.2777777777777778
0.058823529411764705 0.17647058823529413 0.058823529411764705 0.23529411764705882 0.058823529411764705 0.11764705882352941 0.058823529411764705 0.058823529411764705 0.058823529411764705 0.11764705882352941
0.047619047619047616 0.2857142857142857 0.047619047619047616 0.047619047619047616 0.14285714285714285 0.09523809523809523 0.09523809523809523 0.047619047619047616 0.047619047619047616 0.14285714285714285
0.030303030303030304 0.09090909090909091 0.18181818181818182 0.09090909090909091 0.30303030303030304 0.030303030303030304 0.030303030303030304 0.030303030303030304 0.15151515151515152 0.06060606060606061
0.07142857142857142 0.21428571428571427 0.14285714285714285 0.07142857142857142 0.14285714285714285 0.07142857142857142 0.07142857142857142 0.07142857142857142 0.07142857142857142 0.07142857142857142
0.0625 0.0625 0.125 0.0625 0.3125 0.0625 0.0625 0.0625 0.125 0.0625
0.15384615384615385 0.07692307692307693 0.15384615384615385 0.07692307692307693 0.07692307692307693 0.07692307692307693 0.07692307692307693 0.15384615384615385 0.07692307692307693 0.07692307692307693
0.07142857142857142 0.07142857142857142 0.07142857142857142 0.07142857142857142 0.21428571428571427 0.14285714285714285 0.07142857142857142 0.14285714285714285 0.07142857142857142 0.07142857142857142
0.07692307692307693 0.07692307692307693 0.07692307692307693 0.07692307692307693 0.07692307692307693 0.07692307692307693 0.07692307692307693 0.3076923076923077 0.07692307692307693 0.07692307692307693
0.1111111111111111 0.1111111111111111 0.16666666666666666 0.1111111111111111 0.05555555555555555 0.05555555555555555 0.1111111111111111 0.05555555555555555 0.05555555555555555 0.16666666666666666
0.06666666666666667 0.06666666666666667 0.06666666666666667 0.13333333333333333 0.13333333333333333 0.13333333333333333 0.13333333333333333 0.13333333333333333 0.06666666666666667 0.06666666666666667
0.2857142857142857 0.07142857142857142 0.07142857142857142 0.07142857142857142 0.07142857142857142 0.07142857142857142 0.07142857142857142 0.07142857142857142 0.14285714285714285 0.07142857142857142
0.07142857142857142 0.07142857142857142 0.07142857142857142 0.07142857142857142 0.07142857142857142 0.07142857142857142 0.07142857142857142 0.2857142857142857 0.14285714285714285 0.07142857142857142
0.06666666666666667 0.06666666666666667 0.06666666666666667 0.06666666666666667 0.06666666666666667 0.13333333333333333 0.13333333333333333 0.06666666666666667 0.2 0.13333333333333333
0.07142857142857142 0.14285714285714285 0.2857142857142857 0.07142857142857142 0.07142857142857142 0.07142857142857142 0.07142857142857142 0.07142857142857142 0.07142857142857142 0.07142857142857142
0.08333333333333333 0.08333333333333333 0.08333333333333333 0.16666666666666666 0.08333333333333333 0.08333333333333333 0.08333333333333333 0.08333333333333333 0.16666666666666666 0.08333333333333333
0.07692307692307693 0.15384615384615385 0.07692307692307693 0.07692307692307693 0.07692307692307693 0.07692307692307693 0.07692307692307693 0.07692307692307693 0.15384615384615385 0.15384615384615385
0.07142857142857142 0.07142857142857142 0.07142857142857142 0.07142857142857142 0.07142857142857142 0.07142857142857142 0.07142857142857142 0.35714285714285715 0.07142857142857142 0.07142857142857142
0.06666666666666667 0.06666666666666667 0.06666666666666667 0.3333333333333333 0.06666666666666667 0.06666666666666667 0.06666666666666667 0.06666666666666667 0.13333333333333333 0.06666666666666667
0.13333333333333333 0.06666666666666667 0.06666666666666667 0.13333333333333333 0.06666666666666667 0.06666666666666667 0.2 0.06666666666666667 0.06666666666666667 0.13333333333333333
0.06666666666666667 0.06666666666666667 0.06666666666666667 0.06666666666666667 0.06666666666666667 0.06666666666666667 0.06666666666666667 0.26666666666666666 0.13333333333333333 0.13333333333333333
0.1111111111111111 0.05555555555555555 0.3888888888888889 0.1111111111111111 0.05555555555555555 0.05555555555555555 0.05555555555555555 0.05555555555555555 0.05555555555555555 0.05555555555555555
0.05263157894736842 0.05263157894736842 0.15789473684210525 0.15789473684210525 0.10526315789473684 0.05263157894736842 0.21052631578947367 0.05263157894736842 0.10526315789473684 0.05263157894736842
0.05 0.05 0.05 0.05 0.1 0.05 0.05 0.05 0.15 0.4
0.08695652173913043 0.2608695652173913 0.2608695652173913 0.08695652173913043 0.043478260869565216 0.043478260869565216 0.043478260869565216 0.043478260869565216 0.08695652173913043 0.043478260869565216
0.06666666666666667 0.13333333333333333 0.06666666666666667 0.06666666666666667 0.06666666666666667 0.13333333333333333 0.06666666666666667 0.2 0.06666666666666667 0.13333333333333333
0.17647058823529413 0.058823529411764705 0.058823529411764705 0.058823529411764705 0.058823529411764705 0.058823529411764705 0.058823529411764705 0.058823529411764705 0.11764705882352941 0.29411764705882354
0.03571428571428571 0.14285714285714285 0.25 0.03571428571428571 0.03571428571428571 0.03571428571428571 0.35714285714285715 0.03571428571428571 0.03571428571428571 0.03571428571428571
0.05555555555555555 0.1111111111111111 0.05555555555555555 0.2222222222222222 0.05555555555555555 0.05555555555555555 0.1111111111111111 0.16666666666666666 0.1111111111111111 0.05555555555555555
0.11764705882352941 0.29411764705882354 0.11764705882352941 0.11764705882352941 0.058823529411764705 0.058823529411764705 0.058823529411764705 0.058823529411764705 0.058823529411764705 0.058823529411764705
0.06666666666666667 0.13333333333333333 0.06666666666666667 0.06666666666666667 0.13333333333333333 0.06666666666666667 0.26666666666666666 0.06666666666666667 0.06666666666666667 0.06666666666666667
0.125 0.03125 0.125 0.03125 0.0625 0.125 0.03125 0.03125 0.03125 0.40625
0.2222222222222222 0.037037037037037035 0.037037037037037035 0.07407407407407407 0.1111111111111111 0.037037037037037035 0.1111111111111111 0.037037037037037035 0.1111111111111111 0.2222222222222222
0.07142857142857142 0.07142857142857142 0.14285714285714285 0.14285714285714285 0.07142857142857142 0.14285714285714285 0.07142857142857142 0.07142857142857142 0.07142857142857142 0.14285714285714285
0.38095238095238093 0.09523809523809523 0.047619047619047616 0.09523809523809523 0.047619047619047616 0.047619047619047616 0.047619047619047616 0.14285714285714285 0.047619047619047616 0.047619047619047616
0.07142857142857142 0.07142857142857142 0.07142857142857142 0.14285714285714285 0.07142857142857142 0.14285714285714285 0.14285714285714285 0.07142857142857142 0.14285714285714285 0.07142857142857142
0.16666666666666666 0.05555555555555555 0.2222222222222222 0.05555555555555555 0.16666666666666666 0.05555555555555555 0.05555555555555555 0.05555555555555555 0.1111111111111111 0.05555555555555555
0.041666666666666664 0.041666666666666664 0.125 0.20833333333333334 0.08333333333333333 0.125 0.25 0.041666666666666664 0.041666666666666664 0.041666666666666664
0.2 0.05 0.25 0.05 0.05 0.05 0.05 0.1 0.05 0.15
0.05263157894736842 0.2631578947368421 0.10526315789473684 0.05263157894736842 0.10526315789473684 0.10526315789473684 0.05263157894736842 0.05263157894736842 0.15789473684210525 0.05263157894736842
0.2 0.2 0.06666666666666667 0.06666666666666667 0.06666666666666667 0.06666666666666667 0.13333333333333333 0.06666666666666667 0.06666666666666667 0.06666666666666667
0.14285714285714285 0.07142857142857142 0.07142857142857142 0.07142857142857142 0.07142857142857142 0.07142857142857142 0.07142857142857142 0.21428571428571427 0.14285714285714285 0.07142857142857142
0.07142857142857142 0.07142857142857142 0.14285714285714285 0.07142857142857142 0.07142857142857142 0.21428571428571427 0.14285714285714285 0.07142857142857142 0.07142857142857142 0.07142857142857142
0.05 0.15 0.05 0.2 0.05 0.05 0.05 0.1 0.25 0.05
0.06666666666666667 0.06666666666666667 0.06666666666666667 0.13333333333333333 0.13333333333333333 0.13333333333333333 0.06666666666666667 0.13333333333333333 0.06666666666666667 0.13333333333333333
0.07142857142857142 0.07142857142857142 0.14285714285714285 0.21428571428571427 0.07142857142857142 0.14285714285714285 0.07142857142857142 0.07142857142857142 0.07142857142857142 0.07142857142857142
0.07142857142857142 0.07142857142857142 0.14285714285714285 0.07142857142857142 0.14285714285714285 0.07142857142857142 0.07142857142857142 0.21428571428571427 0.07142857142857142 0.07142857142857142
0.0625 0.0625 0.0625 0.1875 0.0625 0.0625 0.3125 0.0625 0.0625 0.0625
0.125 0.0625 0.1875 0.0625 0.0625 0.1875 0.0625 0.125 0.0625 0.0625
0.125 0.0625 0.125 0.0625 0.0625 0.0625 0.0625 0.0625 0.3125 0.0625
0.11764705882352941 0.058823529411764705 0.17647058823529413 0.058823529411764705 0.11764705882352941 0.058823529411764705 0.23529411764705882 0.058823529411764705 0.058823529411764705 0.058823529411764705
0.037037037037037035 0.2222222222222222 0.14814814814814814 0.07407407407407407 0.07407407407407407 0.1111111111111111 0.18518518518518517 0.037037037037037035 0.037037037037037035 0.07407407407407407
0.08333333333333333 0.08333333333333333 0.08333333333333333 0.16666666666666666 0.08333333333333333 0.08333333333333333 0.08333333333333333 0.08333333333333333 0.08333333333333333 0.16666666666666666
0.05263157894736842 0.2631578947368421 0.05263157894736842 0.05263157894736842 0.10526315789473684 0.05263157894736842 0.21052631578947367 0.05263157894736842 0.05263157894736842 0.10526315789473684
0.15 0.25 0.1 0.05 0.05 0.05 0.05 0.05 0.15 0.1
0.1111111111111111 0.05555555555555555 0.05555555555555555 0.1111111111111111 0.05555555555555555 0.05555555555555555 0.05555555555555555 0.2222222222222222 0.05555555555555555 0.2222222222222222
0.05263157894736842 0.05263157894736842 0.05263157894736842 0.15789473684210525 0.05263157894736842 0.05263157894736842 0.3684210526315789 0.05263157894736842 0.05263157894736842 0.10526315789473684
0.0625 0.0625 0.0625 0.0625 0.0625 0.125 0.0625 0.1875 0.0625 0.25
0.10526315789473684 0.05263157894736842 0.15789473684210525 0.10526315789473684 0.21052631578947367 0.05263157894736842 0.05263157894736842 0.05263157894736842 0.05263157894736842 0.15789473684210525
0.045454545454545456 0.045454545454545456 0.045454545454545456 0.22727272727272727 0.22727272727272727 0.09090909090909091 0.045454545454545456 0.18181818181818182 0.045454545454545456 0.045454545454545456
0.04 0.12 0.04 0.2 0.08 0.16 0.04 0.16 0.08 0.08
0.16666666666666666 0.08333333333333333 0.08333333333333333 0.16666666666666666 0.08333333333333333 0.08333333333333333 0.08333333333333333 0.08333333333333333 0.08333333333333333 0.08333333333333333
0.18604651162790697 0.09302325581395349 0.09302325581395349 0.20930232558139536 0.046511627906976744 0.023255813953488372 0.023255813953488372 0.13953488372093023 0.023255813953488372 0.16279069767441862
0.11764705882352941 0.11764705882352941 0.11764705882352941 0.058823529411764705 0.17647058823529413 0.058823529411764705 0.058823529411764705 0.058823529411764705 0.058823529411764705 0.17647058823529413
0.13333333333333333 0.2 0.06666666666666667 0.13333333333333333 0.13333333333333333 0.06666666666666667 0.06666666666666667 0.06666666666666667 0.06666666666666667 0.06666666666666667
0.07142857142857142 0.14285714285714285 0.21428571428571427 0.07142857142857142 0.07142857142857142 0.07142857142857142 0.07142857142857142 0.14285714285714285 0.07142857142857142 0.07142857142857142
0.05263157894736842 0.10526315789473684 0.10526315789473684 0.05263157894736842 0.05263157894736842 0.15789473684210525 0.2631578947368421 0.05263157894736842 0.10526315789473684 0.05263157894736842
0.043478260869565216 0.13043478260869565 0.17391304347826086 0.08695652173913043 0.043478260869565216 0.043478260869565216 0.043478260869565216 0.13043478260869565 0.043478260869565216 0.2608695652173913
0.13043478260869565 0.043478260869565216 0.043478260869565216 0.08695652173913043 0.08695652173913043 0.17391304347826086 0.043478260869565216 0.21739130434782608 0.043478260869565216 0.13043478260869565
0.07142857142857142 0.07142857142857142 0.07142857142857142 0.14285714285714285 0.07142857142857142 0.21428571428571427 0.07142857142857142 0.14285714285714285 0.07142857142857142 0.07142857142857142
0.07692307692307693 0.07692307692307693 0.07692307692307693 0.07692307692307693 0.15384615384615385 0.07692307692307693 0.07692307692307693 0.07692307692307693 0.07692307692307693 0.23076923076923078
0.058823529411764705 0.17647058823529413 0.17647058823529413 0.11764705882352941 0.11764705882352941 0.11764705882352941 0.058823529411764705 0.058823529411764705 0.058823529411764705 0.058823529411764705
0.16666666666666666 0.08333333333333333 0.08333333333333333 0.08333333333333333 0.08333333333333333 0.16666666666666666 0.08333333333333333 0.08333333333333333 0.08333333333333333 0.08333333333333333
0.047619047619047616 0.047619047619047616 0.047619047619047616 0.38095238095238093 0.09523809523809523 0.09523809523809523 0.047619047619047616 0.047619047619047616 0.09523809523809523 0.09523809523809523
0.35135135135135137 0.08108108108108109 0.05405405405405406 0.05405405405405406 0.05405405405405406 0.05405405405405406 0.05405405405405406 0.10810810810810811 0.10810810810810811 0.08108108108108109
0.08333333333333333 0.08333333333333333 0.25 0.08333333333333333 0.08333333333333333 0.08333333333333333 0.08333333333333333 0.08333333333333333 0.08333333333333333 0.08333333333333333
0.11764705882352941 0.058823529411764705 0.11764705882352941 0.058823529411764705 0.058823529411764705 0.058823529411764705 0.11764705882352941 0.23529411764705882 0.058823529411764705 0.11764705882352941
0.30303030303030304 0.06060606060606061 0.15151515151515152 0.21212121212121213 0.030303030303030304 0.030303030303030304 0.030303030303030304 0.030303030303030304 0.06060606060606061 0.09090909090909091
0.391304347826087 0.08695652173913043 0.043478260869565216 0.043478260869565216 0.043478260869565216 0.08695652173913043 0.17391304347826086 0.043478260869565216 0.043478260869565216 0.043478260869565216
0.07692307692307693 0.23076923076923078 0.15384615384615385 0.07692307692307693 0.07692307692307693 0.07692307692307693 0.07692307692307693 0.07692307692307693 0.07692307692307693 0.07692307692307693
0.23529411764705882 0.11764705882352941 0.058823529411764705 0.11764705882352941 0.11764705882352941 0.058823529411764705 0.058823529411764705 0.058823529411764705 0.058823529411764705 0.11764705882352941
0.07142857142857142 0.07142857142857142 0.07142857142857142 0.07142857142857142 0.07142857142857142 0.07142857142857142 0.35714285714285715 0.07142857142857142 0.07142857142857142 0.07142857142857142
0.07692307692307693 0.07692307692307693 0.07692307692307693 0.15384615384615385 0.15384615384615385 0.07692307692307693 0.15384615384615385 0.07692307692307693 0.07692307692307693 0.07692307692307693
0.2 0.05 0.05 0.15 0.1 0.05 0.1 0.05 0.05 0.2
0.43478260869565216 0.043478260869565216 0.043478260869565216 0.043478260869565216 0.08695652173913043 0.043478260869565216 0.13043478260869565 0.08695652173913043 0.043478260869565216 0.043478260869565216
0.05263157894736842 0.15789473684210525 0.05263157894736842 0.05263157894736842 0.05263157894736842 0.15789473684210525 0.15789473684210525 0.10526315789473684 0.05263157894736842 0.15789473684210525
0.14285714285714285 0.25 0.17857142857142858 0.03571428571428571 0.07142857142857142 0.07142857142857142 0.03571428571428571 0.03571428571428571 0.14285714285714285 0.03571428571428571
0.3333333333333333 0.05555555555555555 0.05555555555555555 0.16666666666666666 0.05555555555555555 0.05555555555555555 0.05555555555555555 0.05555555555555555 0.1111111111111111 0.05555555555555555
0.09090909090909091 0.09090909090909091 0.18181818181818182 0.09090909090909091 0.09090909090909091 0.09090909090909091 0.09090909090909091 0.09090909090909091 0.09090909090909091 0.09090909090909091
0.42105263157894735 0.10526315789473684 0.05263157894736842 0.05263157894736842 0.05263157894736842 0.05263157894736842 0.05263157894736842 0.05263157894736842 0.10526315789473684 0.05263157894736842
0.07142857142857142 0.14285714285714285 0.07142857142857142 0.07142857142857142 0.14285714285714285 0.07142857142857142 0.14285714285714285 0.07142857142857142 0.07142857142857142 0.14285714285714285
0.047619047619047616 0.047619047619047616 0.047619047619047616 0.19047619047619047 0.047619047619047616 0.14285714285714285 0.09523809523809523 0.14285714285714285 0.19047619047619047 0.047619047619047616
0.05 0.05 0.05 0.05 0.05 0.1 0.15 0.4 0.05 0.05
0.03333333333333333 0.1 0.2 0.03333333333333333 0.3 0.13333333333333333 0.06666666666666667 0.03333333333333333 0.06666666666666667 0.03333333333333333
0.07692307692307693 0.15384615384615385 0.07692307692307693 0.07692307692307693 0.07692307692307693 0.07692307692307693 0.07692307692307693 0.07692307692307693 0.07692307692307693 0.23076923076923078
0.07692307692307693 0.23076923076923078 0.07692307692307693 0.07692307692307693 0.07692307692307693 0.07692307692307693 0.07692307692307693 0.07692307692307693 0.07692307692307693 0.15384615384615385
0.05263157894736842 0.05263157894736842 0.15789473684210525 0.2631578947368421 0.10526315789473684 0.05263157894736842 0.05263157894736842 0.10526315789473684 0.05263157894736842 0.10526315789473684
0.07692307692307693 0.07692307692307693 0.07692307692307693 0.07692307692307693 0.07692307692307693 0.07692307692307693 0.07692307692307693 0.3076923076923077 0.07692307692307693 0.07692307692307693
0.08333333333333333 0.16666666666666666 0.08333333333333333 0.08333333333333333 0.08333333333333333 0.08333333333333333 0.08333333333333333 0.08333333333333333 0.16666666666666666 0.08333333333333333
0.14285714285714285 0.14285714285714285 0.07142857142857142 0.14285714285714285 0.07142857142857142 0.07142857142857142 0.14285714285714285 0.07142857142857142 0.07142857142857142 0.07142857142857142
0.06666666666666667 0.06666666666666667 0.13333333333333333 0.13333333333333333 0.13333333333333333 0.13333333333333333 0.06666666666666667 0.06666666666666667 0.06666666666666667 0.13333333333333333
0.08333333333333333 0.08333333333333333 0.16666666666666666 0.08333333333333333 0.08333333333333333 0.08333333333333333 0.16666666666666666 0.08333333333333333 0.08333333333333333 0.08333333333333333
0.48 0.04 0.04 0.04 0.04 0.04 0.04 0.12 0.04 0.12
0.36363636363636365 0.045454545454545456 0.09090909090909091 0.045454545454545456 0.045454545454545456 0.045454545454545456 0.13636363636363635 0.045454545454545456 0.045454545454545456 0.13636363636363635
0.08333333333333333 0.08333333333333333 0.08333333333333333 0.16666666666666666 0.08333333333333333 0.08333333333333333 0.08333333333333333 0.08333333333333333 0.16666666666666666 0.08333333333333333
0.045454545454545456 0.045454545454545456 0.13636363636363635 0.13636363636363635 0.09090909090909091 0.045454545454545456 0.3181818181818182 0.045454545454545456 0.09090909090909091 0.045454545454545456
0.0625 0.125 0.125 0.125 0.0625 0.0625 0.1875 0.0625 0.0625 0.125
0.08333333333333333 0.08333333333333333 0.08333333333333333 0.16666666666666666 0.08333333333333333 0.08333333333333333 0.08333333333333333 0.08333333333333333 0.16666666666666666 0.08333333333333333
0.07142857142857142 0.07142857142857142 0.07142857142857142 0.07142857142857142 0.07142857142857142 0.07142857142857142 0.21428571428571427 0.21428571428571427 0.07142857142857142 0.07142857142857142
0.0625 0.125 0.125 0.25 0.0625 0.0625 0.0625 0.0625 0.125 0.0625
0.14285714285714285 0.07142857142857142 0.14285714285714285 0.21428571428571427 0.07142857142857142 0.07142857142857142 0.07142857142857142 0.07142857142857142 0.07142857142857142 0.07142857142857142
0.15384615384615385 0.07692307692307693 0.15384615384615385 0.15384615384615385 0.07692307692307693 0.07692307692307693 0.07692307692307693 0.07692307692307693 0.07692307692307693 0.07692307692307693
0.07692307692307693 0.07692307692307693 0.07692307692307693 0.07692307692307693 0.07692307692307693 0.07692307692307693 0.07692307692307693 0.23076923076923078 0.07692307692307693 0.15384615384615385
0.029411764705882353 0.17647058823529413 0.20588235294117646 0.029411764705882353 0.058823529411764705 0.029411764705882353 0.11764705882352941 0.2647058823529412 0.058823529411764705 0.029411764705882353
0.08 0.04 0.04 0.28 0.04 0.08 0.12 0.12 0.16 0.04
0.12 0.04 0.04 0.12 0.04 0.04 0.2 0.2 0.12 0.08
0.0625 0.125 0.0625 0.0625 0.3125 0.125 0.0625 0.0625 0.0625 0.0625
0.1111111111111111 0.05555555555555555 0.05555555555555555 0.05555555555555555 0.05555555555555555 0.1111111111111111 0.05555555555555555 0.2222222222222222 0.1111111111111111 0.16666666666666666
0.05263157894736842 0.10526315789473684 0.05263157894736842 0.10526315789473684 0.2631578947368421 0.10526315789473684 0.10526315789473684 0.05263157894736842 0.10526315789473684 0.05263157894736842
0.07692307692307693 0.07692307692307693 0.07692307692307693 0.07692307692307693 0.07692307692307693 0.07692307692307693 0.07692307692307693 0.23076923076923078 0.15384615384615385 0.07692307692307693
0.07692307692307693 0.15384615384615385 0.07692307692307693 0.15384615384615385 0.07692307692307693 0.07692307692307693 0.07692307692307693 0.07692307692307693 0.15384615384615385 0.07692307692307693
0.058823529411764705 0.058823529411764705 0.17647058823529413 0.058823529411764705 0.11764705882352941 0.058823529411764705 0.11764705882352941 0.17647058823529413 0.11764705882352941 0.058823529411764705
0.058823529411764705 0.11764705882352941 0.058823529411764705 0.29411764705882354 0.058823529411764705 0.058823529411764705 0.058823529411764705 0.058823529411764705 0.11764705882352941 0.11764705882352941
0.06666666666666667 0.13333333333333333 0.06666666666666667 0.06666666666666667 0.13333333333333333 0.2 0.06666666666666667 0.06666666666666667 0.06666666666666667 0.13333333333333333
0.05263157894736842 0.05263157894736842 0.05263157894736842 0.05263157894736842 0.15789473684210525 0.21052631578947367 0.10526315789473684 0.05263157894736842 0.21052631578947367 0.05263157894736842
0.16666666666666666 0.08333333333333333 0.08333333333333333 0.08333333333333333 0.16666666666666666 0.08333333333333333 0.08333333333333333 0.08333333333333333 0.08333333333333333 0.08333333333333333
0.02702702702702703 0.1891891891891892 0.16216216216216217 0.05405405405405406 0.24324324324324326 0.13513513513513514 0.02702702702702703 0.02702702702702703 0.05405405405405406 0.08108108108108109
0.07142857142857142 0.21428571428571427 0.07142857142857142 0.07142857142857142 0.07142857142857142 0.14285714285714285 0.07142857142857142 0.07142857142857142 0.14285714285714285 0.07142857142857142
0.125 0.0625 0.0625 0.125 0.0625 0.25 0.0625 0.0625 0.0625 0.125
0.10526315789473684 0.05263157894736842 0.05263157894736842 0.15789473684210525 0.2631578947368421 0.10526315789473684 0.05263157894736842 0.05263157894736842 0.10526315789473684 0.05263157894736842
0.07692307692307693 0.15384615384615385 0.07692307692307693 0.07692307692307693 0.15384615384615385 0.07692307692307693 0.15384615384615385 0.07692307692307693 0.07692307692307693 0.07692307692307693
0.11764705882352941 0.058823529411764705 0.11764705882352941 0.058823529411764705 0.23529411764705882 0.11764705882352941 0.058823529411764705 0.11764705882352941 0.058823529411764705 0.058823529411764705
0.11764705882352941 0.11764705882352941 0.058823529411764705 0.058823529411764705 0.058823529411764705 0.058823529411764705 0.058823529411764705 0.058823529411764705 0.23529411764705882 0.17647058823529413
0.058823529411764705 0.058823529411764705 0.11764705882352941 0.058823529411764705 0.058823529411764705 0.058823529411764705 0.17647058823529413 0.23529411764705882 0.058823529411764705 0.11764705882352941
0.05 0.1 0.05 0.05 0.2 0.05 0.15 0.15 0.15 0.05
0.0625 0.1875 0.0625 0.0625 0.1875 0.125 0.0625 0.0625 0.125 0.0625
0.07692307692307693 0.07692307692307693 0.07692307692307693 0.07692307692307693 0.07692307692307693 0.07692307692307693 0.07692307692307693 0.3076923076923077 0.07692307692307693 0.07692307692307693
0.08333333333333333 0.08333333333333333 0.08333333333333333 0.08333333333333333 0.08333333333333333 0.25 0.08333333333333333 0.08333333333333333 0.08333333333333333 0.08333333333333333
0.07692307692307693 0.07692307692307693 0.07692307692307693 0.07692307692307693 0.07692307692307693 0.07692307692307693 0.15384615384615385 0.07692307692307693 0.07692307692307693 0.23076923076923078
0.037037037037037035 0.037037037037037035 0.14814814814814814 0.037037037037037035 0.2962962962962963 0.037037037037037035 0.18518518518518517 0.14814814814814814 0.037037037037037035 0.037037037037037035
0.05263157894736842 0.05263157894736842 0.15789473684210525 0.05263157894736842 0.05263157894736842 0.10526315789473684 0.3157894736842105 0.05263157894736842 0.10526315789473684 0.05263157894736842
0.07142857142857142 0.07142857142857142 0.07142857142857142 0.07142857142857142 0.14285714285714285 0.07142857142857142 0.14285714285714285 0.14285714285714285 0.07142857142857142 0.14285714285714285
0.06666666666666667 0.06666666666666667 0.06666666666666667 0.06666666666666667 0.13333333333333333 0.2 0.06666666666666667 0.2 0.06666666666666667 0.06666666666666667
0.045454545454545456 0.13636363636363635 0.045454545454545456 0.09090909090909091 0.13636363636363635 0.09090909090909091 0.22727272727272727 0.045454545454545456 0.045454545454545456 0.13636363636363635
0.058823529411764705 0.11764705882352941 0.058823529411764705 0.17647058823529413 0.058823529411764705 0.17647058823529413 0.058823529411764705 0.17647058823529413 0.058823529411764705 0.058823529411764705
0.05263157894736842 0.05263157894736842 0.21052631578947367 0.05263157894736842 0.15789473684210525 0.05263157894736842 0.10526315789473684 0.05263157894736842 0.21052631578947367 0.05263157894736842
0.0625 0.125 0.0625 0.125 0.0625 0.0625 0.25 0.0625 0.125 0.0625
0.0625 0.0625 0.3125 0.0625 0.0625 0.125 0.0625 0.125 0.0625 0.0625
0.06666666666666667 0.13333333333333333 0.06666666666666667 0.06666666666666667 0.06666666666666667 0.06666666666666667 0.3333333333333333 0.06666666666666667 0.06666666666666667 0.06666666666666667
0.045454545454545456 0.3181818181818182 0.045454545454545456 0.09090909090909091 0.045454545454545456 0.18181818181818182 0.13636363636363635 0.045454545454545456 0.045454545454545456 0.045454545454545456
0.125 0.0625 0.0625 0.0625 0.0625 0.1875 0.25 0.0625 0.0625 0.0625
0.17647058823529413 0.058823529411764705 0.058823529411764705 0.058823529411764705 0.058823529411764705 0.058823529411764705 0.058823529411764705 0.11764705882352941 0.23529411764705882 0.11764705882352941
0.07692307692307693 0.07692307692307693 0.07692307692307693 0.23076923076923078 0.15384615384615385 0.07692307692307693 0.07692307692307693 0.07692307692307693 0.07692307692307693 0.07692307692307693
0.058823529411764705 0.058823529411764705 0.11764705882352941 0.11764705882352941 0.11764705882352941 0.17647058823529413 0.058823529411764705 0.11764705882352941 0.11764705882352941 0.058823529411764705
0.07692307692307693 0.07692307692307693 0.038461538461538464 0.07692307692307693 0.15384615384615385 0.07692307692307693 0.2692307692307692 0.11538461538461539 0.038461538461538464 0.07692307692307693
0.06666666666666667 0.06666666666666667 0.06666666666666667 0.13333333333333333 0.06666666666666667 0.06666666666666667 0.3333333333333333 0.06666666666666667 0.06666666666666667 0.06666666666666667
0.125 0.125 0.125 0.0625 0.125 0.125 0.0625 0.0625 0.0625 0.125
0.05555555555555555 0.05555555555555555 0.05555555555555555 0.05555555555555555 0.3888888888888889 0.05555555555555555 0.05555555555555555 0.05555555555555555 0.16666666666666666 0.05555555555555555
0.07692307692307693 0.07692307692307693 0.07692307692307693 0.07692307692307693 0.07692307692307693 0.07692307692307693 0.07692307692307693 0.3076923076923077 0.07692307692307693 0.07692307692307693
0.0625 0.0625 0.0625 0.0625 0.3125 0.1875 0.0625 0.0625 0.0625 0.0625
0.15384615384615385 0.038461538461538464 0.3076923076923077 0.038461538461538464 0.15384615384615385 0.038461538461538464 0.07692307692307693 0.11538461538461539 0.038461538461538464 0.038461538461538464
0.047619047619047616 0.047619047619047616 0.047619047619047616 0.047619047619047616 0.09523809523809523 0.09523809523809523 0.14285714285714285 0.2857142857142857 0.14285714285714285 0.047619047619047616
0.07692307692307693 0.07692307692307693 0.07692307692307693 0.07692307692307693 0.07692307692307693 0.07692307692307693 0.07692307692307693 0.23076923076923078 0.15384615384615385 0.07692307692307693
0.09090909090909091 0.13636363636363635 0.045454545454545456 0.09090909090909091 0.36363636363636365 0.045454545454545456 0.045454545454545456 0.09090909090909091 0.045454545454545456 0.045454545454545456
0.14285714285714285 0.03571428571428571 0.03571428571428571 0.17857142857142858 0.07142857142857142 0.10714285714285714 0.10714285714285714 0.07142857142857142 0.03571428571428571 0.21428571428571427
0.05 0.05 0.05 0.05 0.35 0.25 0.05 0.05 0.05 0.05
0.11764705882352941 0.11764705882352941 0.058823529411764705 0.058823529411764705 0.11764705882352941 0.058823529411764705 0.058823529411764705 0.23529411764705882 0.11764705882352941 0.058823529411764705
0.08695652173913043 0.043478260869565216 0.13043478260869565 0.13043478260869565 0.043478260869565216 0.08695652173913043 0.34782608695652173 0.043478260869565216 0.043478260869565216 0.043478260869565216
0.041666666666666664 0.041666666666666664 0.2916666666666667 0.041666666666666664 0.041666666666666664 0.2916666666666667 0.08333333333333333 0.041666666666666664 0.041666666666666664 0.08333333333333333
0.1 0.05 0.05 0.05 0.1 0.3 0.1 0.05 0.05 0.15
0.058823529411764705 0.058823529411764705 0.058823529411764705 0.058823529411764705 0.47058823529411764 0.058823529411764705 0.058823529411764705 0.058823529411764705 0.058823529411764705 0.058823529411764705
0.10526315789473684 0.05263157894736842 0.05263157894736842 0.05263157894736842 0.05263157894736842 0.10526315789473684 0.10526315789473684 0.05263157894736842 0.05263157894736842 0.3684210526315789
0.05 0.05 0.1 0.05 0.05 0.05 0.35 0.15 0.05 0.1
0.07142857142857142 0.14285714285714285 0.14285714285714285 0.07142857142857142 0.07142857142857142 0.14285714285714285 0.07142857142857142 0.07142857142857142 0.07142857142857142 0.14285714285714285
0.125 0.0625 0.0625 0.0625 0.125 0.125 0.0625 0.0625 0.1875 0.125
0.05555555555555555 0.05555555555555555 0.05555555555555555 0.05555555555555555 0.05555555555555555 0.16666666666666666 0.3333333333333333 0.05555555555555555 0.05555555555555555 0.1111111111111111
0.0625 0.125 0.3125 0.125 0.0625 0.0625 0.0625 0.0625 0.0625 0.0625
0.05 0.05 0.2 0.1 0.05 0.2 0.05 0.2 0.05 0.05
0.02857142857142857 0.02857142857142857 0.02857142857142857 0.02857142857142857 0.08571428571428572 0.2857142857142857 0.2 0.05714285714285714 0.05714285714285714 0.2
0.15384615384615385 0.07692307692307693 0.07692307692307693 0.15384615384615385 0.07692307692307693 0.07692307692307693 0.15384615384615385 0.07692307692307693 0.07692307692307693 0.07692307692307693
0.08571428571428572 0.2857142857142857 0.08571428571428572 0.2857142857142857 0.02857142857142857 0.02857142857142857 0.05714285714285714 0.02857142857142857 0.08571428571428572 0.02857142857142857
0.16 0.04 0.32 0.04 0.08 0.08 0.04 0.04 0.04 0.16
0.07692307692307693 0.07692307692307693 0.07692307692307693 0.07692307692307693 0.15384615384615385 0.07692307692307693 0.23076923076923078 0.07692307692307693 0.07692307692307693 0.07692307692307693
0.16666666666666666 0.047619047619047616 0.19047619047619047 0.11904761904761904 0.3333333333333333 0.023809523809523808 0.023809523809523808 0.023809523809523808 0.023809523809523808 0.047619047619047616
0.125 0.0625 0.0625 0.0625 0.125 0.0625 0.25 0.0625 0.0625 0.125
0.058823529411764705 0.11764705882352941 0.058823529411764705 0.058823529411764705 0.058823529411764705 0.058823529411764705 0.4117647058823529 0.058823529411764705 0.058823529411764705 0.058823529411764705
0.07142857142857142 0.07142857142857142 0.07142857142857142 0.07142857142857142 0.07142857142857142 0.07142857142857142 0.35714285714285715 0.07142857142857142 0.07142857142857142 0.07142857142857142
0.07142857142857142 0.21428571428571427 0.07142857142857142 0.07142857142857142 0.14285714285714285 0.07142857142857142 0.07142857142857142 0.07142857142857142 0.07142857142857142 0.14285714285714285
0.06666666666666667 0.2 0.06666666666666667 0.06666666666666667 0.13333333333333333 0.06666666666666667 0.13333333333333333 0.06666666666666667 0.06666666666666667 0.13333333333333333
0.13333333333333333 0.06666666666666667 0.06666666666666667 0.06666666666666667 0.13333333333333333 0.13333333333333333 0.2 0.06666666666666667 0.06666666666666667 0.06666666666666667
0.07142857142857142 0.07142857142857142 0.07142857142857142 0.07142857142857142 0.2857142857142857 0.07142857142857142 0.14285714285714285 0.07142857142857142 0.07142857142857142 0.07142857142857142
0.06666666666666667 0.13333333333333333 0.13333333333333333 0.13333333333333333 0.13333333333333333 0.06666666666666667 0.06666666666666667 0.06666666666666667 0.06666666666666667 0.13333333333333333
0.11764705882352941 0.058823529411764705 0.058823529411764705 0.058823529411764705 0.058823529411764705 0.23529411764705882 0.17647058823529413 0.11764705882352941 0.058823529411764705 0.058823529411764705
0.08333333333333333 0.08333333333333333 0.08333333333333333 0.16666666666666666 0.08333333333333333 0.08333333333333333 0.08333333333333333 0.08333333333333333 0.08333333333333333 0.16666666666666666
0.058823529411764705 0.058823529411764705 0.11764705882352941 0.23529411764705882 0.058823529411764705 0.058823529411764705 0.23529411764705882 0.058823529411764705 0.058823529411764705 0.058823529411764705
0.07692307692307693 0.07692307692307693 0.07692307692307693 0.07692307692307693 0.15384615384615385 0.23076923076923078 0.07692307692307693 0.07692307692307693 0.07692307692307693 0.07692307692307693
0.06666666666666667 0.13333333333333333 0.06666666666666667 0.13333333333333333 0.06666666666666667 0.06666666666666667 0.2 0.06666666666666667 0.13333333333333333 0.06666666666666667
0.2 0.05 0.05 0.15 0.05 0.1 0.05 0.05 0.25 0.05
0.08333333333333333 0.08333333333333333 0.16666666666666666 0.08333333333333333 0.08333333333333333 0.08333333333333333 0.16666666666666666 0.08333333333333333 0.08333333333333333 0.08333333333333333
0.08333333333333333 0.16666666666666666 0.08333333333333333 0.08333333333333333 0.08333333333333333 0.08333333333333333 0.08333333333333333 0.08333333333333333 0.16666666666666666 0.08333333333333333
0.07142857142857142 0.07142857142857142 0.07142857142857142 0.07142857142857142 0.07142857142857142 0.07142857142857142 0.07142857142857142 0.21428571428571427 0.07142857142857142 0.21428571428571427
0.058823529411764705 0.058823529411764705 0.058823529411764705 0.11764705882352941 0.058823529411764705 0.11764705882352941 0.35294117647058826 0.058823529411764705 0.058823529411764705 0.058823529411764705
0.05263157894736842 0.05263157894736842 0.05263157894736842 0.05263157894736842 0.05263157894736842 0.05263157894736842 0.42105263157894735 0.05263157894736842 0.15789473684210525 0.05263157894736842
0.10526315789473684 0.05263157894736842 0.05263157894736842 0.10526315789473684 0.05263157894736842 0.05263157894736842 0.05263157894736842 0.15789473684210525 0.10526315789473684 0.2631578947368421
0.08695652173913043 0.08695652173913043 0.13043478260869565 0.08695652173913043 0.08695652173913043 0.043478260869565216 0.043478260869565216 0.043478260869565216 0.043478260869565216 0.34782608695652173
