0.05410628019323679 0.3618357487922706 0.1874396135265701 0.1381642512077295 0.2584541062801933
0.12407407407407409 0.4398148148148146 0.19907407407407415 0.12592592592592602 0.11111111111111113
0.1166666666666665 0.518888888888889 0.13222222222222205 0.11666666666666647 0.1155555555555554
0.09236111111111112 0.46319444444444446 0.19305555555555556 0.1125 0.1388888888888889
0.12026143790849658 0.08169934640522859 0.25032679738562064 0.2549019607843134 0.29281045751633955
0.21111111111111108 0.17936507936507945 0.2460317460317458 0.20793650793650784 0.15555555555555547
0.08333333333333329 0.2603174603174604 0.3476190476190474 0.14761904761904746 0.16111111111111098
0.1350877192982455 0.16432748538011685 0.23099415204678364 0.14327485380116947 0.32631578947368417
0.14242424242424256 0.12121212121212133 0.42727272727272736 0.11010101010101016 0.19898989898989924
0.1419753086419752 0.17407407407407394 0.33888888888888885 0.13827160493827143 0.20679012345679007
0.11975308641975284 0.14320987654320963 0.24567901234567874 0.24567901234567868 0.24567901234567865
0.12469135802469115 0.44074074074074054 0.19012345679012327 0.11604938271604914 0.12839506172839485
0.1333333333333331 0.1555555555555553 0.2814814814814811 0.18518518518518493 0.24444444444444402
0.12444444444444423 0.35222222222222216 0.2722222222222222 0.11555555555555538 0.13555555555555543
0.10123456790123443 0.06666666666666654 0.24753086419753104 0.48580246913580233 0.09876543209876527
0.15432098765432084 0.08148148148148136 0.5518518518518518 0.08086419753086407 0.13148148148148128
0.1571428571428571 0.17619047619047615 0.22380952380952368 0.2555555555555554 0.1873015873015872
0.08944444444444437 0.3933333333333334 0.36166666666666664 0.06722222222222211 0.08833333333333329
0.18541666666666667 0.09652777777777778 0.24722222222222223 0.3576388888888889 0.11319444444444444
0.18888888888888888 0.20694444444444443 0.19305555555555556 0.19166666666666668 0.21944444444444444
0.49583333333333335 0.12777777777777777 0.125 0.125 0.12638888888888888
0.10111111111111093 0.09999999999999983 0.25000000000000006 0.38999999999999985 0.15888888888888872
0.19999999999999976 0.11728395061728374 0.13827160493827134 0.3925925925925924 0.15185185185185165
0.12098765432098742 0.4753086419753086 0.11728395061728374 0.1185185185185183 0.16790123456790093
0.11825396825396817 0.08253968253968247 0.09682539682539677 0.11746031746031738 0.5849206349206352
0.07530864197530854 0.06296296296296285 0.16913580246913573 0.5925925925925926 0.09999999999999988
0.17716049382716026 0.0685185185185184 0.20679012345679013 0.4858024691358027 0.061728395061728294
0.1235294117647057 0.0640522875816992 0.10522875816993449 0.5241830065359474 0.18300653594771224
0.14285714285714277 0.4285714285714284 0.14285714285714277 0.14285714285714277 0.14285714285714277
0.2363636363636365 0.12727272727272737 0.34949494949494964 0.14242424242424256 0.14444444444444457
0.08918918918918918 0.35045045045045037 0.15525525525525521 0.20480480480480487 0.20030030030030024
0.11358024691358003 0.3716049382716043 0.2641975308641971 0.12962962962962937 0.12098765432098744
0.0745370370370371 0.05740740740740744 0.17638888888888893 0.4481481481481481 0.2435185185185184
0.12999999999999987 0.1277777777777776 0.25000000000000017 0.35999999999999993 0.13222222222222202
0.11333333333333315 0.11333333333333316 0.37 0.2777777777777778 0.1255555555555554
0.10101010101010106 0.09494949494949495 0.25656565656565683 0.11414141414141418 0.43333333333333335
0.16597222222222222 0.15069444444444444 0.2388888888888889 0.0875 0.35694444444444445
0.0857142857142857 0.13174603174603164 0.17063492063492056 0.16269841269841256 0.449206349206349
0.28383838383838406 0.10303030303030308 0.1737373737373739 0.3353535353535353 0.10404040404040411
0.07320261437908483 0.08300653594771228 0.14313725490196058 0.1235294117647057 0.5771241830065358
0.10555555555555537 0.22666666666666674 0.42999999999999994 0.12444444444444427 0.11333333333333316
0.075 0.5590277777777778 0.10069444444444445 0.09027777777777778 0.175
0.2833333333333333 0.4701388888888889 0.08888888888888889 0.07291666666666667 0.08472222222222223
0.16666666666666646 0.16666666666666646 0.16666666666666646 0.21296296296296294 0.2870370370370368
0.10555555555555554 0.11203703703703702 0.512037037037037 0.10462962962962964 0.16574074074074077
0.061375661375661306 0.05714285714285706 0.06455026455026448 0.21640211640211615 0.6005291005291007
0.275 0.15185185185185188 0.34259259259259267 0.11296296296296292 0.1175925925925926
0.09856630824372759 0.05161290322580642 0.5551971326164877 0.15197132616487452 0.14265232974910405
0.1504273504273503 0.11111111111111105 0.18205128205128196 0.4111111111111109 0.14529914529914517
0.1324786324786324 0.09658119658119652 0.13162393162393146 0.482051282051282 0.15726495726495712
0.11984126984126978 0.13015873015873008 0.1071428571428571 0.20555555555555574 0.43730158730158736
0.07999999999999997 0.08000000000000003 0.6311111111111111 0.1148148148148148 0.09407407407407406
0.18095238095238098 0.16666666666666663 0.1857142857142856 0.17936507936507928 0.28730158730158706
0.10643274853801163 0.3590643274853799 0.11578947368421048 0.09999999999999994 0.3187134502923975
0.3767676767676766 0.18181818181818202 0.11010101010101019 0.13737373737373745 0.19393939393939413
0.14444444444444418 0.12839506172839482 0.22716049382716016 0.32716049382716006 0.17283950617283927
0.16785714285714282 0.0698412698412698 0.11865079365079369 0.06825396825396822 0.5753968253968256
0.07592592592592579 0.06604938271604927 0.49382716049382674 0.19074074074074063 0.17345679012345666
0.11111111111111094 0.6938271604938266 0.07283950617283941 0.05925925925925915 0.06296296296296285
0.33006535947712373 0.11895424836601293 0.12483660130718935 0.2039215686274509 0.222222222222222
0.15444444444444436 0.6438888888888888 0.07944444444444437 0.05888888888888879 0.06333333333333324
0.15694444444444444 0.14444444444444443 0.15138888888888888 0.3958333333333333 0.15138888888888888
0.19444444444444445 0.18611111111111112 0.28888888888888886 0.16111111111111112 0.16944444444444445
0.20555555555555552 0.41555555555555546 0.13444444444444426 0.1166666666666665 0.1277777777777776
0.11818181818181821 0.10404040404040407 0.32929292929292947 0.34545454545454535 0.10303030303030308
0.1185185185185183 0.39259259259259205 0.19259259259259234 0.16049382716049354 0.1358024691358022
0.16172839506172818 0.12222222222222198 0.16049382716049354 0.18024691358024675 0.3753086419753081
0.14722222222222223 0.29583333333333334 0.25 0.15833333333333333 0.1486111111111111
0.12839506172839482 0.12469135802469111 0.1518518518518516 0.46172839506172847 0.1333333333333331
0.10333333333333317 0.10222222222222206 0.2111111111111111 0.37222222222222207 0.211111111111111
0.18362573099415194 0.10233918128654963 0.17836257309941514 0.175438596491228 0.36023391812865496
0.3869565217391305 0.07004830917874406 0.06521739130434792 0.0608695652173914 0.41690821256038646
0.0928571428571428 0.24365079365079365 0.15476190476190466 0.08492063492063491 0.4238095238095236
0.1094017094017093 0.09487179487179481 0.19743589743589718 0.1735042735042733 0.4247863247863247
0.13472222222222222 0.14305555555555555 0.23194444444444445 0.3472222222222222 0.14305555555555555
0.1460317460317459 0.14603174603174593 0.23333333333333325 0.21269841269841258 0.26190476190476186
0.13819444444444445 0.08958333333333333 0.09097222222222222 0.1 0.58125
0.05916666666666664 0.0783333333333333 0.04361111111111106 0.03611111111111106 0.782777777777778
0.1986111111111111 0.15555555555555556 0.16666666666666666 0.15833333333333333 0.32083333333333336
0.2574074074074075 0.13333333333333333 0.15185185185185193 0.1398148148148149 0.3175925925925926
0.13333333333333333 0.11481481481481476 0.1518518518518519 0.22499999999999992 0.37500000000000006
0.19166666666666668 0.15833333333333333 0.29375 0.18263888888888888 0.1736111111111111
0.06060606060606056 0.09865319865319866 0.10808080808080803 0.325925925925926 0.4067340067340066
0.060714285714285686 0.12619047619047613 0.6761904761904762 0.06468253968253965 0.07222222222222217
0.15925925925925902 0.28024691358024645 0.21358024691358 0.20370370370370341 0.14320987654320966
0.17654320987654293 0.19382716049382687 0.14197530864197505 0.20740740740740718 0.2802469135802465
0.15213675213675193 0.09829059829059826 0.39230769230769197 0.13760683760683748 0.21965811965811938
0.10170940170940158 0.10512820512820503 0.10427350427350415 0.10940170940170935 0.5794871794871799
0.5384615384615385 0.09059829059829055 0.1247863247863247 0.14444444444444426 0.1017094017094016
0.17513227513227497 0.25661375661375635 0.18359788359788345 0.09629629629629621 0.2883597883597881
0.09595959595959597 0.098989898989899 0.3707070707070706 0.30404040404040406 0.13030303030303042
0.09305555555555556 0.053125 0.47604166666666664 0.05416666666666667 0.3236111111111111
0.3095238095238092 0.16825396825396816 0.1634920634920634 0.1619047619047618 0.1968253968253967
0.44166666666666665 0.23148148148148154 0.15000000000000002 0.08703703703703693 0.08981481481481471
0.6590909090909091 0.10808080808080817 0.08989898989899005 0.0737373737373738 0.06919191919191922
0.13194444444444445 0.28055555555555556 0.13055555555555556 0.32083333333333336 0.1361111111111111
0.22345679012345648 0.22839506172839477 0.2851851851851848 0.15185185185185157 0.1111111111111109
0.125 0.5 0.125 0.125 0.125
0.0794871794871794 0.08205128205128195 0.11282051282051271 0.5777777777777777 0.14786324786324773
0.20555555555555552 0.29222222222222216 0.1855555555555554 0.18666666666666656 0.1299999999999998
0.0972222222222222 0.09537037037037034 0.16018518518518526 0.5416666666666667 0.10555555555555554
0.14938271604938247 0.14320987654320963 0.1641975308641974 0.15061728395061702 0.3925925925925923
0.4466666666666664 0.21777777777777751 0.11555555555555534 0.11111111111111095 0.1088888888888887
0.42301587301587273 0.26904761904761904 0.10079365079365071 0.10396825396825396 0.1031746031746031
0.11358024691358003 0.4987654320987654 0.1555555555555553 0.1111111111111109 0.12098765432098742
0.5966666666666676 0.10111111111111093 0.10111111111111094 0.09999999999999983 0.10111111111111094
0.24222222222222203 0.11888888888888874 0.3455555555555555 0.1288888888888887 0.16444444444444437
0.11277777777777777 0.1277777777777778 0.23944444444444446 0.2972222222222221 0.22277777777777774
0.23888888888888893 0.27222222222222225 0.2648148148148148 0.11574074074074073 0.10833333333333331
0.1077777777777776 0.5000000000000002 0.16999999999999982 0.11666666666666649 0.10555555555555537
0.0777777777777777 0.31367521367521317 0.22051282051282028 0.11196581196581189 0.2760683760683757
0.12222222222222234 0.1131313131313132 0.377777777777778 0.14343434343434353 0.24343434343434356
0.23703703703703666 0.3135802469135798 0.19259259259259237 0.12962962962962937 0.12716049382716027
0.12716049382716027 0.20987654320987628 0.18765432098765406 0.27901234567901206 0.196296296296296
0.2777777777777774 0.18641975308641956 0.26419753086419717 0.15061728395061702 0.12098765432098744
0.08034188034188025 0.08034188034188025 0.10769230769230763 0.2572649572649569 0.47435897435897445
0.414285714285714 0.14444444444444432 0.1460317460317459 0.14603174603174596 0.14920634920634912
0.125 0.125 0.18611111111111112 0.34305555555555556 0.22083333333333333
0.1358024691358022 0.506172839506173 0.11358024691358003 0.12222222222222198 0.12222222222222198
0.12469135802469113 0.13950617283950592 0.15308641975308618 0.30864197530864146 0.2740740740740737
0.31000000000000005 0.13222222222222205 0.2144444444444444 0.10666666666666651 0.23666666666666672
0.22555555555555548 0.07722222222222214 0.25888888888888895 0.09888888888888879 0.33944444444444444
0.11728395061728371 0.11358024691358003 0.12098765432098742 0.13086419753086398 0.5172839506172844
0.14166666666666666 0.14166666666666666 0.14027777777777778 0.1361111111111111 0.44027777777777777
0.15666666666666648 0.15222222222222204 0.1666666666666665 0.17222222222222205 0.3522222222222222
0.11975308641975288 0.1185185185185183 0.12839506172839485 0.2864197530864193 0.34691358024691304
0.10333333333333314 0.40222222222222154 0.15666666666666645 0.2211111111111111 0.11666666666666647
0.12407407407407413 0.10648148148148145 0.11481481481481486 0.13796296296296304 0.5166666666666665
0.15999999999999978 0.10222222222222206 0.15444444444444427 0.12555555555555536 0.4577777777777778
0.09230769230769223 0.09401709401709393 0.10854700854700845 0.14615384615384602 0.5589743589743592
0.1333333333333333 0.11018518518518519 0.14999999999999997 0.1 0.5064814814814815
0.07385620915032665 0.22614379084967284 0.18627450980392155 0.0947712418300652 0.41895424836601275
0.09999999999999994 0.12380952380952369 0.3158730158730159 0.21190476190476187 0.24841269841269834
0.10317460317460313 0.09920634920634917 0.12142857142857137 0.5047619047619046 0.17142857142857126
0.0785185185185185 0.1281481481481481 0.12222222222222218 0.3407407407407403 0.33037037037037004
0.221111111111111 0.14222222222222208 0.311111111111111 0.15444444444444422 0.17111111111111094
0.15061728395061702 0.44691358024691347 0.17901234567901225 0.11234567901234546 0.1111111111111109
0.1203703703703702 0.36851851851851847 0.08456790123456778 0.09444444444444433 0.3320987654320987
0.1456140350877192 0.25555555555555537 0.2064327485380117 0.18187134502923968 0.21052631578947367
0.12380952380952369 0.22063492063492057 0.3134920634920635 0.16746031746031734 0.1746031746031745
0.19407407407407393 0.11555555555555547 0.37185185185185127 0.14 0.17851851851851847
0.32539682539682546 0.41706349206349197 0.10238095238095234 0.10714285714285715 0.04801587301587299
0.11333333333333316 0.5022222222222222 0.1455555555555554 0.11999999999999982 0.11888888888888872
0.08632478632478624 0.3393162393162389 0.10512820512820507 0.09658119658119653 0.37264957264957227
0.0981481481481481 0.09444444444444439 0.2212962962962963 0.47685185185185175 0.10925925925925922
0.6946859903381646 0.05458937198067642 0.08115942028985518 0.07149758454106288 0.09806763285024152
0.49722222222222223 0.12638888888888888 0.12638888888888888 0.125 0.125
0.3598290598290594 0.27094017094017053 0.08888888888888882 0.14102564102564086 0.13931623931623915
0.14166666666666666 0.45 0.14305555555555555 0.13333333333333333 0.13194444444444445
0.09907407407407405 0.09537037037037031 0.21759259259259245 0.09907407407407405 0.4888888888888887
0.4566666666666663 0.11222222222222206 0.12777777777777763 0.16333333333333314 0.13999999999999985
0.5175925925925926 0.13148148148148148 0.14351851851851857 0.09259259259259255 0.11481481481481488
0.09761904761904759 0.07222222222222216 0.09841269841269831 0.6428571428571436 0.08888888888888885
0.10576131687242792 0.0526748971193416 0.1477366255144032 0.5370370370370371 0.15679012345679005
0.1297979797979799 0.05404040404040405 0.13535353535353545 0.4974747474747476 0.18333333333333338
0.4174603174603172 0.07539682539682534 0.0984126984126984 0.33174603174603173 0.07698412698412693
0.3777777777777773 0.19876543209876515 0.17777777777777756 0.12098765432098744 0.12469135802469115
0.09305555555555556 0.28402777777777777 0.1326388888888889 0.36041666666666666 0.12986111111111112
0.1111111111111109 0.5456790123456798 0.11604938271604917 0.11604938271604917 0.1111111111111109
0.19999999999999965 0.1185185185185183 0.12098765432098744 0.19753086419753063 0.36296296296296254
0.3766666666666666 0.10666666666666651 0.1599999999999998 0.1677777777777776 0.1888888888888888
0.10683760683760674 0.10683760683760678 0.11794871794871786 0.12222222222222211 0.546153846153846
0.06414141414141421 0.06262626262626271 0.16212121212121222 0.6060606060606063 0.10505050505050509
0.4590643274853801 0.0625730994152047 0.14502923976608173 0.2269005847953216 0.10643274853801164
0.24074074074074076 0.4824074074074074 0.10277777777777773 0.08796296296296287 0.086111111111111
0.2432098765432094 0.12469135802469111 0.36666666666666614 0.12716049382716027 0.1382716049382714
0.11259259259259259 0.09999999999999996 0.15703703703703692 0.48444444444444446 0.14592592592592585
0.11507936507936496 0.09285714285714282 0.14047619047619037 0.44126984126984103 0.21031746031746038
0.34920634920634874 0.14444444444444435 0.1777777777777777 0.15714285714285703 0.17142857142857132
0.11888888888888872 0.10999999999999982 0.14555555555555538 0.24444444444444433 0.3811111111111113
0.1111111111111109 0.5111111111111114 0.14691358024691328 0.11358024691358003 0.11728395061728374
0.11333333333333316 0.10111111111111094 0.15444444444444422 0.5233333333333338 0.10777777777777761
0.22222222222222182 0.42716049382716 0.11975308641975285 0.1185185185185183 0.11234567901234546
0.10158730158730152 0.08809523809523802 0.1690476190476189 0.5468253968253969 0.09444444444444444
0.25703703703703684 0.09185185185185188 0.10888888888888888 0.11999999999999993 0.4222222222222219
0.09206349206349201 0.6238095238095238 0.09841269841269835 0.09206349206349203 0.09365079365079361
0.11777777777777763 0.5011111111111112 0.1399999999999998 0.11999999999999982 0.12111111111111093
0.12962962962962937 0.11358024691358003 0.12962962962962937 0.3506172839506168 0.27654320987654285
0.3461538461538457 0.23247863247863204 0.08376068376068369 0.12222222222222208 0.215384615384615
0.12638888888888888 0.49166666666666664 0.12638888888888888 0.12638888888888888 0.12916666666666668
0.12962962962962937 0.21975308641975277 0.1987654320987652 0.3234567901234563 0.12839506172839482
0.11728395061728374 0.19753086419753055 0.1320987654320985 0.23209876543209854 0.32098765432098725
0.1111111111111109 0.5555555555555566 0.1111111111111109 0.1111111111111109 0.1111111111111109
0.1262626262626264 0.0929292929292929 0.12929292929292946 0.32626262626262637 0.32525252525252524
0.5595959595959592 0.09696969696969698 0.11313131313131317 0.09191919191919189 0.13838383838383855
0.1696969696969698 0.3464646464646464 0.18989898989898996 0.17575757575757583 0.11818181818181826
0.18989898989899 0.12727272727272737 0.1717171717171718 0.3121212121212122 0.19898989898989905
0.20714285714285713 0.17063492063492047 0.19682539682539685 0.18412698412698406 0.24126984126984116
0.15555555555555556 0.42916666666666664 0.1527777777777778 0.12916666666666668 0.13333333333333333
0.5250000000000001 0.11018518518518519 0.14074074074074078 0.13518518518518519 0.0888888888888888
0.6282828282828271 0.09393939393939392 0.09191919191919187 0.09090909090909087 0.09494949494949492
0.5632478632478634 0.08290598290598283 0.13675213675213663 0.12222222222222211 0.09487179487179477
0.5976608187134503 0.0748538011695906 0.08538011695906432 0.13099415204678347 0.11111111111111105
0.24700854700854663 0.4461538461538461 0.10512820512820505 0.09572649572649561 0.10598290598290593
0.1040404040404041 0.11515151515151524 0.10707070707070714 0.22020202020202034 0.45353535353535346
0.0828282828282829 0.08838383838383852 0.12575757575757582 0.2828282828282828 0.42020202020201997
0.6333333333333333 0.12888888888888878 0.07925925925925924 0.08000000000000003 0.0785185185185185
0.19682539682539676 0.19523809523809518 0.1888888888888888 0.21428571428571408 0.20476190476190462
0.514814814814815 0.19722222222222222 0.09629629629629623 0.09814814814814805 0.09351851851851846
0.5984126984126988 0.08650793650793645 0.08571428571428567 0.11428571428571427 0.11507936507936496
0.15111111111111086 0.3355555555555555 0.16999999999999985 0.17222222222222208 0.17111111111111096
0.2730158730158729 0.20952380952380945 0.22539682539682526 0.1460317460317459 0.14603174603174596
0.11925925925925919 0.11555555555555554 0.10814814814814812 0.5162962962962965 0.14074074074074072
0.2444444444444448 0.11212121212121215 0.21111111111111122 0.11515151515151528 0.31717171717171727
0.11604938271604914 0.11975308641975285 0.1370370370370368 0.1320987654320985 0.4950617283950621
0.21031746031746026 0.3936507936507934 0.10158730158730156 0.10555555555555551 0.18888888888888872
0.11794871794871782 0.35042735042734996 0.11452991452991444 0.315384615384615 0.10170940170940164
0.11503267973856197 0.4183006535947711 0.13986928104575147 0.10522875816993449 0.22156862745098016
0.13240740740740747 0.29629629629629617 0.08981481481481472 0.35185185185185175 0.12962962962962962
0.7055555555555563 0.07301587301587298 0.07301587301587298 0.07380952380952377 0.07460317460317455
0.1282828282828284 0.18484848484848504 0.27070707070707084 0.10606060606060613 0.3101010101010101
0.262393162393162 0.1538461538461537 0.3282051282051278 0.158119658119658 0.09743589743589737
0.07460317460317456 0.07142857142857138 0.09682539682539677 0.6571428571428577 0.09999999999999994
0.1277777777777777 0.11031746031746022 0.26507936507936497 0.09523809523809523 0.4015873015873016
0.27878787878787903 0.10303030303030308 0.10606060606060609 0.17878787878787883 0.3333333333333333
0.11307189542483642 0.36405228758169883 0.16013071895424824 0.1352941176470586 0.22745098039215653
0.14285714285714277 0.14285714285714277 0.2126984126984127 0.35079365079365027 0.15079365079365067
0.08034188034188026 0.07863247863247855 0.38974358974358914 0.13418803418803402 0.31709401709401663
0.12727272727272737 0.19595959595959608 0.22828282828282834 0.10606060606060609 0.34242424242424246
0.07354497354497347 0.05767195767195758 0.2513227513227511 0.33756613756613707 0.2798941798941796
0.15308641975308618 0.4790123456790127 0.12716049382716027 0.11481481481481458 0.12592592592592566
0.12916666666666668 0.13194444444444445 0.15833333333333333 0.26805555555555555 0.3125
0.12444444444444445 0.5238888888888886 0.12277777777777776 0.058333333333333244 0.17055555555555557
0.14444444444444435 0.14285714285714277 0.14444444444444438 0.3333333333333329 0.23492063492063475
0.32944444444444476 0.06611111111111102 0.06722222222222213 0.47444444444444434 0.0627777777777777
0.3283950617283945 0.11975308641975288 0.14320987654320963 0.1580246913580244 0.2506172839506169
0.15061728395061702 0.14074074074074053 0.13950617283950592 0.14567901234567876 0.4234567901234565
0.1348148148148147 0.4992592592592594 0.0925925925925926 0.11851851851851847 0.15481481481481474
0.0897435897435897 0.10341880341880337 0.09999999999999996 0.6282051282051282 0.07863247863247855
0.03830409356725144 0.2198830409356724 0.07631578947368416 0.5330409356725146 0.13245614035087716
0.10111111111111094 0.10111111111111094 0.10111111111111093 0.49444444444444446 0.20222222222222214
0.09565217391304355 0.07004830917874405 0.1285024154589372 0.6260869565217392 0.07971014492753632
0.15277777777777782 0.10740740740740742 0.1240740740740741 0.26851851851851855 0.34722222222222227
0.12098765432098742 0.3962962962962957 0.19506172839506147 0.15555555555555525 0.13209876543209853
0.19708994708994695 0.10634920634920622 0.20132275132275126 0.4309523809523808 0.06428571428571424
0.0733333333333333 0.07555555555555553 0.08962962962962964 0.6392592592592592 0.12222222222222216
0.11666666666666649 0.11333333333333315 0.24333333333333343 0.19000000000000006 0.3366666666666668
0.09603174603174598 0.09920634920634919 0.11825396825396817 0.09841269841269831 0.5880952380952384
0.15308641975308618 0.14444444444444424 0.16172839506172818 0.13703703703703682 0.4037037037037037
0.14206349206349195 0.10952380952380947 0.15079365079365076 0.15873015873015858 0.43888888888888883
0.4262626262626259 0.0929292929292929 0.09696969696969698 0.18181818181818196 0.20202020202020213
0.09259259259259246 0.20246913580246909 0.1506172839506171 0.459259259259259 0.09506172839506159
0.1543209876543207 0.16172839506172812 0.17777777777777745 0.3888888888888883 0.11728395061728374
0.46049382716049386 0.12222222222222198 0.13086419753086395 0.15308641975308615 0.1333333333333331
0.16349206349206336 0.15238095238095228 0.28730158730158706 0.15079365079365073 0.24603174603174588
0.07839506172839493 0.4364197530864191 0.07530864197530851 0.20370370370370358 0.20617283950617274
0.5340740740740741 0.11037037037037033 0.13333333333333325 0.10222222222222221 0.11999999999999997
0.05944444444444435 0.05277777777777769 0.06111111111111101 0.7316666666666662 0.095
0.11358024691358003 0.5444444444444453 0.11604938271604917 0.11358024691358003 0.11234567901234546
0.4625 0.125 0.14444444444444443 0.13194444444444445 0.1361111111111111
0.13333333333333333 0.12916666666666668 0.2152777777777778 0.3236111111111111 0.1986111111111111
0.17407407407407394 0.09576719576719568 0.17195767195767186 0.24920634920634888 0.3089947089947087
0.08571428571428566 0.13809523809523794 0.30873015873015874 0.3722222222222221 0.09523809523809518
0.12136752136752126 0.08717948717948709 0.20769230769230745 0.10598290598290588 0.47777777777777786
0.6202020202020192 0.09090909090909087 0.09494949494949495 0.0929292929292929 0.10101010101010106
0.1515151515151516 0.23131313131313144 0.15858585858585872 0.272727272727273 0.185858585858586
0.09629629629629627 0.23518518518518525 0.14814814814814828 0.35740740740740745 0.162962962962963
0.5233333333333335 0.12666666666666648 0.1288888888888887 0.11333333333333316 0.1077777777777776
0.16203703703703717 0.12500000000000003 0.1583333333333334 0.18333333333333338 0.3712962962962964
0.13580246913580224 0.45925925925925865 0.1296296296296294 0.11851851851851827 0.15679012345678986
0.06666666666666665 0.06666666666666665 0.07777777777777774 0.6777777777777778 0.11111111111111104
0.17160493827160475 0.07901234567901222 0.20740740740740737 0.11913580246913572 0.4228395061728394
0.23015873015873012 0.18412698412698403 0.15873015873015872 0.28253968253968237 0.14444444444444438
0.09722222222222222 0.08541666666666667 0.09097222222222222 0.21458333333333332 0.5118055555555555
0.042087542087542056 0.0885521885521885 0.12828282828282841 0.5814814814814814 0.15959595959595968
0.388 0.07333333333333339 0.08800000000000006 0.276 0.1746666666666665
0.07777777777777771 0.12393162393162382 0.09401709401709396 0.623931623931624 0.08034188034188025
0.04722222222222222 0.30868055555555557 0.10347222222222222 0.4583333333333333 0.08229166666666667
0.15238095238095223 0.14761904761904754 0.16031746031746025 0.2380952380952379 0.3015873015873013
0.11666666666666667 0.4027777777777777 0.1305555555555556 0.10648148148148148 0.2435185185185186
0.04755555555555559 0.052444444444444474 0.061333333333333365 0.6311111111111113 0.20755555555555544
0.22083333333333333 0.2777777777777778 0.21597222222222223 0.13541666666666666 0.15
0.06507936507936504 0.14920634920634918 0.14722222222222225 0.5531746031746032 0.08531746031746025
0.28827160493827164 0.05617283950617273 0.07345679012345668 0.5129629629629632 0.06913580246913568
0.14285714285714277 0.14285714285714277 0.14285714285714277 0.4285714285714284 0.14285714285714277
0.16944444444444445 0.17777777777777778 0.16527777777777777 0.1763888888888889 0.3111111111111111
0.13240740740740745 0.09722222222222214 0.11111111111111115 0.15740740740740747 0.5018518518518517
0.5111111111111113 0.11975308641975288 0.12839506172839482 0.11728395061728371 0.12345679012345658
0.3347222222222222 0.12916666666666668 0.2 0.19305555555555556 0.14305555555555555
0.08632478632478625 0.08034188034188026 0.0914529914529914 0.6572649572649574 0.08461538461538455
0.08547008547008542 0.35982905982905933 0.16666666666666646 0.2752136752136749 0.11282051282051271
0.24592592592592577 0.08074074074074072 0.10518518518518515 0.22518518518518502 0.3429629629629625
0.23921568627450943 0.18104575163398665 0.08954248366013058 0.3973856209150322 0.09281045751633969
0.11777777777777762 0.1266666666666665 0.1411111111111109 0.15333333333333315 0.46111111111111097
0.2790123456790124 0.0913580246913579 0.07469135802469122 0.4895061728395061 0.06543209876543198
0.057309941520467866 0.05789473684210527 0.06783625730994144 0.745029239766082 0.07192982456140345
0.08333333333333329 0.18571428571428553 0.33015873015873004 0.28015873015873 0.12063492063492058
0.07013888888888889 0.21319444444444444 0.08125 0.5625 0.07291666666666667
0.12608695652173915 0.28792270531400976 0.0908212560386474 0.3381642512077295 0.15700483091787448
0.15555555555555572 0.1252525252525254 0.15555555555555567 0.16060606060606075 0.403030303030303
0.10683760683760675 0.07692307692307684 0.10683760683760675 0.6153846153846155 0.09401709401709392
0.10202020202020205 0.12020202020202032 0.10505050505050507 0.5262626262626264 0.14646464646464658
0.3277777777777774 0.16666666666666646 0.1685185185185183 0.16851851851851832 0.16851851851851826
0.4641975308641971 0.11728395061728371 0.13456790123456763 0.12839506172839482 0.1555555555555553
0.07142857142857138 0.07142857142857138 0.07460317460317453 0.6920634920634929 0.09047619047619047
0.1518518518518519 0.17777777777777776 0.31759259259259254 0.23611111111111116 0.11666666666666667
0.08496732026143777 0.1869281045751631 0.21503267973856177 0.4084967320261435 0.10457516339869259
0.16172839506172812 0.13086419753086398 0.23333333333333306 0.1666666666666664 0.30740740740740696
0.17152777777777778 0.4152777777777778 0.09652777777777778 0.12777777777777777 0.18888888888888888
0.2191919191919189 0.21111111111111108 0.06565656565656573 0.45505050505050443 0.04898989898989897
0.16370370370370355 0.5044444444444445 0.11555555555555548 0.08148148148148147 0.13481481481481472
0.5244444444444446 0.14711111111111105 0.1311111111111111 0.10044444444444446 0.09688888888888894
0.31574074074074077 0.38935185185185167 0.10370370370370376 0.06666666666666668 0.12453703703703706
0.25611111111111107 0.19944444444444429 0.1444444444444444 0.16999999999999993 0.23000000000000004
0.18518518518518487 0.14320987654320963 0.13580246913580227 0.16790123456790101 0.3679012345679007
0.11313131313131322 0.1121212121212122 0.14646464646464666 0.23030303030303054 0.3979797979797982
0.3194444444444444 0.14444444444444443 0.1625 0.16944444444444445 0.20416666666666666
0.14305555555555555 0.14583333333333334 0.14166666666666666 0.18333333333333332 0.3861111111111111
0.1206349206349206 0.09444444444444447 0.2007936507936508 0.2849206349206349 0.29920634920634925
0.14285714285714277 0.4285714285714284 0.14285714285714277 0.14285714285714277 0.14285714285714277
0.06458333333333334 0.06666666666666667 0.34305555555555556 0.40625 0.11944444444444445
0.0719298245614035 0.09532163742690052 0.13684210526315777 0.41637426900584784 0.27953216374268997
0.12777777777777777 0.49583333333333335 0.12638888888888888 0.125 0.125
0.5393939393939392 0.10404040404040407 0.15151515151515163 0.09494949494949492 0.11010101010101017
0.14285714285714277 0.4238095238095235 0.1460317460317459 0.14444444444444435 0.14285714285714277
0.060233918128654945 0.05730994152046782 0.15964912280701743 0.5298245614035089 0.19298245614035084
0.4271604938271603 0.11728395061728371 0.15432098765432073 0.11851851851851827 0.1827160493827158
0.37160493827160446 0.1259259259259257 0.241975308641975 0.12469135802469111 0.13580246913580224
0.17666666666666644 0.13333333333333314 0.17222222222222208 0.30888888888888894 0.20888888888888885
0.1111111111111109 0.1111111111111109 0.1185185185185183 0.4246913580246913 0.23456790123456758
0.3269841269841266 0.165079365079365 0.1698412698412698 0.165079365079365 0.1730158730158729
0.08777777777777768 0.1605555555555557 0.15111111111111114 0.5288888888888889 0.07166666666666659
0.17843137254901933 0.061437908496731884 0.10196078431372536 0.5209150326797386 0.13725490196078413
0.2666666666666666 0.09444444444444439 0.3907407407407408 0.137962962962963 0.11018518518518523
0.3196969696969695 0.051010101010101026 0.13484848484848488 0.4373737373737376 0.057070707070707105
0.1634920634920634 0.3507936507936503 0.15714285714285703 0.1587301587301586 0.1698412698412697
0.1382716049382714 0.1259259259259257 0.17901234567901206 0.41358024691357986 0.1432098765432096
0.12469135802469113 0.12222222222222201 0.21604938271604918 0.40246913580246907 0.13456790123456763
0.125 0.4986111111111111 0.125 0.12638888888888888 0.125
0.3365079365079361 0.16825396825396818 0.15714285714285703 0.16825396825396816 0.16984126984126974
0.37888888888888883 0.20333333333333325 0.14111111111111088 0.14666666666666653 0.1299999999999998
0.1259259259259257 0.12716049382716027 0.3172839506172837 0.2913580246913577 0.13827160493827134
0.08888888888888884 0.07407407407407397 0.6555555555555557 0.07089947089947081 0.11058201058201046
0.6150326797385621 0.06732026143790837 0.1555555555555553 0.09411764705882335 0.06797385620915021
0.11919191919191924 0.11616161616161624 0.11313131313131317 0.4747474747474749 0.1767676767676769
0.4095238095238092 0.14444444444444432 0.1460317460317459 0.15079365079365073 0.14920634920634912
0.11234567901234546 0.5395061728395069 0.1259259259259257 0.1111111111111109 0.1111111111111109
0.49753086419753095 0.12098765432098744 0.13086419753086398 0.13086419753086398 0.11975308641975284
0.14305555555555555 0.45555555555555555 0.13472222222222222 0.1361111111111111 0.13055555555555556
0.17222222222222222 0.16666666666666666 0.16944444444444445 0.15694444444444444 0.3347222222222222
0.1797979797979799 0.12525252525252537 0.16262626262626276 0.11616161616161624 0.4161616161616161
0.14555555555555535 0.13444444444444428 0.15111111111111095 0.13333333333333314 0.43555555555555525
0.13086419753086398 0.12839506172839482 0.13703703703703682 0.13456790123456763 0.4691358024691358
0.15555555555555536 0.15222222222222206 0.18555555555555542 0.1622222222222221 0.3444444444444445
0.17083333333333334 0.15555555555555556 0.1638888888888889 0.18472222222222223 0.325
0.13846153846153836 0.4119658119658116 0.22991452991452968 0.12905982905982896 0.09059829059829057
0.05388888888888881 0.05611111111111102 0.09944444444444439 0.08444444444444432 0.7061111111111116
0.07430555555555556 0.06736111111111111 0.12013888888888889 0.11319444444444444 0.625
0.32478632478632435 0.2726495726495723 0.15811965811965795 0.10170940170940167 0.14273504273504256
0.08260869565217402 0.21545893719806766 0.2289855072463768 0.25024154589371983 0.22270531400966173
0.125 0.49027777777777776 0.12777777777777777 0.13055555555555556 0.12638888888888888
0.35714285714285665 0.14285714285714277 0.16666666666666655 0.15873015873015867 0.17460317460317445
0.15555555555555556 0.1486111111111111 0.21805555555555556 0.1527777777777778 0.325
0.1486111111111111 0.14583333333333334 0.15416666666666667 0.1486111111111111 0.4027777777777778
0.14285714285714277 0.4285714285714284 0.14285714285714277 0.14285714285714277 0.14285714285714277
0.2444444444444443 0.12999999999999987 0.2666666666666666 0.15111111111111095 0.20777777777777764
0.2015873015873015 0.31428571428571395 0.14603174603174596 0.1460317460317459 0.19206349206349202
0.15238095238095226 0.14920634920634912 0.1777777777777778 0.2650793650793648 0.25555555555555537
0.06717171717171722 0.5540404040404041 0.20757575757575764 0.07575757575757583 0.0954545454545455
0.09166666666666663 0.3722222222222223 0.3088888888888889 0.1127777777777778 0.11444444444444449
0.5598290598290597 0.13076923076923067 0.11794871794871786 0.09743589743589733 0.09401709401709393
0.15502645502645485 0.06825396825396819 0.4460317460317459 0.1068783068783068 0.22380952380952351
0.1131313131313132 0.188888888888889 0.1626262626262627 0.3868686868686868 0.14848484848484855
0.14166666666666666 0.4097222222222222 0.1388888888888889 0.15555555555555556 0.15416666666666667
0.1463601532567051 0.39195402298850607 0.30574712643678154 0.08812260536398467 0.06781609195402297
0.07666666666666656 0.08388888888888879 0.15555555555555564 0.0905555555555555 0.5933333333333334
0.3477777777777778 0.3738888888888889 0.1222222222222222 0.07388888888888877 0.08222222222222213
0.10606060606060612 0.11212121212121219 0.4868686868686871 0.17373737373737383 0.12121212121212128
0.25444444444444453 0.10333333333333317 0.1088888888888887 0.23222222222222225 0.3011111111111112
0.08632478632478627 0.3427350427350423 0.2341880341880339 0.25384615384615355 0.0829059829059828
0.08492063492063487 0.08571428571428569 0.42777777777777787 0.2531746031746032 0.14841269841269833
0.12777777777777777 0.49583333333333335 0.12638888888888888 0.125 0.125
0.12777777777777777 0.125 0.125 0.3 0.32222222222222224
0.38148148148148137 0.22037037037037038 0.16296296296296298 0.12592592592592602 0.10925925925925925
0.0895424836601306 0.12679738562091483 0.60718954248366 0.09281045751633973 0.0836601307189541
0.18395061728395035 0.3864197530864193 0.13580246913580224 0.16543209876543186 0.12839506172839485
0.18484848484848498 0.2515151515151518 0.13838383838383858 0.15252525252525265 0.2727272727272728
0.18518518518518512 0.11203703703703705 0.12870370370370374 0.1398148148148149 0.43425925925925946
0.13444444444444428 0.1411111111111109 0.26777777777777784 0.3222222222222221 0.13444444444444428
0.14285714285714277 0.42698412698412674 0.14285714285714277 0.14444444444444438 0.14285714285714277
0.4126984126984125 0.08730158730158728 0.17460317460317443 0.17857142857142844 0.1468253968253967
0.25238095238095226 0.1857142857142857 0.18571428571428572 0.19523809523809518 0.18095238095238086
0.41746031746031714 0.1460317460317459 0.14444444444444432 0.14761904761904754 0.14444444444444438
0.43529411764705855 0.17777777777777753 0.08431372549019592 0.2385620915032676 0.06405228758169922
0.08395061728395052 0.07469135802469125 0.5876543209876542 0.14320987654320977 0.11049382716049369
0.1829861111111111 0.18958333333333333 0.165625 0.14652777777777778 0.31527777777777777
0.1287037037037037 0.08981481481481472 0.3907407407407408 0.28425925925925927 0.10648148148148152
0.17283950617283925 0.13086419753086398 0.17283950617283922 0.3172839506172836 0.20617283950617257
0.1486111111111111 0.29444444444444445 0.14166666666666666 0.1736111111111111 0.24166666666666667
0.18888888888888888 0.1 0.31515151515151524 0.2797979797979799 0.11616161616161629
0.11428571428571425 0.09761904761904755 0.4952380952380953 0.18015873015872996 0.11269841269841259
0.35432098765432046 0.26172839506172807 0.14074074074074047 0.11358024691358004 0.1296296296296294
0.41010101010100997 0.10505050505050512 0.10505050505050507 0.20707070707070718 0.17272727272727278
0.09999999999999983 0.10444444444444427 0.11111111111111095 0.3388888888888889 0.3455555555555555
0.2555555555555554 0.12074074074074066 0.18592592592592583 0.24296296296296277 0.19481481481481472
0.5935185185185184 0.10092592592592589 0.11018518518518516 0.0925925925925925 0.10277777777777777
0.28055555555555556 0.1361111111111111 0.19305555555555556 0.21805555555555556 0.17222222222222222
0.06814814814814812 0.1281481481481481 0.37703703703703667 0.34222222222222165 0.08444444444444445
0.14285714285714277 0.1460317460317459 0.16031746031746025 0.17301587301587298 0.3777777777777772
0.08148148148148146 0.11259259259259259 0.5674074074074076 0.1451851851851851 0.0933333333333333
0.1685185185185186 0.16574074074074052 0.4148148148148149 0.1592592592592593 0.0916666666666666
0.11851851851851855 0.11574074074074073 0.16759259259259263 0.4120370370370371 0.18611111111111112
0.09907407407407402 0.10277777777777776 0.162037037037037 0.40925925925925927 0.22685185185185192
0.16597222222222222 0.3972222222222222 0.12291666666666666 0.08819444444444445 0.22569444444444445
0.23222222222222208 0.13222222222222205 0.1788888888888887 0.29444444444444434 0.16222222222222202
0.17870370370370356 0.46388888888888896 0.1722222222222221 0.08981481481481472 0.09537037037037031
0.11055555555555557 0.4127777777777777 0.13944444444444454 0.24111111111111122 0.09611111111111105
0.14814814814814808 0.15259259259259245 0.35481481481481436 0.21333333333333324 0.131111111111111
0.09292929292929289 0.09393939393939392 0.33535353535353535 0.2181818181818182 0.25959595959595977
0.13472222222222222 0.46805555555555556 0.13194444444444445 0.13333333333333333 0.13194444444444445
0.14603174603174596 0.3365079365079361 0.21587301587301583 0.15396825396825387 0.1476190476190475
0.1388888888888889 0.13055555555555556 0.1597222222222222 0.20555555555555555 0.36527777777777776
0.07836257309941519 0.32397660818713436 0.19122807017543858 0.25497076023391807 0.15146198830409338
