0.057912457912457874 0.036026936026936 0.05420875420875417 0.050841750841750806 0.09494949494949495 0.09090909090909091 0.08080808080808076 0.061279461279461246 0.06666666666666662 0.0848484848484848 0.0599326599326599 0.0858585858585858 0.06565656565656562 0.037037037037037014 0.07306397306397301
0.09141414141414145 0.05707070707070713 0.05909090909090918 0.06313131313131318 0.07424242424242432 0.06414141414141422 0.06010101010101016 0.0676767676767677 0.05757575757575761 0.057575757575757606 0.05757575757575762 0.10808080808080815 0.0565656565656566 0.058080808080808115 0.06767676767676775
0.1477777777777779 0.05444444444444436 0.05611111111111102 0.05555555555555547 0.05666666666666658 0.056666666666666594 0.05944444444444437 0.057222222222222126 0.057222222222222126 0.05888888888888881 0.0538888888888888 0.1033333333333333 0.061666666666666564 0.05777777777777769 0.06333333333333326
0.05555555555555555 0.049794238683127615 0.06995884773662557 0.06419753086419762 0.08518518518518525 0.06378600823045275 0.08065843621399184 0.06049382716049388 0.07572016460905351 0.08312757201646094 0.05432098765432102 0.04938271604938277 0.08189300411522638 0.061316872427983594 0.06460905349794245
0.05509259259259258 0.044444444444444405 0.07499999999999998 0.04907407407407405 0.08935185185185186 0.06018518518518526 0.07407407407407417 0.048148148148148114 0.06481481481481485 0.059722222222222225 0.1222222222222222 0.087037037037037 0.057407407407407414 0.05231481481481483 0.06111111111111113
0.047126436781609174 0.049425287356321804 0.06283524904214557 0.059770114942528665 0.09080459770114943 0.09885057471264365 0.09310344827586205 0.062452107279693456 0.06206896551724132 0.09042145593869731 0.04942528735632179 0.04597701149425282 0.08084291187739458 0.0444444444444444 0.062452107279693476
0.0592592592592592 0.05343915343915337 0.05873015873015864 0.06455026455026448 0.065079365079365 0.06772486772486765 0.06772486772486763 0.07089947089947085 0.06878306878306871 0.061904761904761824 0.0999999999999999 0.057671957671957604 0.06931216931216924 0.06455026455026446 0.0703703703703703
0.05906432748538012 0.05847953216374269 0.0719298245614035 0.0573099415204678 0.08713450292397655 0.06666666666666658 0.07777777777777771 0.06725146198830408 0.07485380116959064 0.06608187134502927 0.05789473684210523 0.05672514619883039 0.06374269005847953 0.06666666666666661 0.06842105263157894
0.07836257309941522 0.05497076023391812 0.05789473684210524 0.0590643274853801 0.07192982456140347 0.06783625730994149 0.06257309941520464 0.0713450292397661 0.06608187134502921 0.06081871345029239 0.056725146198830394 0.11111111111111104 0.06666666666666664 0.055555555555555546 0.0590643274853801
0.04484126984126982 0.040873015873015825 0.11507936507936505 0.052380952380952306 0.06944444444444439 0.067063492063492 0.07261904761904758 0.04801587301587299 0.14047619047619042 0.10436507936507942 0.05079365079365075 0.04007936507936505 0.0575396825396825 0.04960317460317459 0.0468253968253968
0.10777777777777771 0.04666666666666663 0.05407407407407404 0.052592592592592594 0.08148148148148146 0.07333333333333326 0.06592592592592589 0.06518518518518517 0.059259259259259206 0.04666666666666667 0.05148148148148147 0.11074074074074063 0.06740740740740737 0.04962962962962962 0.06777777777777777
0.0551282051282051 0.04487179487179482 0.04529914529914526 0.06111111111111104 0.053846153846153794 0.06410256410256406 0.054700854700854666 0.07692307692307684 0.05427350427350422 0.06367521367521362 0.07094017094017088 0.042735042735042694 0.07264957264957259 0.10213675213675202 0.13760683760683748
0.05166666666666658 0.053888888888888806 0.07388888888888881 0.0538888888888888 0.07333333333333322 0.06111111111111102 0.0677777777777777 0.056666666666666574 0.07333333333333326 0.05944444444444437 0.13055555555555556 0.05444444444444437 0.05944444444444434 0.07555555555555545 0.05499999999999991
0.058479532163742694 0.05672514619883039 0.10818713450292392 0.06257309941520468 0.06666666666666662 0.06783625730994153 0.06432748538011691 0.06666666666666665 0.07953216374269008 0.06023391812865496 0.06257309941520466 0.05614035087719297 0.06432748538011693 0.06257309941520463 0.06315789473684211
0.04999999999999997 0.0509259259259259 0.06851851851851855 0.07453703703703705 0.06435185185185184 0.06712962962962964 0.0875 0.08518518518518521 0.06666666666666668 0.08888888888888893 0.05231481481481482 0.05046296296296296 0.08009259259259266 0.050925925925925895 0.06250000000000001
0.04444444444444442 0.040476190476190464 0.06150793650793647 0.07539682539682531 0.04761904761904759 0.10595238095238096 0.05396825396825392 0.06349206349206346 0.06468253968253963 0.09047619047619039 0.07261904761904757 0.04087301587301585 0.06388888888888881 0.10674603174603171 0.06785714285714281
0.048412698412698386 0.04206349206349203 0.05396825396825392 0.06746031746031741 0.053174603174603166 0.07063492063492062 0.04880952380952378 0.07658730158730152 0.057142857142857086 0.048412698412698386 0.08690476190476183 0.04007936507936505 0.05833333333333329 0.16587301587301587 0.08214285714285709
0.06296296296296289 0.065079365079365 0.06560846560846553 0.06878306878306872 0.06772486772486763 0.06402116402116394 0.06507936507936497 0.07142857142857134 0.06984126984126975 0.06666666666666662 0.07513227513227504 0.0597883597883597 0.06825396825396816 0.05873015873015866 0.07089947089947084
0.06222222222222214 0.05444444444444435 0.06944444444444436 0.07944444444444432 0.0716666666666666 0.07944444444444437 0.05999999999999991 0.05833333333333325 0.06666666666666658 0.08944444444444437 0.059999999999999915 0.05777777777777768 0.06611111111111102 0.058333333333333244 0.06666666666666655
0.07051282051282046 0.053418803418803375 0.06239316239316234 0.07521367521367513 0.08589743589743581 0.06452991452991447 0.07222222222222216 0.07820512820512812 0.07094017094017085 0.0649572649572649 0.05427350427350422 0.05256410256410252 0.06794871794871789 0.06282051282051275 0.06410256410256403
0.051851851851851836 0.04629629629629625 0.05324074074074076 0.06435185185185187 0.06527777777777778 0.07731481481481484 0.09583333333333335 0.062037037037037016 0.07824074074074078 0.10138888888888885 0.05185185185185184 0.04768518518518516 0.09212962962962962 0.04583333333333328 0.0666666666666667
0.05132275132275125 0.12275132275132271 0.0761904761904761 0.0730158730158729 0.06243386243386235 0.0777777777777777 0.06296296296296285 0.05449735449735442 0.08465608465608465 0.07248677248677243 0.051851851851851774 0.049735449735449674 0.05873015873015868 0.04973544973544967 0.051851851851851774
0.0481481481481482 0.04609053497942393 0.07530864197530869 0.05349794238683134 0.08436213991769549 0.08230452674897121 0.10041152263374482 0.07613168724279841 0.0761316872427984 0.07160493827160502 0.0489711934156379 0.04362139917695476 0.08148148148148152 0.054320987654321064 0.057613168724279885
0.0625 0.0625 0.0625 0.06805555555555555 0.06319444444444444 0.06736111111111111 0.07847222222222222 0.06527777777777778 0.06527777777777778 0.08541666666666667 0.0625 0.0625 0.06944444444444445 0.0625 0.0625
0.049462365591397814 0.04121863799283151 0.18745519713261657 0.060215053763440815 0.062365591397849425 0.057706093189964114 0.08387096774193543 0.06451612903225802 0.06379928315412182 0.07598566308243723 0.04408602150537631 0.04372759856630821 0.07060931899641573 0.045161290322580615 0.04982078853046591
0.05959595959595959 0.05000000000000001 0.06969696969696978 0.06666666666666675 0.07070707070707077 0.07222222222222228 0.07171717171717176 0.06464646464646472 0.0707070707070708 0.06313131313131319 0.06313131313131319 0.056565656565656625 0.07828282828282834 0.07070707070707079 0.07222222222222227
0.04552845528455288 0.03550135501355016 0.08238482384823853 0.058536585365853704 0.08726287262872634 0.08401084010840114 0.07940379403794043 0.0628726287262873 0.07344173441734422 0.067479674796748 0.11138211382113818 0.03766937669376696 0.07696476964769652 0.04254742547425477 0.055013550135501396
0.05652173913043486 0.057004830917874484 0.06570048309178751 0.07536231884057983 0.06328502415458948 0.09082125603864741 0.06570048309178754 0.0685990338164252 0.0695652173913044 0.08647342995169091 0.06038647342995178 0.057487922705314116 0.062318840579710225 0.05797101449275374 0.06280193236714986
0.05555555555555562 0.05314009661835758 0.11014492753623185 0.06328502415458946 0.06956521739130445 0.06763285024154597 0.07101449275362329 0.05555555555555562 0.09855072463768122 0.0801932367149759 0.053623188405797204 0.05024154589371988 0.06183574879227062 0.05120772946859911 0.05845410628019332
0.06622222222222227 0.04222222222222225 0.07377777777777783 0.060000000000000046 0.09555555555555552 0.05733333333333336 0.06044444444444448 0.05422222222222225 0.05200000000000004 0.06311111111111115 0.0946666666666667 0.045333333333333364 0.0964444444444444 0.07688888888888895 0.06177777777777781
0.057088122605363965 0.040996168582375446 0.04904214559386969 0.057471264367816036 0.05593869731800763 0.05670498084291183 0.06168582375478923 0.22988505747126436 0.05287356321839075 0.0593869731800766 0.05517241379310339 0.04367816091954017 0.08812260536398467 0.04214559386973177 0.0498084291187739
0.05873015873015866 0.14074074074074058 0.06084656084656076 0.06402116402116394 0.06349206349206342 0.06666666666666661 0.0619047619047618 0.06455026455026446 0.06455026455026448 0.06560846560846553 0.05767195767195758 0.056084656084655994 0.06084656084656077 0.056084656084656 0.058201058201058135
0.04766081871345029 0.045614035087719294 0.08070175438596483 0.0839181286549707 0.07017543859649118 0.08450292397660812 0.09532163742690056 0.06959064327485376 0.06432748538011689 0.08771929824561395 0.04649122807017541 0.04327485380116956 0.08128654970760228 0.047953216374268984 0.05146198830409353
0.10238095238095239 0.04444444444444442 0.04603174603174601 0.05952380952380947 0.05158730158730157 0.059126984126984077 0.061111111111111054 0.06468253968253965 0.05912698412698408 0.04920634920634919 0.042063492063492046 0.1634920634920635 0.05119047619047617 0.0452380952380952 0.10079365079365077
0.05864197530864187 0.061728395061728274 0.06543209876543199 0.0746913580246912 0.06296296296296285 0.07283950617283938 0.06296296296296286 0.06358024691358012 0.07716049382716039 0.0876543209876542 0.06604938271604927 0.061111111111111005 0.06296296296296286 0.06049382716049371 0.06172839506172827
0.05497076023391812 0.05380116959064327 0.08362573099415202 0.06608187134502923 0.07894736842105253 0.06725146198830406 0.07076023391812858 0.06666666666666664 0.08538011695906436 0.06023391812865496 0.06081871345029237 0.05555555555555555 0.06432748538011696 0.06959064327485377 0.06198830409356726
0.05388888888888881 0.05277777777777768 0.06611111111111101 0.07666666666666652 0.07222222222222212 0.07999999999999992 0.06277777777777768 0.058333333333333244 0.09333333333333332 0.09222222222222219 0.05611111111111102 0.05666666666666658 0.06611111111111102 0.0549999999999999 0.0577777777777777
0.055555555555555504 0.0448275862068965 0.07279693486590035 0.06245210727969343 0.06360153256704977 0.07739463601532563 0.07662835249042144 0.0808429118773946 0.07662835249042144 0.08275862068965517 0.0551724137931034 0.04482758620689651 0.07509578544061299 0.0662835249042145 0.06513409961685819
0.061352657004830995 0.0507246376811595 0.09613526570048317 0.06135265700483103 0.07971014492753635 0.07053140096618367 0.07874396135265711 0.06908212560386481 0.07681159420289865 0.061352657004831015 0.05362318840579716 0.05169082125603875 0.07342995169082131 0.058454106280193346 0.05700483091787447
0.05864197530864187 0.05802469135802457 0.06234567901234556 0.07283950617283937 0.06234567901234556 0.07839506172839493 0.06358024691358014 0.0574074074074073 0.05925925925925914 0.07777777777777767 0.08580246913580232 0.05740740740740729 0.06049382716049372 0.08456790123456777 0.06111111111111099
0.06234567901234556 0.05925925925925916 0.05925925925925915 0.06543209876543198 0.07222222222222209 0.0691358024691357 0.07901234567901222 0.08209876543209864 0.06728395061728384 0.06358024691358014 0.06543209876543198 0.061111111111111005 0.06913580246913568 0.06666666666666655 0.058024691358024585
0.06010101010101014 0.06515151515151522 0.06313131313131319 0.07525252525252533 0.07323232323232327 0.07020202020202028 0.07474747474747483 0.07676767676767683 0.06363636363636366 0.0646464646464647 0.06060606060606066 0.0560606060606061 0.07121212121212127 0.05656565656565658 0.06868686868686875
0.05404040404040407 0.0545454545454546 0.06515151515151522 0.06717171717171727 0.06414141414141421 0.07171717171717178 0.08535353535353539 0.06161616161616168 0.06818181818181826 0.09646464646464646 0.05757575757575759 0.0560606060606061 0.08232323232323245 0.05707070707070711 0.05858585858585862
0.05213675213675211 0.040598290598290565 0.059401709401709336 0.0713675213675213 0.05341880341880339 0.06324786324786319 0.08333333333333329 0.06880341880341875 0.06709401709401701 0.07435897435897432 0.11068376068376054 0.04999999999999996 0.07264957264957259 0.06965811965811959 0.06324786324786318
0.04263565891472872 0.035400516795865665 0.05503875968992253 0.07416020671834632 0.05684754521963831 0.10801033591731278 0.08759689922480628 0.07131782945736441 0.06950904392764862 0.0979328165374678 0.05581395348837214 0.03798449612403105 0.08527131782945745 0.06847545219638249 0.05400516795865639
0.07163742690058475 0.0353801169590643 0.04444444444444444 0.047953216374268984 0.05438596491228067 0.05292397660818707 0.04736842105263153 0.06023391812865496 0.052339181286549664 0.04239766081871344 0.27690058479532154 0.057017543859649064 0.06140350877192977 0.05263157894736839 0.04298245614035086
0.058479532163742666 0.05964912280701748 0.06666666666666665 0.06725146198830408 0.0590643274853801 0.07017543859649124 0.08771929824561399 0.07076023391812858 0.06081871345029237 0.08771929824561402 0.05906432748538011 0.061988304093567224 0.07426900584795314 0.05555555555555559 0.06081871345029237
0.05603864734299525 0.04927536231884067 0.06473429951690829 0.0647342995169083 0.0657004830917875 0.07101449275362327 0.0792270531400967 0.08019323671497594 0.06908212560386486 0.08743961352657012 0.05748792270531412 0.05603864734299526 0.07632850241545903 0.05072463768115951 0.07198067632850252
0.05458937198067641 0.15169082125603864 0.07053140096618367 0.07536231884057974 0.06570048309178754 0.057487922705314096 0.05942028985507256 0.05845410628019332 0.07101449275362327 0.057004830917874484 0.04975845410628028 0.05169082125603873 0.05893719806763295 0.05797101449275372 0.0603864734299518
0.10465949820788537 0.04551971326164871 0.05161290322580642 0.07168458781362001 0.07168458781362001 0.07491039426523292 0.07347670250896052 0.06415770609318992 0.06272401433691753 0.07598566308243723 0.04301075268817201 0.04731182795698922 0.06630824372759853 0.04480286738351252 0.10215053763440858
0.05449735449735441 0.04814814814814808 0.05820105820105812 0.06296296296296285 0.0719576719576719 0.07936507936507929 0.07195767195767183 0.061375661375661326 0.07619047619047614 0.06402116402116396 0.12116402116402107 0.05291005291005283 0.06931216931216926 0.053439153439153356 0.05449735449735442
0.038624338624338596 0.0362433862433862 0.0576719576719576 0.06031746031746026 0.10185185185185175 0.09126984126984122 0.058994708994708926 0.09074074074074065 0.07671957671957663 0.04761904761904757 0.1243386243386242 0.03386243386243382 0.08756613756613753 0.03571428571428569 0.05846560846560843
0.06543209876543198 0.05617283950617273 0.06358024691358014 0.0641975308641974 0.06358024691358014 0.06049382716049372 0.0574074074074073 0.061111111111111005 0.06049382716049371 0.05740740740740729 0.058024691358024585 0.09197530864197516 0.0604938271604937 0.11975308641975285 0.059876543209876426
0.07485380116959067 0.08362573099415205 0.056725146198830394 0.05847953216374265 0.06315789473684207 0.05672514619883039 0.05847953216374269 0.0614035087719298 0.05497076023391814 0.060233918128654966 0.08245614035087723 0.05789473684210526 0.05789473684210524 0.07719298245614035 0.09590643274853801
0.07098765432098753 0.05555555555555545 0.05555555555555545 0.05555555555555545 0.05617283950617273 0.05555555555555545 0.05617283950617273 0.05679012345679001 0.05617283950617273 0.05617283950617273 0.05555555555555545 0.20308641975308608 0.05555555555555545 0.05555555555555545 0.05555555555555545
0.04830917874396143 0.04589371980676337 0.054106280193236794 0.08260869565217407 0.06038647342995177 0.08115942028985515 0.057004830917874484 0.05024154589371988 0.14347826086956525 0.12512077294685964 0.050724637681159486 0.04637681159420297 0.04975845410628028 0.04975845410628028 0.05507246376811604
0.10222222222222221 0.05777777777777769 0.05833333333333324 0.059999999999999915 0.05888888888888881 0.06055555555555548 0.06277777777777768 0.0649999999999999 0.061666666666666564 0.058333333333333244 0.08166666666666657 0.06499999999999992 0.05611111111111102 0.08499999999999992 0.06666666666666655
0.05505050505050508 0.05050505050505052 0.07171717171717178 0.08232323232323256 0.05404040404040408 0.07121212121212123 0.05757575757575764 0.05303030303030306 0.08787878787878788 0.10454545454545455 0.07727272727272731 0.0494949494949495 0.054545454545454584 0.07575757575757582 0.055050505050505086
0.05614035087719296 0.058479532163742666 0.06491228070175435 0.06491228070175437 0.07309941520467834 0.06842105263157888 0.0660818713450292 0.07836257309941518 0.07251461988304088 0.0637426900584795 0.0654970760233918 0.06315789473684207 0.06666666666666667 0.06374269005847952 0.07426900584795319
0.08833333333333325 0.18444444444444436 0.05111111111111103 0.06055555555555549 0.05944444444444435 0.05499999999999991 0.054999999999999924 0.053333333333333253 0.056666666666666574 0.053333333333333253 0.05333333333333324 0.06222222222222211 0.05722222222222214 0.05333333333333324 0.05666666666666657
0.07500000000000002 0.12268518518518517 0.06018518518518518 0.06296296296296298 0.06712962962962964 0.06018518518518517 0.06296296296296301 0.0587962962962963 0.05879629629629633 0.06250000000000001 0.05694444444444446 0.08796296296296291 0.05879629629629627 0.050462962962962946 0.05462962962962959
0.1350877192982454 0.053801169590643266 0.05380116959064327 0.05555555555555555 0.06666666666666665 0.06081871345029236 0.059649122807017514 0.05964912280701757 0.06432748538011693 0.05321637426900585 0.054970760233918115 0.10467836257309943 0.06549707602339176 0.0543859649122807 0.05789473684210525
0.061666666666666585 0.09777777777777771 0.06111111111111101 0.0627777777777777 0.07444444444444435 0.06666666666666655 0.06444444444444436 0.0655555555555555 0.07277777777777769 0.05722222222222215 0.06555555555555546 0.05611111111111103 0.07444444444444434 0.058888888888888796 0.06055555555555546
0.06081871345029243 0.057309941520467825 0.07017543859649121 0.06432748538011693 0.0573099415204678 0.0701754385964912 0.07251461988304095 0.06374269005847946 0.05906432748538009 0.07660818713450294 0.05730994152046782 0.059064327485380076 0.06959064327485374 0.061403508771929814 0.1005847953216374
0.046859903381642594 0.045410628019323745 0.07101449275362326 0.055555555555555636 0.09033816425120784 0.0710144927536233 0.1314009661835748 0.051690821256038716 0.05990338164251215 0.09951690821256053 0.05120772946859911 0.04830917874396144 0.07246376811594216 0.04879227053140103 0.056521739130434866
0.06339869281045739 0.059477124183006415 0.0614379084967319 0.09477124183006524 0.06732026143790837 0.06666666666666653 0.06862745098039202 0.06928104575163385 0.0640522875816992 0.062091503267973726 0.06209150326797373 0.06013071895424824 0.06928104575163387 0.06470588235294104 0.06666666666666651
0.058641975308641854 0.05679012345679001 0.09814814814814805 0.06049382716049371 0.08518518518518504 0.06234567901234556 0.0845679012345678 0.05864197530864187 0.07407407407407397 0.06666666666666655 0.05679012345679001 0.05679012345679001 0.062345679012345556 0.05802469135802457 0.06049382716049372
0.11169590643274846 0.055555555555555566 0.0543859649122807 0.0578947368421052 0.05497076023391813 0.05614035087719296 0.05730994152046784 0.05789473684210524 0.058479532163742694 0.05730994152046784 0.05614035087719296 0.15204678362573096 0.05847953216374269 0.05438596491228069 0.05730994152046784
0.05499999999999991 0.05222222222222214 0.06055555555555547 0.09 0.07999999999999993 0.07499999999999991 0.07555555555555546 0.06333333333333327 0.07222222222222212 0.06555555555555548 0.05611111111111103 0.055555555555555476 0.07333333333333324 0.05166666666666658 0.07388888888888877
0.0525925925925926 0.07148148148148145 0.0622222222222222 0.07111111111111114 0.08481481481481477 0.07444444444444438 0.07814814814814806 0.06370370370370368 0.07444444444444438 0.06629629629629628 0.05444444444444442 0.04592592592592591 0.07111111111111107 0.054074074074074066 0.07518518518518516
0.06081871345029242 0.05789473684210526 0.09122807017543852 0.06315789473684205 0.0701754385964912 0.06959064327485372 0.06608187134502921 0.07017543859649122 0.0678362573099415 0.07543859649122804 0.05614035087719297 0.05614035087719296 0.07426900584795318 0.060233918128654945 0.060818713450292376
0.06358024691358012 0.06358024691358014 0.06604938271604925 0.06666666666666655 0.07160493827160483 0.06543209876543196 0.07345679012345666 0.06358024691358015 0.06419753086419741 0.06975308641975297 0.07160493827160483 0.06419753086419741 0.06666666666666654 0.06666666666666655 0.06296296296296285
0.06611111111111104 0.0638888888888888 0.06999999999999991 0.06111111111111103 0.06944444444444435 0.07444444444444435 0.06722222222222213 0.06944444444444435 0.07499999999999987 0.06944444444444435 0.059999999999999915 0.06055555555555546 0.06722222222222216 0.06555555555555545 0.06055555555555548
0.05944444444444437 0.05111111111111103 0.08166666666666661 0.0527777777777777 0.07166666666666655 0.053888888888888806 0.06833333333333325 0.05277777777777769 0.05944444444444436 0.05555555555555547 0.053333333333333253 0.1722222222222221 0.05444444444444437 0.05666666666666658 0.05666666666666657
0.05505050505050508 0.05151515151515154 0.06515151515151524 0.06363636363636371 0.06515151515151518 0.0742424242424243 0.09292929292929299 0.07222222222222228 0.06969696969696978 0.09141414141414149 0.05454545454545458 0.05101010101010102 0.07777777777777788 0.05808080808080814 0.05757575757575764
0.05603864734299525 0.049758454106280284 0.06425120772946868 0.07004830917874405 0.07487922705314018 0.07198067632850252 0.067632850241546 0.10048309178743965 0.07342995169082138 0.059903381642512146 0.060869565217391404 0.057004830917874484 0.0758454106280194 0.05700483091787449 0.06086956521739137
0.05601851851851853 0.051388888888888866 0.054629629629629604 0.06296296296296298 0.08425925925925927 0.08518518518518525 0.08055555555555556 0.06574074074074074 0.07777777777777782 0.07222222222222226 0.05879629629629632 0.0537037037037037 0.07037037037037042 0.054166666666666675 0.07222222222222224
0.053240740740740713 0.04814814814814811 0.23842592592592599 0.05324074074074073 0.06527777777777775 0.05833333333333339 0.059722222222222274 0.051851851851851836 0.05787037037037038 0.05509259259259257 0.05000000000000001 0.04861111111111107 0.05601851851851853 0.04537037037037032 0.05879629629629634
0.04933333333333337 0.045333333333333364 0.19466666666666657 0.048000000000000036 0.06800000000000005 0.057333333333333375 0.0684444444444445 0.05511111111111115 0.07333333333333338 0.05333333333333337 0.04888888888888892 0.046222222222222255 0.06177777777777782 0.04844444444444448 0.08177777777777782
0.09356725146198829 0.052631578947368425 0.052631578947368425 0.05497076023391812 0.05614035087719297 0.05497076023391812 0.05438596491228071 0.057309941520467825 0.05438596491228071 0.0543859649122807 0.05672514619883037 0.06315789473684215 0.0584795321637427 0.05438596491228071 0.1818713450292398
0.056349206349206316 0.04722222222222218 0.04603174603174603 0.056349206349206295 0.05595238095238092 0.06388888888888883 0.08492063492063491 0.15396825396825406 0.0658730158730158 0.07380952380952377 0.049603174603174566 0.048015873015873005 0.09325396825396821 0.04603174603174601 0.0587301587301587
0.08425925925925927 0.05324074074074074 0.058333333333333376 0.06296296296296298 0.08472222222222225 0.07361111111111115 0.06342592592592598 0.07500000000000002 0.0666666666666667 0.06157407407407404 0.059259259259259255 0.06157407407407413 0.06851851851851855 0.06296296296296297 0.06388888888888891
0.05511111111111115 0.07200000000000005 0.07511111111111117 0.07244444444444449 0.06888888888888894 0.08177777777777782 0.06888888888888893 0.06355555555555559 0.0715555555555556 0.06711111111111115 0.06888888888888894 0.0506666666666667 0.07200000000000005 0.05244444444444448 0.0595555555555556
0.09555555555555548 0.054999999999999924 0.053888888888888806 0.05666666666666657 0.05722222222222214 0.058888888888888796 0.06277777777777768 0.0616666666666666 0.05944444444444434 0.05611111111111103 0.0538888888888888 0.11777777777777773 0.055555555555555476 0.05555555555555547 0.09999999999999998
0.055050505050505065 0.0494949494949495 0.1681818181818182 0.06161616161616166 0.05555555555555559 0.06969696969696972 0.0560606060606061 0.06111111111111118 0.058080808080808136 0.06515151515151524 0.057575757575757606 0.04848484848484847 0.0646464646464647 0.06161616161616165 0.0676767676767678
0.039057239057239033 0.26228956228956246 0.04377104377104374 0.10168350168350167 0.06700336700336697 0.059932659932659886 0.05016835016835015 0.04747474747474744 0.05690235690235687 0.04444444444444442 0.04444444444444441 0.040740740740740716 0.05959595959595955 0.039057239057239033 0.0434343434343434
0.10434782608695649 0.133816425120773 0.05169082125603873 0.057487922705314096 0.05265700483091796 0.05942028985507255 0.05507246376811603 0.06714975845410637 0.05990338164251215 0.05700483091787451 0.05217391304347834 0.08405797101449278 0.05748792270531409 0.053140096618357585 0.05458937198067642
0.07530864197530854 0.05679012345679001 0.05925925925925915 0.0604938271604937 0.06111111111111101 0.059876543209876426 0.05925925925925915 0.06172839506172829 0.061111111111111005 0.05925925925925915 0.05864197530864187 0.15370370370370348 0.05864197530864187 0.05679012345679001 0.05802469135802457
0.057070707070707105 0.05000000000000001 0.0636363636363637 0.06111111111111117 0.0641414141414142 0.07777777777777783 0.08989898989898995 0.06919191919191926 0.07424242424242435 0.08232323232323237 0.06212121212121217 0.05101010101010104 0.09040404040404049 0.05202020202020205 0.05505050505050506
0.05722222222222214 0.17833333333333326 0.0638888888888888 0.06055555555555547 0.059999999999999915 0.06055555555555546 0.05611111111111102 0.057222222222222126 0.06055555555555548 0.0577777777777777 0.05611111111111101 0.05611111111111102 0.05611111111111102 0.05888888888888881 0.06055555555555547
0.04024024024024026 0.03633633633633636 0.3837837837837838 0.03963963963963966 0.0504504504504505 0.048948948948948995 0.0492492492492493 0.046246246246246264 0.045945945945945976 0.05345345345345353 0.0411411411411412 0.03663663663663666 0.04684684684684688 0.03543543543543546 0.045645645645645674
0.0375 0.059375 0.15729166666666666 0.05694444444444444 0.05763888888888889 0.059375 0.053125 0.04201388888888889 0.06875 0.05694444444444444 0.078125 0.03611111111111111 0.05138888888888889 0.14166666666666666 0.04375
0.04861111111111106 0.17314814814814805 0.04629629629629626 0.04999999999999998 0.04907407407407407 0.05046296296296297 0.04953703703703705 0.05046296296296296 0.05092592592592593 0.055092592592592596 0.05972222222222225 0.04444444444444439 0.04861111111111109 0.17129629629629634 0.05231481481481484
0.060233918128654994 0.05497076023391812 0.05555555555555554 0.07017543859649118 0.06081871345029239 0.06081871345029237 0.06140350877192979 0.06140350877192977 0.0637426900584795 0.0608187134502924 0.05730994152046782 0.05614035087719297 0.061403508771929835 0.054970760233918115 0.16023391812865484
0.0923076923076922 0.04230769230769228 0.04786324786324782 0.049572649572649514 0.0538461538461538 0.05897435897435893 0.06367521367521362 0.05427350427350422 0.0555555555555555 0.06581196581196577 0.05897435897435891 0.07649572649572643 0.057692307692307626 0.1670940170940169 0.055555555555555504
0.052631578947368425 0.05847953216374269 0.07309941520467837 0.060818713450292376 0.0684210526315789 0.06959064327485381 0.08713450292397659 0.061403508771929766 0.07134502923976607 0.09181286549707601 0.056725146198830394 0.05555555555555554 0.07251461988304084 0.06081871345029237 0.05964912280701752
0.057004830917874484 0.05265700483091794 0.06473429951690833 0.0647342995169083 0.0647342995169083 0.076328502415459 0.0821256038647344 0.08019323671497594 0.07004830917874408 0.08502415458937207 0.05555555555555564 0.052173913043478355 0.06956521739130443 0.05700483091787449 0.06811594202898558
0.0444444444444444 0.1666666666666668 0.05593869731800761 0.09885057471264383 0.056704980842911826 0.05440613026819919 0.05363984674329498 0.055938697318007595 0.06245210727969345 0.05363984674329498 0.06934865900383137 0.042528735632183866 0.06436781609195394 0.06628352490421455 0.05478927203065131
0.0626666666666667 0.054666666666666704 0.07244444444444449 0.0764444444444445 0.06488888888888894 0.10444444444444445 0.05777777777777781 0.057333333333333375 0.06933333333333339 0.08977777777777783 0.05911111111111114 0.04844444444444448 0.07244444444444449 0.04844444444444448 0.06177777777777781
0.054629629629629646 0.04768518518518515 0.05925925925925928 0.09814814814814814 0.0587962962962963 0.10509259259259258 0.06851851851851855 0.058333333333333355 0.07083333333333333 0.10462962962962953 0.05416666666666669 0.05370370370370369 0.05972222222222223 0.05185185185185186 0.05462962962962963
0.062091503267973726 0.10718954248365993 0.062091503267973726 0.06470588235294104 0.0679738562091502 0.0640522875816992 0.06274509803921555 0.0614379084967319 0.06666666666666654 0.06274509803921556 0.0614379084967319 0.0614379084967319 0.06339869281045737 0.06732026143790837 0.06470588235294104
0.05666666666666658 0.05499999999999991 0.061666666666666585 0.07055555555555543 0.06166666666666658 0.06333333333333324 0.08666666666666661 0.06611111111111101 0.06666666666666655 0.08611111111111107 0.05944444444444437 0.053888888888888785 0.08444444444444435 0.06777777777777767 0.059999999999999894
0.11578947368421046 0.0543859649122807 0.0567251461988304 0.0590643274853801 0.059649122807017514 0.055555555555555546 0.05847953216374265 0.06491228070175437 0.061988304093567245 0.05555555555555557 0.056725146198830394 0.11988304093567252 0.06081871345029242 0.0573099415204678 0.06315789473684208
0.055555555555555476 0.052222222222222135 0.1972222222222221 0.05333333333333324 0.06055555555555547 0.06055555555555547 0.055555555555555455 0.058333333333333244 0.0766666666666666 0.054999999999999924 0.056666666666666574 0.05277777777777769 0.05555555555555547 0.053333333333333253 0.05666666666666658
0.1076023391812865 0.07602339181286552 0.05497076023391813 0.0678362573099415 0.06549707602339178 0.05847953216374265 0.05906432748538012 0.05789473684210523 0.05964912280701752 0.058479532163742694 0.05847953216374269 0.07076023391812865 0.059649122807017514 0.05614035087719297 0.08947368421052627
0.049537037037037025 0.049537037037037025 0.19351851851851845 0.05833333333333336 0.05740740740740742 0.06388888888888891 0.06157407407407408 0.057407407407407414 0.06944444444444443 0.06527777777777782 0.059722222222222225 0.050462962962962946 0.05509259259259261 0.05138888888888891 0.0574074074074074
0.05244444444444448 0.0626666666666667 0.04933333333333337 0.09599999999999993 0.06000000000000003 0.07333333333333338 0.09555555555555559 0.06488888888888894 0.06711111111111115 0.0982222222222222 0.04888888888888892 0.04355555555555558 0.08400000000000005 0.04977777777777781 0.05422222222222226
0.10666666666666672 0.058888888888888796 0.05999999999999993 0.06277777777777768 0.05944444444444437 0.06222222222222213 0.060555555555555446 0.06444444444444435 0.059999999999999894 0.06111111111111101 0.05611111111111103 0.07222222222222215 0.05999999999999993 0.05499999999999991 0.10055555555555548
0.056725146198830435 0.056725146198830394 0.06491228070175438 0.07134502923976606 0.07251461988304089 0.0947368421052632 0.08538011695906425 0.056725146198830415 0.07017543859649124 0.08187134502923968 0.05672514619883037 0.05380116959064327 0.060233918128654945 0.0590643274853801 0.059064327485380076
0.09855072463768111 0.10966183574879225 0.05555555555555564 0.05458937198067641 0.06135265700483098 0.06231884057971025 0.07004830917874402 0.05942028985507254 0.05507246376811604 0.06956521739130447 0.05507246376811604 0.07584541062801936 0.06521739130434792 0.054589371980676434 0.053140096618357585
0.0637426900584795 0.056725146198830415 0.06140350877192979 0.0631578947368421 0.06549707602339178 0.07368421052631577 0.0736842105263158 0.06842105263157895 0.06315789473684205 0.07777777777777778 0.05964912280701752 0.057309941520467825 0.07076023391812858 0.05789473684210522 0.08713450292397659
0.1292397660818712 0.05321637426900585 0.05380116959064329 0.057309941520467846 0.05380116959064327 0.05321637426900584 0.05614035087719297 0.05438596491228069 0.05497076023391812 0.05380116959064327 0.05380116959064329 0.16023391812865495 0.05555555555555557 0.053801169590643266 0.056725146198830394
0.05291005291005284 0.196296296296296 0.050264550264550185 0.0682539682539682 0.07089947089947078 0.059259259259259206 0.052380952380952306 0.07195767195767187 0.05661375661375651 0.05079365079365073 0.05343915343915337 0.05132275132275125 0.06190476190476187 0.050793650793650724 0.05291005291005285
0.05925925925925918 0.053968253968253894 0.07248677248677239 0.06084656084656077 0.061904761904761844 0.06243386243386235 0.060846560846560746 0.065079365079365 0.05661375661375653 0.06243386243386234 0.09312169312169306 0.09576719576719567 0.059788359788359696 0.07460317460317452 0.06084656084656077
0.06666666666666658 0.05555555555555548 0.06984126984126979 0.06402116402116392 0.07089947089947081 0.07089947089947081 0.06613756613756605 0.07513227513227504 0.07830687830687827 0.061375661375661326 0.06455026455026447 0.05343915343915337 0.06719576719576711 0.06825396825396818 0.06772486772486762
0.0625 0.05555555555555554 0.0847222222222223 0.06990740740740739 0.06944444444444446 0.06805555555555562 0.06944444444444442 0.07731481481481484 0.06620370370370374 0.06851851851851855 0.058333333333333355 0.06250000000000006 0.06388888888888893 0.06435185185185184 0.05925925925925925
0.05151515151515151 0.1767676767676767 0.05151515151515154 0.06818181818181825 0.06717171717171727 0.05505050505050511 0.05404040404040408 0.05505050505050509 0.055050505050505086 0.05252525252525254 0.07424242424242428 0.052525252525252544 0.05454545454545458 0.07727272727272733 0.05454545454545455
0.05507246376811604 0.20772946859903377 0.04734299516908222 0.07681159420289861 0.05893719806763295 0.05024154589371988 0.05169082125603873 0.05458937198067642 0.051207729468599125 0.04927536231884065 0.07198067632850255 0.047826086956521824 0.05652173913043486 0.0714975845410629 0.04927536231884067
0.05138888888888889 0.04201388888888889 0.053125 0.07291666666666667 0.07256944444444445 0.09131944444444444 0.09409722222222222 0.06770833333333333 0.075 0.10902777777777778 0.05173611111111111 0.04583333333333333 0.07534722222222222 0.044097222222222225 0.05381944444444445
0.06339869281045737 0.06405228758169922 0.06928104575163384 0.06535947712418289 0.06405228758169922 0.06993464052287568 0.07058823529411751 0.06993464052287567 0.0699346405228757 0.0679738562091502 0.06862745098039202 0.06339869281045739 0.06339869281045739 0.06274509803921555 0.06732026143790835
0.04861111111111107 0.22777777777777777 0.053703703703703684 0.07175925925925927 0.06435185185185187 0.05694444444444447 0.053240740740740776 0.0537037037037037 0.056944444444444436 0.05462962962962961 0.053240740740740713 0.0458333333333333 0.054629629629629625 0.049537037037037004 0.05509259259259258
0.04977777777777781 0.04355555555555558 0.05288888888888892 0.10222222222222208 0.062222222222222255 0.09155555555555561 0.0675555555555556 0.05244444444444448 0.07377777777777783 0.14266666666666655 0.05200000000000004 0.046222222222222255 0.06177777777777781 0.05200000000000004 0.04933333333333337
0.06023391812865496 0.058479532163742666 0.06491228070175434 0.06432748538011694 0.07485380116959058 0.07076023391812863 0.06959064327485377 0.07894736842105265 0.07368421052631577 0.0637426900584795 0.05847953216374267 0.05964912280701754 0.07485380116959064 0.0590643274853801 0.06842105263157892
0.09710144927536225 0.04734299516908222 0.15700483091787434 0.0685990338164252 0.05169082125603874 0.04879227053140105 0.05265700483091795 0.05314009661835756 0.05217391304347836 0.05265700483091797 0.04830917874396144 0.11449275362318835 0.053140096618357585 0.05265700483091797 0.05024154589371989
0.049537037037037 0.1726851851851851 0.050462962962962946 0.09583333333333334 0.06712962962962968 0.05787037037037042 0.05277777777777778 0.06574074074074078 0.058333333333333376 0.056018518518518495 0.05277777777777777 0.04629629629629624 0.059259259259259234 0.04907407407407404 0.0662037037037037
0.06931216931216921 0.05343915343915337 0.056084656084656015 0.05820105820105812 0.07037037037037028 0.07354497354497347 0.07566137566137553 0.08730158730158721 0.07301587301587294 0.06190476190476183 0.06190476190476185 0.05502645502645496 0.0783068783068783 0.0613756613756613 0.06455026455026447
0.06280193236714984 0.055072463768116045 0.05603864734299525 0.08502415458937206 0.06521739130434795 0.06183574879227064 0.06038647342995179 0.05845410628019332 0.07922705314009672 0.0685990338164252 0.09227053140096626 0.05652173913043487 0.06908212560386487 0.059903381642512174 0.06956521739130445
0.04490740740740736 0.043055555555555514 0.056944444444444436 0.11111111111111094 0.05046296296296297 0.10277777777777777 0.05648148148148151 0.047222222222222214 0.08472222222222227 0.16944444444444431 0.04537037037037034 0.04351851851851846 0.053703703703703684 0.044907407407407354 0.04537037037037034
0.05925925925925925 0.054166666666666655 0.0615740740740741 0.07175925925925924 0.07361111111111115 0.07407407407407413 0.06435185185185185 0.08750000000000005 0.07592592592592595 0.06203703703703702 0.06018518518518523 0.05601851851851858 0.06759259259259259 0.060648148148148166 0.07129629629629627
0.059670781893004135 0.044032921810699614 0.05473251028806589 0.07736625514403296 0.06790123456790124 0.0670781893004116 0.06460905349794248 0.056790123456790166 0.061316872427983594 0.06460905349794242 0.04938271604938274 0.14526748971193415 0.059670781893004184 0.04814814814814818 0.07942386831275726
0.05748792270531407 0.04541062801932373 0.07439613526570056 0.05265700483091794 0.11159420289855074 0.060869565217391404 0.10628019323671484 0.04927536231884066 0.05797101449275369 0.07729468599033829 0.06183574879227063 0.047826086956521824 0.08695652173913057 0.05024154589371988 0.05990338164251215
0.061375661375661306 0.05502645502645493 0.05714285714285706 0.06825396825396818 0.07830687830687823 0.06613756613756606 0.06613756613756604 0.06349206349206342 0.07037037037037028 0.06402116402116394 0.05820105820105812 0.05714285714285706 0.06402116402116395 0.05714285714285706 0.11322751322751314
0.04301075268817201 0.03978494623655911 0.07849462365591393 0.059139784946236514 0.08853046594982074 0.061290322580645124 0.10430107526881725 0.055197132616487427 0.12473118279569892 0.09032258064516124 0.054838709677419314 0.04336917562724012 0.06379928315412182 0.046594982078853014 0.046594982078853014
