0.032558139534883755 0.03255813953488376 0.04031007751937988 0.04806201550387602 0.047028423772609865 0.03824289405684758 0.03850129198966413 0.035658914728682205 0.039018087855297194 0.0493540051679587 0.042118863049095644 0.05297157622739022 0.039276485788113734 0.04108527131782949 0.05684754521963829 0.03850129198966413 0.03333333333333336 0.053229974160206764 0.0315245478036176 0.047028423772609865 0.035400516795865665 0.026614987080103385 0.028682170542635686 0.027648578811369538 0.04444444444444448
0.03854166666666667 0.03715277777777778 0.04861111111111111 0.036458333333333336 0.04756944444444444 0.04027777777777778 0.03958333333333333 0.03576388888888889 0.03715277777777778 0.040625 0.03819444444444445 0.03993055555555555 0.04513888888888889 0.03923611111111111 0.04027777777777778 0.03680555555555556 0.03680555555555556 0.043402777777777776 0.036458333333333336 0.043055555555555555 0.04097222222222222 0.034722222222222224 0.036458333333333336 0.034722222222222224 0.052083333333333336
0.03629629629629628 0.03481481481481481 0.04444444444444443 0.035555555555555556 0.06629629629629628 0.03777777777777777 0.035925925925925924 0.03592592592592591 0.035925925925925896 0.038148148148148146 0.03740740740740739 0.03925925925925926 0.07185185185185179 0.0362962962962963 0.03888888888888889 0.0374074074074074 0.03777777777777776 0.0396296296296296 0.03481481481481481 0.03962962962962964 0.03592592592592591 0.03481481481481481 0.035925925925925924 0.03666666666666667 0.042592592592592605
0.03611111111111105 0.03611111111111106 0.043518518518518456 0.036111111111111045 0.04660493827160488 0.03518518518518513 0.03765432098765425 0.0364197530864197 0.03395061728395055 0.0342592592592592 0.03487654320987648 0.038271604938271545 0.04290123456790116 0.03641975308641969 0.03703703703703698 0.038271604938271545 0.034567901234567835 0.040740740740740675 0.03487654320987648 0.039814814814814754 0.09691358024691352 0.03487654320987648 0.0364197530864197 0.03302469135802463 0.04506172839506168
0.03950617283950621 0.037860082304526796 0.04238683127572022 0.04650205761316877 0.03744855967078193 0.045679012345679046 0.046502057613168724 0.03703703703703708 0.037860082304526796 0.040740740740740786 0.03909465020576136 0.04279835390946506 0.03744855967078193 0.037860082304526796 0.0386831275720165 0.040329218106995926 0.03786008230452679 0.041563786008230456 0.03827160493827165 0.042386831275720224 0.03744855967078193 0.0386831275720165 0.037448559670781936 0.0386831275720165 0.03991769547325108
0.03933933933933937 0.03513513513513517 0.03843843843843846 0.05045045045045047 0.03273273273273274 0.041741741741741785 0.04504504504504506 0.03783783783783787 0.05615615615615615 0.04294294294294297 0.04534534534534537 0.04804804804804808 0.03393393393393397 0.042642642642642684 0.04324324324324329 0.03843843843843846 0.03753753753753755 0.03753753753753756 0.035435435435435474 0.04324324324324329 0.03573573573573574 0.03213213213213216 0.03633633633633636 0.03423423423423425 0.03633633633633637
0.03991769547325108 0.04320987654320992 0.03827160493827165 0.041975308641975365 0.03909465020576137 0.03827160493827164 0.04279835390946508 0.03950617283950623 0.03991769547325107 0.039917695473251066 0.040740740740740786 0.039917695473251066 0.0386831275720165 0.042386831275720196 0.041975308641975344 0.039917695473251066 0.03909465020576136 0.04074074074074077 0.03950617283950623 0.03827160493827165 0.03786008230452678 0.037860082304526796 0.04115226337448564 0.039094650205761354 0.03991769547325108
0.03594771241830059 0.03366013071895417 0.04019607843137248 0.047712418300653536 0.03758169934640516 0.036601307189542416 0.03594771241830058 0.035294117647058754 0.032679738562091436 0.04575163398692804 0.05065359477124176 0.0490196078431372 0.03921568627450974 0.037581699346405165 0.04019607843137249 0.046405228758169846 0.03921568627450974 0.03954248366013064 0.06633986928104564 0.033660130718954184 0.03562091503267967 0.032679738562091436 0.03464052287581692 0.031045751633986863 0.042810457516339794
0.04330484330484324 0.03817663817663813 0.037321937321937275 0.05327635327635322 0.03361823361823358 0.04045584045584041 0.045868945868945826 0.033048433048433 0.037037037037037 0.04700854700854695 0.04615384615384611 0.046723646723646664 0.033048433048433 0.04131054131054125 0.04957264957264952 0.043589743589743546 0.037606837606837556 0.041880341880341836 0.034472934472934424 0.04529914529914525 0.03903133903133899 0.031623931623931574 0.0313390313390313 0.031339031339031286 0.037891737891737824
0.04193548387096772 0.04086021505376341 0.04014336917562721 0.03906810035842291 0.03548387096774191 0.03870967741935481 0.04157706093189961 0.03942652329749101 0.03978494623655911 0.03870967741935481 0.03942652329749101 0.04121863799283151 0.03512544802867381 0.04372759856630821 0.04301075268817201 0.047670250896057316 0.041218637992831514 0.04301075268817201 0.046594982078853014 0.03691756272401431 0.04014336917562721 0.03691756272401431 0.03835125448028671 0.03548387096774191 0.03548387096774191
0.03849206349206347 0.03690476190476187 0.039285714285714264 0.03809523809523807 0.053968253968253894 0.036111111111111094 0.036507936507936475 0.038095238095238064 0.03690476190476188 0.03730158730158728 0.03690476190476188 0.03809523809523808 0.05634920634920634 0.03928571428571426 0.03888888888888886 0.03769841269841267 0.037301587301587266 0.03571428571428569 0.038492063492063466 0.037301587301587294 0.03809523809523808 0.03730158730158728 0.03650793650793648 0.03690476190476187 0.06349206349206346
0.0374269005847953 0.038596491228070184 0.04181286549707601 0.03830409356725144 0.04152046783625729 0.040935672514619874 0.040350877192982436 0.03918128654970759 0.038011695906432726 0.037719298245614034 0.03684210526315787 0.041520467836257284 0.036842105263157884 0.04210526315789474 0.047368421052631546 0.047953216374269 0.03625730994152047 0.050877192982456076 0.04064327485380116 0.044152046783625734 0.04093567251461986 0.03216374269005846 0.03421052631578946 0.03859649122807014 0.035672514619883036
0.03831417624521068 0.03754789272030648 0.04137931034482756 0.047892720306513384 0.03678160919540225 0.038314176245210683 0.038314176245210683 0.040229885057471215 0.0383141762452107 0.04252873563218386 0.04636015325670495 0.05172413793103443 0.03639846743295013 0.043295019157088076 0.04022988505747124 0.03908045977011491 0.0383141762452107 0.04061302681992332 0.037547892720306474 0.040229885057471236 0.040613026819923334 0.036398467432950145 0.03678160919540227 0.035632183908045935 0.03716475095785436
0.04291187739463594 0.038697318007662795 0.04406130268199227 0.03678160919540226 0.047892720306513335 0.03946360153256702 0.04137931034482754 0.03563218390804594 0.03524904214559383 0.03678160919540227 0.042528735632183894 0.03639846743295016 0.04444444444444442 0.04291187739463598 0.04291187739463601 0.04099616858237541 0.03486590038314172 0.04482758620689648 0.03524904214559382 0.04137931034482759 0.03601532567049803 0.03601532567049804 0.03486590038314172 0.03524904214559383 0.05249042145593867
0.04365079365079361 0.06626984126984123 0.03809523809523808 0.03809523809523807 0.03690476190476189 0.038492063492063466 0.038888888888888855 0.03809523809523807 0.03730158730158727 0.03650793650793649 0.04563492063492062 0.039285714285714264 0.036111111111111094 0.04325396825396824 0.04325396825396825 0.04047619047619043 0.03730158730158728 0.04007936507936505 0.03690476190476188 0.03849206349206346 0.03730158730158727 0.03611111111111108 0.03968253968253969 0.03730158730158728 0.036507936507936475
0.04214559386973177 0.03678160919540226 0.03946360153256702 0.04137931034482754 0.03831417624521069 0.03793103448275858 0.040229885057471236 0.03869731800766278 0.04176245210727964 0.04214559386973175 0.04214559386973177 0.04482758620689653 0.03793103448275858 0.04176245210727965 0.041762452107279684 0.03793103448275858 0.03639846743295015 0.045210727969348614 0.03793103448275858 0.04061302681992333 0.042145593869731754 0.03908045977011489 0.03831417624521067 0.036781609195402264 0.03831417624521069
0.04999999999999993 0.038518518518518494 0.03666666666666667 0.03666666666666665 0.04037037037037037 0.04407407407407407 0.03851851851851852 0.03888888888888888 0.03592592592592591 0.03777777777777778 0.0474074074074074 0.03962962962962961 0.03999999999999998 0.04592592592592593 0.04777777777777779 0.05111111111111108 0.036296296296296285 0.03962962962962963 0.03851851851851851 0.03629629629629629 0.038148148148148146 0.0348148148148148 0.03407407407407407 0.035185185185185174 0.037777777777777764
0.035672514619882995 0.028947368421052614 0.03333333333333334 0.04210526315789474 0.03040935672514618 0.04912280701754378 0.043274853801169584 0.040935672514619874 0.1634502923976608 0.041812865497075996 0.03801169590643271 0.035380116959064324 0.030994152046783623 0.034210526315789455 0.03596491228070174 0.03479532163742687 0.031578947368421054 0.031286549707602314 0.029532163742690055 0.03508771929824558 0.032163742690058464 0.028070175438596485 0.02953216374269006 0.030701754385964897 0.03362573099415203
0.04532163742690056 0.035672514619883015 0.03596491228070173 0.039181286549707574 0.03099415204678363 0.043859649122807 0.043274853801169584 0.03625730994152046 0.03859649122807017 0.03596491228070176 0.03947368421052632 0.03947368421052629 0.030701754385964918 0.04385964912280701 0.047660818713450286 0.06666666666666658 0.038011695906432746 0.04590643274853801 0.05643274853801168 0.03888888888888886 0.03479532163742688 0.03304093567251463 0.032456140350877176 0.03157894736842104 0.03596491228070173
0.043209876543209944 0.037448559670781936 0.03991769547325105 0.043209876543209874 0.039094650205761375 0.04156378600823049 0.03827160493827165 0.03827160493827164 0.03827160493827164 0.0407407407407408 0.05061728395061735 0.04156378600823051 0.03744855967078193 0.04074074074074078 0.041152263374485624 0.04362139917695478 0.03786008230452679 0.04115226337448564 0.03827160493827164 0.03786008230452679 0.0386831275720165 0.03703703703703708 0.0386831275720165 0.03703703703703708 0.03827160493827165
0.04666666666666663 0.03333333333333328 0.04277777777777774 0.03638888888888883 0.0511111111111111 0.03916666666666663 0.03861111111111106 0.03416666666666663 0.03138888888888884 0.03749999999999996 0.044722222222222184 0.04222222222222218 0.06194444444444445 0.04222222222222219 0.04694444444444443 0.04472222222222218 0.03583333333333327 0.04777777777777776 0.038333333333333296 0.040833333333333305 0.035277777777777734 0.028888888888888846 0.028888888888888856 0.03083333333333329 0.039444444444444414
0.03302469135802463 0.06141975308641964 0.036111111111111045 0.03765432098765426 0.03148148148148144 0.03580246913580241 0.04012345679012339 0.03148148148148143 0.030246913580246854 0.0342592592592592 0.032716049382715995 0.03611111111111106 0.029629629629629575 0.03333333333333328 0.03302469135802463 0.0342592592592592 0.1574074074074074 0.035802469135802414 0.03672839506172834 0.03734567901234562 0.03302469135802463 0.030864197530864137 0.03302469135802464 0.03302469135802464 0.0320987654320987
0.03849206349206348 0.040079365079365055 0.04047619047619046 0.040476190476190464 0.04087301587301585 0.03849206349206345 0.04087301587301583 0.03928571428571426 0.04007936507936505 0.03849206349206347 0.041269841269841234 0.04047619047619045 0.03928571428571426 0.04285714285714285 0.04047619047619045 0.039285714285714264 0.04047619047619046 0.04285714285714284 0.037698412698412676 0.03928571428571426 0.04047619047619045 0.03928571428571425 0.039682539682539666 0.04007936507936505 0.03888888888888887
0.03730158730158728 0.03611111111111109 0.03730158730158728 0.03650793650793648 0.03571428571428569 0.03571428571428569 0.03571428571428569 0.03650793650793649 0.036111111111111094 0.03571428571428569 0.036904761904761885 0.03690476190476188 0.03650793650793649 0.03888888888888887 0.03571428571428569 0.03650793650793649 0.03571428571428569 0.03650793650793648 0.03650793650793648 0.03650793650793649 0.03571428571428569 0.07261904761904757 0.03690476190476188 0.08968253968253959 0.03571428571428569
0.02962962962962959 0.05343915343915339 0.02989417989417986 0.03783068783068782 0.03280423280423277 0.03148148148148144 0.03597883597883594 0.08518518518518509 0.042592592592592536 0.04021164021164017 0.035714285714285664 0.029100529100529068 0.026455026455026415 0.030687830687830642 0.034391534391534355 0.032804232804232766 0.14656084656084636 0.03042328042328038 0.04259259259259255 0.03042328042328037 0.028835978835978802 0.025661375661375628 0.03174603174603171 0.02910052910052906 0.026455026455026412
0.037698412698412676 0.037698412698412676 0.036507936507936475 0.03730158730158728 0.03928571428571426 0.04047619047619045 0.04047619047619045 0.036507936507936475 0.038492063492063466 0.03888888888888887 0.03611111111111108 0.03769841269841268 0.03730158730158728 0.04087301587301584 0.03809523809523807 0.03849206349206346 0.03809523809523808 0.03968253968253965 0.03650793650793648 0.03888888888888886 0.037698412698412676 0.061904761904761865 0.037301587301587266 0.058333333333333307 0.03968253968253965
0.03703703703703701 0.0348148148148148 0.03777777777777779 0.04666666666666669 0.03481481481481481 0.03629629629629628 0.03555555555555554 0.04074074074074074 0.04 0.04666666666666667 0.04370370370370369 0.04259259259259256 0.03407407407407407 0.03888888888888888 0.03777777777777775 0.03999999999999998 0.05407407407407406 0.03592592592592592 0.06407407407407406 0.039629629629629626 0.03592592592592592 0.033703703703703694 0.042222222222222223 0.033703703703703694 0.033333333333333326
0.04137931034482755 0.036781609195402264 0.039080459770114914 0.03908045977011491 0.03563218390804593 0.039463601532567005 0.04061302681992333 0.0490421455938697 0.04099616858237542 0.04061302681992334 0.04329501915708806 0.04099616858237543 0.03563218390804593 0.04674329501915705 0.042145593869731754 0.04214559386973178 0.04482758620689652 0.039846743295019096 0.03678160919540226 0.0386973180076628 0.03946360153256699 0.03601532567049806 0.03639846743295015 0.03754789272030649 0.03678160919540225
0.037931034482758585 0.03793103448275857 0.04367816091954018 0.04099616858237543 0.04712643678160911 0.03793103448275859 0.04099616858237543 0.03678160919540225 0.0390804597701149 0.03869731800766281 0.037547892720306474 0.04137931034482754 0.046743295019157055 0.0386973180076628 0.03984674329501911 0.043678160919540195 0.03831417624521069 0.036781609195402264 0.035632183908045935 0.04444444444444441 0.03793103448275858 0.034865900383141725 0.03678160919540227 0.036398467432950145 0.04980842911877394
0.03823529411764699 0.0339869281045751 0.042156862745097966 0.05588235294117639 0.0339869281045751 0.051307189542483596 0.060784313725490126 0.037254901960784244 0.03496732026143785 0.03954248366013065 0.03921568627450973 0.040522875816993396 0.032679738562091436 0.037254901960784244 0.044444444444444384 0.04019607843137247 0.03660130718954242 0.041176470588235224 0.033660130718954184 0.05359477124182999 0.03692810457516333 0.032352941176470515 0.033660130718954184 0.032026143790849615 0.03758169934640516
0.034210526315789455 0.03099415204678361 0.035380116959064324 0.04122807017543857 0.028070175438596485 0.03567251461988306 0.03508771929824561 0.037719298245614034 0.035672514619883015 0.033625730994152024 0.05497076023391808 0.040935672514619874 0.02865497076023391 0.0330409356725146 0.03362573099415202 0.03421052631578948 0.15409356725146195 0.03654970760233917 0.03713450292397659 0.03888888888888885 0.03391812865497074 0.029824561403508757 0.033918128654970736 0.03216374269005845 0.030409356725146188
0.05116959064327484 0.029239766081871333 0.030409356725146205 0.02894736842105262 0.029239766081871326 0.029239766081871333 0.030409356725146188 0.03713450292397659 0.030116959064327483 0.0309941520467836 0.028947368421052624 0.03157894736842104 0.02865497076023392 0.05292397660818707 0.03011695906432748 0.030701754385964886 0.20409356725146208 0.03187134502923975 0.041812865497076024 0.029824561403508757 0.0330409356725146 0.029239766081871326 0.03830409356725146 0.03070175438596491 0.03128654970760233
0.03843843843843848 0.03363363363363365 0.04024024024024024 0.051951951951951986 0.035735735735735755 0.04174174174174179 0.04624624624624626 0.048648648648648665 0.0504504504504505 0.037837837837837854 0.05165165165165167 0.04504504504504509 0.030930930930930956 0.03873873873873876 0.03723723723723728 0.04234234234234236 0.03963963963963966 0.04444444444444445 0.03693693693693696 0.04054054054054057 0.03603603603603607 0.034534534534534575 0.03093093093093095 0.030030030030030023 0.03603603603603608
0.03703703703703708 0.037448559670781936 0.03909465020576136 0.03744855967078193 0.05555555555555564 0.03703703703703708 0.03703703703703708 0.03703703703703708 0.03703703703703708 0.03786008230452678 0.03703703703703708 0.03786008230452679 0.05432098765432102 0.03703703703703708 0.037448559670781936 0.03991769547325108 0.03703703703703708 0.037448559670781936 0.03786008230452679 0.038271604938271635 0.03744855967078193 0.03703703703703708 0.03744855967078193 0.03703703703703708 0.06419753086419752
0.040613026819923355 0.039463601532567005 0.04061302681992335 0.039463601532567 0.03678160919540227 0.04061302681992334 0.039846743295019096 0.038697318007662795 0.03869731800766279 0.03831417624521071 0.03984674329501912 0.03793103448275859 0.03908045977011488 0.04022988505747122 0.03869731800766279 0.042145593869731775 0.0398467432950191 0.0390804597701149 0.036398467432950145 0.03793103448275858 0.03831417624521067 0.04291187739463598 0.03716475095785436 0.06015325670498081 0.03716475095785436
0.03942652329749101 0.04229390681003581 0.04050179211469531 0.04121863799283151 0.04086021505376341 0.03942652329749101 0.04121863799283151 0.03620071684587811 0.03620071684587811 0.03835125448028671 0.04193548387096771 0.04050179211469531 0.03691756272401431 0.03978494623655911 0.03942652329749101 0.04193548387096772 0.04301075268817201 0.03906810035842291 0.04050179211469531 0.039426523297491016 0.045161290322580615 0.039426523297491016 0.03870967741935481 0.03978494623655911 0.03870967741935481
0.027290448343079952 0.027875243664717376 0.05828460038986351 0.03859649122807022 0.04756335282651075 0.0362573099415205 0.043274853801169626 0.023196881091617966 0.022222222222222258 0.03313840155945423 0.026315789473684244 0.03859649122807022 0.055945419103313854 0.029824561403508806 0.03547758284600393 0.03313840155945423 0.14113060428849908 0.03703703703703708 0.042300194931773914 0.05380116959064325 0.031968810916179376 0.022417153996101398 0.025925925925925956 0.0339181286549708 0.03450292397660823
0.03716475095785438 0.0950191570881227 0.039463601532567005 0.039463601532567005 0.03678160919540227 0.0390804597701149 0.046360153256704915 0.038314176245210683 0.03601532567049804 0.037547892720306474 0.03639846743295016 0.03716475095785436 0.03524904214559382 0.037931034482758585 0.03754789272030647 0.03793103448275857 0.037164750957854376 0.037547892720306474 0.03678160919540227 0.0390804597701149 0.03754789272030647 0.03601532567049804 0.03448275862068961 0.03639846743295014 0.037547892720306474
0.033333333333333354 0.028535353535353546 0.032828282828282845 0.04267676767676772 0.025757575757575774 0.04015151515151519 0.04242424242424245 0.03787878787878792 0.03005050505050507 0.0315656565656566 0.03333333333333337 0.03409090909090913 0.026767676767676787 0.032323232323232344 0.03181818181818186 0.035606060606060634 0.20000000000000004 0.036111111111111115 0.0363636363636364 0.04040404040404046 0.03257575757575761 0.02828282828282829 0.030555555555555575 0.026262626262626272 0.030303030303030356
0.047037037037036995 0.03703703703703703 0.039999999999999994 0.03851851851851851 0.037777777777777764 0.036666666666666646 0.038518518518518494 0.03814814814814814 0.0433333333333333 0.037777777777777764 0.05407407407407408 0.044814814814814814 0.03481481481481481 0.04111111111111111 0.04333333333333333 0.04666666666666666 0.040370370370370355 0.037777777777777785 0.0374074074074074 0.03962962962962962 0.03518518518518518 0.03666666666666667 0.03592592592592591 0.03962962962962962 0.037777777777777785
0.041111111111111105 0.03962962962962963 0.03814814814814815 0.03740740740740742 0.035555555555555556 0.04148148148148146 0.0359259259259259 0.04037037037037037 0.05888888888888886 0.03962962962962962 0.05333333333333335 0.04259259259259258 0.03518518518518518 0.04148148148148148 0.03629629629629628 0.04296296296296297 0.03851851851851851 0.040370370370370376 0.038888888888888876 0.0385185185185185 0.03703703703703702 0.034814814814814805 0.03703703703703701 0.038148148148148125 0.03666666666666666
0.04086021505376341 0.03620071684587811 0.04229390681003581 0.04408602150537631 0.035842293906810006 0.046236559139784916 0.03978494623655911 0.041218637992831514 0.040860215053763416 0.04551971326164871 0.04336917562724011 0.04301075268817201 0.03512544802867381 0.04014336917562721 0.04157706093189961 0.04265232974910391 0.04157706093189961 0.03942652329749101 0.03799283154121861 0.04229390681003581 0.03906810035842291 0.03369175627240141 0.03548387096774191 0.03548387096774191 0.03620071684587811
0.04228395061728389 0.03703703703703698 0.04259259259259254 0.03981481481481475 0.03796296296296291 0.04722222222222215 0.04629629629629623 0.03549382716049377 0.03487654320987649 0.04104938271604932 0.04012345679012339 0.037654320987654255 0.03641975308641969 0.03888888888888884 0.03703703703703697 0.03919753086419746 0.04012345679012339 0.043518518518518456 0.03549382716049377 0.054629629629629556 0.04567901234567897 0.03549382716049376 0.03549382716049378 0.036111111111111045 0.0395061728395061
0.04117647058823522 0.0339869281045751 0.03594771241830059 0.04411764705882345 0.031699346405228694 0.04705882352941171 0.050326797385620854 0.03366013071895418 0.04346405228758163 0.03431372549019601 0.04150326797385613 0.04084967320261431 0.033986928104575105 0.038235294117646985 0.04248366013071888 0.05424836601307182 0.03758169934640516 0.040849673202614324 0.03300653594771235 0.05686274509803914 0.033333333333333263 0.03300653594771235 0.031699346405228694 0.03431372549019602 0.05228758169934632
0.04301075268817201 0.03512544802867381 0.03512544802867381 0.03799283154121861 0.03333333333333331 0.04121863799283151 0.03835125448028671 0.050537634408602115 0.04157706093189961 0.03620071684587811 0.05161290322580642 0.04050179211469532 0.03440860215053761 0.03978494623655911 0.03763440860215051 0.04014336917562721 0.03799283154121861 0.03763440860215051 0.03476702508960571 0.035842293906810006 0.03691756272401431 0.03870967741935481 0.03333333333333331 0.07419354838709671 0.03405017921146951
0.034883720930232585 0.026614987080103392 0.032816537467700295 0.037209302325581436 0.02713178294573647 0.034883720930232585 0.04186046511627912 0.030490956072351454 0.033333333333333375 0.0369509043927649 0.040826873385012966 0.04418604651162795 0.026614987080103392 0.03100775193798453 0.032816537467700295 0.039018087855297194 0.10594315245478048 0.04341085271317835 0.035142118863049125 0.034625322997416046 0.030232558139534918 0.0793281653746771 0.03436692506459951 0.05736434108527138 0.02894056847545223
0.044097222222222225 0.06076388888888889 0.036458333333333336 0.04131944444444444 0.034722222222222224 0.0375 0.03819444444444445 0.0375 0.06909722222222223 0.04201388888888889 0.04548611111111111 0.04236111111111111 0.034722222222222224 0.03888888888888889 0.04618055555555556 0.041666666666666664 0.034722222222222224 0.035416666666666666 0.034375 0.035069444444444445 0.03611111111111111 0.03229166666666667 0.034375 0.03333333333333333 0.03333333333333333
0.042942942942943 0.03393393393393395 0.04324324324324327 0.04684684684684688 0.03333333333333336 0.045945945945946 0.05075075075075078 0.03963963963963967 0.03843843843843847 0.039639639639639686 0.04684684684684684 0.04474474474474478 0.03273273273273277 0.04204204204204205 0.0516516516516517 0.04414414414414418 0.03453453453453456 0.03933933933933938 0.03303303303303306 0.042042042042042066 0.04144144144144147 0.03123123123123125 0.03303303303303305 0.03213213213213216 0.03633633633633641
0.042222222222222196 0.06518518518518517 0.03814814814814813 0.03925925925925924 0.041481481481481515 0.041111111111111105 0.03925925925925923 0.035555555555555556 0.038148148148148125 0.042592592592592585 0.04185185185185188 0.03962962962962962 0.03555555555555554 0.0385185185185185 0.04555555555555558 0.041481481481481446 0.03777777777777777 0.03999999999999998 0.03925925925925923 0.03629629629629629 0.03703703703703703 0.03444444444444442 0.037777777777777785 0.035555555555555556 0.03629629629629628
0.037448559670781936 0.09506172839506166 0.03703703703703708 0.037448559670781936 0.03786008230452678 0.03703703703703708 0.03827160493827164 0.037448559670781936 0.037448559670781936 0.03786008230452679 0.03786008230452679 0.037448559670781936 0.03744855967078193 0.03827160493827164 0.03909465020576137 0.03703703703703708 0.039094650205761354 0.03786008230452679 0.03703703703703708 0.03786008230452678 0.03909465020576137 0.03703703703703708 0.037448559670781936 0.03703703703703708 0.037448559670781936
0.03364197530864192 0.06913580246913573 0.0416666666666666 0.04506172839506168 0.05648148148148141 0.051543209876543164 0.05432098765432089 0.032716049382715995 0.035185185185185125 0.03518518518518511 0.030555555555555496 0.03395061728395055 0.05061728395061723 0.036111111111111045 0.033641975308641915 0.03487654320987648 0.03456790123456784 0.03240740740740734 0.03179012345679007 0.04537037037037031 0.032716049382715995 0.031172839506172778 0.030864197530864144 0.032716049382715995 0.05370370370370364
0.03518518518518511 0.03302469135802463 0.051851851851851795 0.03240740740740734 0.05586419753086415 0.03456790123456784 0.03456790123456784 0.03333333333333328 0.03364197530864191 0.03672839506172834 0.03487654320987648 0.03981481481481476 0.06759259259259252 0.03765432098765427 0.03919753086419748 0.03858024691358017 0.0364197530864197 0.03858024691358019 0.030555555555555503 0.040432098765432044 0.03487654320987648 0.06419753086419744 0.02993827160493821 0.03271604938271599 0.053395061728395
0.04017094017094012 0.03846153846153842 0.039316239316239274 0.04529914529914526 0.03846153846153842 0.04145299145299144 0.046153846153846156 0.03846153846153842 0.03931623931623928 0.0397435897435897 0.040598290598290565 0.038888888888888855 0.03846153846153842 0.038888888888888855 0.0397435897435897 0.03931623931623929 0.03846153846153842 0.038888888888888855 0.03846153846153842 0.04572649572649566 0.03846153846153842 0.03846153846153842 0.03846153846153842 0.03846153846153842 0.04188034188034183
0.05416666666666667 0.03611111111111111 0.03819444444444445 0.034027777777777775 0.033680555555555554 0.04131944444444444 0.03888888888888889 0.035416666666666666 0.03611111111111111 0.03680555555555556 0.05 0.044097222222222225 0.034027777777777775 0.04027777777777778 0.04618055555555556 0.04583333333333333 0.04513888888888889 0.04236111111111111 0.04513888888888889 0.036458333333333336 0.03854166666666667 0.035069444444444445 0.04375 0.033680555555555554 0.034722222222222224
0.03821138211382116 0.03387533875338755 0.04173441734417347 0.04254742547425477 0.030894308943089453 0.043902439024390276 0.05203252032520329 0.10542005420054203 0.03387533875338755 0.03523035230352305 0.03252032520325205 0.041192411924119265 0.033062330623306255 0.03821138211382117 0.04227642276422767 0.03902439024390247 0.03333333333333336 0.044444444444444474 0.03143631436314365 0.04769647696476968 0.03387533875338755 0.02899728997289975 0.031165311653116555 0.02981029810298105 0.03523035230352305
0.05798611111111111 0.043055555555555555 0.03958333333333333 0.03611111111111111 0.03611111111111111 0.043055555555555555 0.04201388888888889 0.03923611111111111 0.03611111111111111 0.040625 0.04548611111111111 0.03993055555555555 0.03611111111111111 0.059027777777777776 0.04548611111111111 0.040625 0.034375 0.03888888888888889 0.035069444444444445 0.03888888888888889 0.03611111111111111 0.034375 0.035416666666666666 0.03333333333333333 0.03298611111111111
0.054030501089324556 0.03267973856209148 0.036819172113289736 0.04705882352941172 0.02723311546840956 0.049019607843137226 0.053376906318082715 0.043572984749455305 0.02941176470588232 0.03812636165577337 0.04771241830065354 0.042701525054466186 0.030501089324618712 0.04684095860566443 0.04509803921568623 0.04923747276688448 0.041394335511982544 0.04335511982570801 0.050762527233115445 0.04226579520697163 0.033769063180827855 0.02657952069716774 0.02941176470588233 0.026579520697167736 0.032461873638344185
0.042087542087542056 0.036363636363636334 0.0397306397306397 0.04006734006734004 0.03872053872053869 0.03771043771043768 0.03804713804713802 0.03670033670033668 0.04343434343434341 0.04377104377104374 0.050841750841750806 0.04343434343434341 0.036363636363636334 0.03703703703703701 0.03670033670033667 0.045117845117845085 0.03905723905723903 0.043097643097643065 0.04377104377104374 0.04040404040404038 0.03804713804713802 0.03804713804713802 0.03569023569023566 0.037373737373737344 0.03838383838383835
0.040067340067340036 0.03771043771043768 0.040067340067340036 0.045117845117845085 0.03703703703703701 0.035353535353535324 0.046127946127946094 0.04377104377104374 0.046127946127946094 0.04309764309764307 0.045454545454545435 0.04478114478114475 0.03400673400673398 0.03905723905723903 0.041077441077441046 0.040740740740740716 0.04141414141414138 0.04309764309764307 0.03569023569023566 0.036363636363636334 0.04141414141414139 0.036026936026936 0.03569023569023566 0.037373737373737344 0.03333333333333331
0.03692810457516332 0.037581699346405165 0.04084967320261431 0.05784313725490188 0.035947712418300595 0.0447712418300653 0.04019607843137247 0.03790849673202607 0.037581699346405144 0.05196078431372542 0.04803921568627443 0.039542483660130655 0.036601307189542416 0.036601307189542416 0.03856209150326791 0.03758169934640516 0.03660130718954242 0.03921568627450973 0.03660130718954241 0.046732026143790774 0.041830065359477066 0.03529411764705876 0.0339869281045751 0.0320261437908496 0.03921568627450973
0.03716475095785436 0.03601532567049805 0.038314176245210683 0.03716475095785436 0.036015325670498026 0.03754789272030647 0.039080459770114866 0.037164750957854376 0.03601532567049804 0.03524904214559383 0.036015325670498054 0.03754789272030645 0.03601532567049806 0.03908045977011491 0.03639846743295015 0.038314176245210683 0.03639846743295015 0.03716475095785436 0.035632183908045935 0.03524904214559383 0.03716475095785436 0.07318007662835248 0.03601532567049804 0.08045977011494258 0.035632183908045935
0.036507936507936434 0.03269841269841263 0.037460317460317395 0.03333333333333328 0.03301587301587295 0.05873015873015863 0.035555555555555486 0.03999999999999994 0.10634920634920626 0.036190476190476134 0.03523809523809518 0.0358730158730158 0.03555555555555549 0.03492063492063486 0.037460317460317395 0.03619047619047612 0.04317460317460311 0.03746031746031739 0.041269841269841206 0.03714285714285708 0.035873015873015814 0.03142857142857137 0.0431746031746031 0.031746031746031696 0.03365079365079359
0.040740740740740786 0.04074074074074077 0.04032921810699595 0.039094650205761375 0.041152263374485624 0.043621399176954775 0.04032921810699593 0.03950617283950623 0.039094650205761375 0.040740740740740786 0.03827160493827165 0.0386831275720165 0.039094650205761354 0.04115226337448563 0.039917695473251066 0.040329218106995926 0.04156378600823049 0.04279835390946507 0.03950617283950622 0.038683127572016494 0.0386831275720165 0.039917695473251066 0.039094650205761354 0.03950617283950621 0.037448559670781936
0.03418803418803414 0.029344729344729304 0.043874643874643834 0.036752136752136705 0.04415954415954414 0.037037037037036986 0.03817663817663814 0.03076923076923073 0.031054131054131014 0.033903133903133854 0.03247863247863243 0.037037037037037 0.031623931623931574 0.03646723646723641 0.037037037037037 0.03846153846153841 0.035897435897435846 0.0424501424501424 0.03219373219373215 0.044159544159544116 0.14501424501424487 0.030199430199430145 0.031623931623931574 0.033048433048433 0.03304843304843299
0.03870967741935481 0.03906810035842291 0.040860215053763416 0.03620071684587811 0.035842293906810006 0.03620071684587811 0.04086021505376341 0.03655913978494621 0.03763440860215051 0.03870967741935481 0.04014336917562721 0.04229390681003581 0.03763440860215051 0.037275985663082406 0.03620071684587811 0.03620071684587811 0.03835125448028671 0.03799283154121861 0.03655913978494621 0.03620071684587811 0.03799283154121861 0.09498207885304653 0.03405017921146951 0.03691756272401431 0.03655913978494621
0.04176245210727966 0.03716475095785438 0.03754789272030648 0.03984674329501912 0.039080459770114886 0.04061302681992332 0.04137931034482754 0.04942528735632179 0.038314176245210704 0.04099616858237544 0.04176245210727966 0.03754789272030647 0.03831417624521067 0.03984674329501911 0.04099616858237543 0.038314176245210683 0.04444444444444442 0.039463601532567 0.0386973180076628 0.03793103448275859 0.0444444444444444 0.0383141762452107 0.03946360153256701 0.03678160919540227 0.03754789272030649
0.03773148148148149 0.03703703703703705 0.04490740740740741 0.0416666666666667 0.028935185185185182 0.0622685185185185 0.04999999999999999 0.03657407407407411 0.03587962962962964 0.0451388888888889 0.04097222222222223 0.0375 0.0314814814814815 0.03703703703703705 0.03611111111111113 0.053240740740740734 0.03472222222222224 0.040740740740740765 0.03194444444444446 0.05509259259259257 0.03726851851851855 0.02893518518518521 0.02939814814814815 0.032870370370370376 0.052546296296296244
0.043859649122806994 0.034210526315789476 0.037426900584795315 0.037426900584795315 0.0324561403508772 0.05994152046783618 0.038304093567251445 0.038888888888888876 0.09298245614035092 0.03771929824561402 0.046198830409356725 0.042690058479532146 0.029239766081871336 0.039766081871345026 0.04210526315789472 0.04327485380116956 0.0330409356725146 0.043274853801169584 0.035087719298245605 0.03888888888888886 0.03391812865497075 0.028947368421052614 0.02982456140350876 0.029532163742690045 0.03099415204678361
0.041520467836257326 0.06959064327485373 0.03859649122807013 0.03216374269005844 0.05935672514619876 0.035087719298245584 0.053508771929824485 0.031578947368421054 0.03011695906432748 0.038304093567251465 0.031871345029239766 0.03654970760233916 0.06549707602339173 0.04561403508771925 0.03830409356725144 0.032163742690058464 0.03187134502923975 0.033040935672514614 0.030994152046783605 0.03859649122807015 0.03391812865497073 0.028070175438596485 0.027485380116959057 0.031871345029239745 0.06432748538011693
0.03843843843843848 0.054354354354354345 0.03573573573573576 0.03603603603603607 0.03633633633633637 0.04354354354354359 0.04234234234234237 0.051351351351351375 0.036936936936937 0.038738738738738766 0.034534534534534554 0.037537537537537566 0.031231231231231248 0.03633633633633637 0.042042042042042094 0.04024024024024026 0.03663663663663667 0.036636636636636674 0.03423423423423425 0.03603603603603608 0.03633633633633637 0.08228228228228221 0.03693693693693697 0.03303303303303305 0.032132132132132146
0.04277777777777773 0.1033333333333333 0.0430555555555555 0.029722222222222185 0.07138888888888889 0.03277777777777773 0.03249999999999995 0.03055555555555551 0.028888888888888846 0.03249999999999996 0.033333333333333284 0.032222222222222194 0.07472222222222223 0.04388888888888884 0.033055555555555505 0.03666666666666662 0.031666666666666635 0.03166666666666663 0.031111111111111065 0.033333333333333284 0.032499999999999966 0.030555555555555506 0.02805555555555552 0.03166666666666662 0.04805555555555554
0.03424036281179135 0.08662131519274374 0.04875283446712012 0.04897959183673463 0.03492063492063487 0.06326530612244895 0.07097505668934234 0.026757369614512458 0.027891156462585023 0.03786848072562356 0.02925170068027207 0.035827664399092934 0.04081632653061224 0.03582766439909294 0.03900226757369612 0.03492063492063488 0.031292517006802696 0.03582766439909294 0.02607709750566893 0.05714285714285706 0.03832199546485259 0.025623582766439897 0.02494331065759637 0.024263038548752835 0.040589569160997714
0.062418300653594695 0.03137254901960778 0.03562091503267967 0.03921568627450973 0.03888888888888882 0.03888888888888882 0.037581699346405165 0.0297385620915032 0.03071895424836595 0.03300653594771235 0.032352941176470536 0.03398692810457509 0.03790849673202607 0.05522875816993457 0.034313725490196005 0.034640522875816926 0.040522875816993396 0.03856209150326791 0.03921568627450973 0.037581699346405165 0.03137254901960778 0.09052287581699334 0.03790849673202607 0.04542483660130712 0.03300653594771234
0.04047619047619046 0.036507936507936475 0.03849206349206348 0.043650793650793655 0.036904761904761885 0.0468253968253968 0.04285714285714287 0.03928571428571426 0.038095238095238064 0.04047619047619044 0.04365079365079364 0.04166666666666663 0.03571428571428569 0.03769841269841267 0.040079365079365055 0.04523809523809524 0.037698412698412676 0.04285714285714285 0.03690476190476187 0.046428571428571375 0.03809523809523807 0.036904761904761885 0.036507936507936475 0.03730158730158728 0.039682539682539646
0.04087301587301584 0.03809523809523808 0.04047619047619045 0.03849206349206346 0.037698412698412676 0.04206349206349204 0.03849206349206346 0.04007936507936507 0.051190476190476154 0.038492063492063466 0.03968253968253965 0.04047619047619046 0.036507936507936475 0.039285714285714285 0.039682539682539646 0.04047619047619046 0.03968253968253966 0.03888888888888886 0.045238095238095216 0.04206349206349203 0.038095238095238064 0.038492063492063466 0.03888888888888887 0.037698412698412676 0.03888888888888886
0.046825396825396784 0.03968253968253965 0.03849206349206348 0.039682539682539646 0.03888888888888886 0.03968253968253966 0.03928571428571425 0.03968253968253965 0.03928571428571427 0.03888888888888887 0.044444444444444446 0.041666666666666644 0.03769841269841267 0.04087301587301586 0.044444444444444425 0.042063492063492025 0.037698412698412676 0.039682539682539646 0.04087301587301585 0.039285714285714264 0.038095238095238064 0.03968253968253967 0.036507936507936475 0.03888888888888885 0.037698412698412676
0.03962962962962964 0.03777777777777778 0.03925925925925926 0.038888888888888876 0.047777777777777766 0.036296296296296285 0.03888888888888887 0.038518518518518514 0.03777777777777775 0.037037037037037035 0.03814814814814812 0.042222222222222223 0.04703703703703705 0.04296296296296296 0.0422222222222222 0.04259259259259258 0.03629629629629628 0.03777777777777778 0.0385185185185185 0.04000000000000001 0.03740740740740739 0.037777777777777764 0.03666666666666666 0.038888888888888896 0.04962962962962965
0.04265232974910391 0.03548387096774191 0.03942652329749101 0.03548387096774191 0.03440860215053761 0.03763440860215051 0.03655913978494621 0.03405017921146951 0.09032258064516123 0.03548387096774191 0.05268817204301072 0.03870967741935481 0.03369175627240141 0.03942652329749101 0.04551971326164871 0.04372759856630821 0.03691756272401431 0.04050179211469531 0.03870967741935481 0.035842293906810006 0.037275985663082406 0.03333333333333331 0.03548387096774191 0.03297491039426521 0.03369175627240141
0.03716475095785437 0.03639846743295016 0.042911877394635985 0.03946360153256704 0.05363984674329496 0.036015325670498054 0.035632183908045935 0.03716475095785436 0.03639846743295015 0.04214559386973175 0.04252873563218386 0.04099616858237543 0.04865900383141759 0.038314176245210683 0.03678160919540225 0.043295019157088076 0.03754789272030648 0.03984674329501911 0.03678160919540226 0.03678160919540226 0.03601532567049804 0.03601532567049805 0.03448275862068961 0.03601532567049804 0.059003831417624504
