0.17647058823529413 0.23529411764705882 0.35294117647058826 0.058823529411764705 0.17647058823529413
0.21052631578947367 0.10526315789473684 0.3684210526315789 0.10526315789473684 0.21052631578947367
0.05 0.05 0.05 0.75 0.1
0.0625 0.3125 0.375 0.0625 0.1875
0.4 0.3 0.1 0.1 0.1
0.5 0.14285714285714285 0.07142857142857142 0.14285714285714285 0.14285714285714285
0.125 0.1875 0.375 0.125 0.1875
0.7142857142857143 0.047619047619047616 0.09523809523809523 0.047619047619047616 0.09523809523809523
0.08333333333333333 0.08333333333333333 0.5 0.08333333333333333 0.25
0.18181818181818182 0.09090909090909091 0.09090909090909091 0.18181818181818182 0.45454545454545453
0.5714285714285714 0.17857142857142858 0.17857142857142858 0.03571428571428571 0.03571428571428571
0.2631578947368421 0.42105263157894735 0.05263157894736842 0.15789473684210525 0.10526315789473684
0.3333333333333333 0.4166666666666667 0.08333333333333333 0.08333333333333333 0.08333333333333333
0.09090909090909091 0.36363636363636365 0.2727272727272727 0.18181818181818182 0.09090909090909091
0.1111111111111111 0.2222222222222222 0.3333333333333333 0.1111111111111111 0.2222222222222222
0.125 0.125 0.125 0.5 0.125
0.1 0.4 0.2 0.2 0.1
0.1111111111111111 0.1111111111111111 0.2222222222222222 0.4444444444444444 0.1111111111111111
0.1 0.1 0.4 0.1 0.3
0.1111111111111111 0.1111111111111111 0.1111111111111111 0.5555555555555556 0.1111111111111111
0.25 0.25 0.08333333333333333 0.08333333333333333 0.3333333333333333
0.13043478260869565 0.13043478260869565 0.043478260869565216 0.043478260869565216 0.6521739130434783
0.5833333333333334 0.08333333333333333 0.16666666666666666 0.08333333333333333 0.08333333333333333
0.4090909090909091 0.4090909090909091 0.045454545454545456 0.045454545454545456 0.09090909090909091
0.4444444444444444 0.2222222222222222 0.1111111111111111 0.1111111111111111 0.1111111111111111
0.5384615384615384 0.15384615384615385 0.15384615384615385 0.07692307692307693 0.07692307692307693
0.15789473684210525 0.15789473684210525 0.10526315789473684 0.15789473684210525 0.42105263157894735
0.13333333333333333 0.2 0.26666666666666666 0.06666666666666667 0.3333333333333333
0.7142857142857143 0.07142857142857142 0.07142857142857142 0.07142857142857142 0.07142857142857142
0.4 0.1 0.1 0.3 0.1
0.1111111111111111 0.1111111111111111 0.2222222222222222 0.4444444444444444 0.1111111111111111
0.1111111111111111 0.1111111111111111 0.3333333333333333 0.2222222222222222 0.2222222222222222
0.1 0.1 0.4 0.3 0.1
0.5555555555555556 0.1111111111111111 0.1111111111111111 0.1111111111111111 0.1111111111111111
0.1111111111111111 0.1111111111111111 0.1111111111111111 0.5555555555555556 0.1111111111111111
0.09090909090909091 0.18181818181818182 0.09090909090909091 0.45454545454545453 0.18181818181818182
0.09090909090909091 0.45454545454545453 0.2727272727272727 0.09090909090909091 0.09090909090909091
0.08333333333333333 0.16666666666666666 0.08333333333333333 0.16666666666666666 0.5
0.18181818181818182 0.09090909090909091 0.5 0.09090909090909091 0.13636363636363635
0.14285714285714285 0.2857142857142857 0.14285714285714285 0.14285714285714285 0.2857142857142857
0.5333333333333333 0.06666666666666667 0.2 0.06666666666666667 0.13333333333333333
0.23076923076923078 0.15384615384615385 0.07692307692307693 0.46153846153846156 0.07692307692307693
0.45454545454545453 0.09090909090909091 0.09090909090909091 0.18181818181818182 0.18181818181818182
0.07142857142857142 0.21428571428571427 0.42857142857142855 0.14285714285714285 0.14285714285714285
0.4166666666666667 0.08333333333333333 0.25 0.08333333333333333 0.16666666666666666
0.6 0.1 0.1 0.1 0.1
0.3333333333333333 0.1111111111111111 0.2222222222222222 0.1111111111111111 0.2222222222222222
0.3888888888888889 0.05555555555555555 0.05555555555555555 0.2222222222222222 0.2777777777777778
0.25 0.25 0.25 0.125 0.125
0.14285714285714285 0.42857142857142855 0.14285714285714285 0.14285714285714285 0.14285714285714285
0.03571428571428571 0.6785714285714286 0.10714285714285714 0.10714285714285714 0.07142857142857142
0.05555555555555555 0.5555555555555556 0.05555555555555555 0.1111111111111111 0.2222222222222222
0.125 0.375 0.125 0.25 0.125
0.1111111111111111 0.1111111111111111 0.1111111111111111 0.1111111111111111 0.5555555555555556
0.125 0.25 0.25 0.125 0.25
0.06666666666666667 0.26666666666666666 0.4 0.06666666666666667 0.2
0.1111111111111111 0.5 0.05555555555555555 0.1111111111111111 0.2222222222222222
0.14285714285714285 0.07142857142857142 0.42857142857142855 0.2857142857142857 0.07142857142857142
0.16666666666666666 0.16666666666666666 0.16666666666666666 0.16666666666666666 0.3333333333333333
0.14285714285714285 0.6428571428571429 0.07142857142857142 0.07142857142857142 0.07142857142857142
0.2222222222222222 0.1111111111111111 0.4444444444444444 0.1111111111111111 0.1111111111111111
0.06666666666666667 0.06666666666666667 0.26666666666666666 0.4 0.2
0.04 0.08 0.16 0.12 0.6
0.14285714285714285 0.14285714285714285 0.2857142857142857 0.14285714285714285 0.2857142857142857
0.125 0.125 0.125 0.5 0.125
0.2222222222222222 0.1111111111111111 0.1111111111111111 0.1111111111111111 0.4444444444444444
0.1 0.3 0.4 0.1 0.1
0.2857142857142857 0.14285714285714285 0.14285714285714285 0.14285714285714285 0.2857142857142857
0.2 0.5 0.05 0.2 0.05
0.23529411764705882 0.35294117647058826 0.11764705882352941 0.058823529411764705 0.23529411764705882
0.14285714285714285 0.2857142857142857 0.14285714285714285 0.2857142857142857 0.14285714285714285
0.14285714285714285 0.14285714285714285 0.14285714285714285 0.2857142857142857 0.2857142857142857
0.2222222222222222 0.1111111111111111 0.4444444444444444 0.1111111111111111 0.1111111111111111
0.25 0.25 0.125 0.25 0.125
0.6 0.05 0.2 0.1 0.05
0.15384615384615385 0.3076923076923077 0.07692307692307693 0.3076923076923077 0.15384615384615385
0.14285714285714285 0.21428571428571427 0.21428571428571427 0.07142857142857142 0.35714285714285715
0.14285714285714285 0.14285714285714285 0.14285714285714285 0.14285714285714285 0.42857142857142855
0.0625 0.28125 0.5 0.125 0.03125
0.18181818181818182 0.36363636363636365 0.18181818181818182 0.09090909090909091 0.18181818181818182
0.14285714285714285 0.5714285714285714 0.07142857142857142 0.07142857142857142 0.14285714285714285
0.125 0.25 0.125 0.25 0.25
0.36363636363636365 0.36363636363636365 0.09090909090909091 0.09090909090909091 0.09090909090909091
0.14285714285714285 0.14285714285714285 0.42857142857142855 0.14285714285714285 0.14285714285714285
0.07142857142857142 0.07142857142857142 0.07142857142857142 0.07142857142857142 0.7142857142857143
0.2222222222222222 0.1111111111111111 0.2222222222222222 0.2222222222222222 0.2222222222222222
0.1 0.2 0.2 0.3 0.2
0.6470588235294118 0.058823529411764705 0.058823529411764705 0.11764705882352941 0.11764705882352941
0.09090909090909091 0.09090909090909091 0.36363636363636365 0.09090909090909091 0.36363636363636365
0.17647058823529413 0.4117647058823529 0.17647058823529413 0.11764705882352941 0.11764705882352941
0.09090909090909091 0.09090909090909091 0.18181818181818182 0.18181818181818182 0.45454545454545453
0.125 0.125 0.125 0.5 0.125
0.1875 0.125 0.0625 0.4375 0.1875
0.391304347826087 0.391304347826087 0.13043478260869565 0.043478260869565216 0.043478260869565216
0.26666666666666666 0.2 0.06666666666666667 0.4 0.06666666666666667
0.08333333333333333 0.08333333333333333 0.25 0.4166666666666667 0.16666666666666666
0.05555555555555555 0.05555555555555555 0.2222222222222222 0.1111111111111111 0.5555555555555556
0.2631578947368421 0.05263157894736842 0.10526315789473684 0.3684210526315789 0.21052631578947367
0.5714285714285714 0.14285714285714285 0.07142857142857142 0.07142857142857142 0.14285714285714285
0.06666666666666667 0.06666666666666667 0.06666666666666667 0.2 0.6
0.13333333333333333 0.13333333333333333 0.06666666666666667 0.5333333333333333 0.13333333333333333
0.125 0.25 0.125 0.125 0.375
0.02702702702702703 0.7297297297297297 0.10810810810810811 0.10810810810810811 0.02702702702702703
0.18181818181818182 0.09090909090909091 0.45454545454545453 0.09090909090909091 0.18181818181818182
0.08333333333333333 0.08333333333333333 0.08333333333333333 0.16666666666666666 0.5833333333333334
0.1111111111111111 0.1111111111111111 0.2222222222222222 0.1111111111111111 0.4444444444444444
0.4444444444444444 0.1111111111111111 0.2222222222222222 0.1111111111111111 0.1111111111111111
0.5 0.1 0.1 0.1 0.2
0.1111111111111111 0.1111111111111111 0.1111111111111111 0.3333333333333333 0.3333333333333333
0.08333333333333333 0.16666666666666666 0.16666666666666666 0.08333333333333333 0.5
0.1 0.1 0.1 0.3 0.4
0.13333333333333333 0.06666666666666667 0.2 0.4666666666666667 0.13333333333333333
0.3333333333333333 0.1111111111111111 0.1111111111111111 0.3333333333333333 0.1111111111111111
0.3888888888888889 0.4444444444444444 0.05555555555555555 0.05555555555555555 0.05555555555555555
0.38461538461538464 0.23076923076923078 0.23076923076923078 0.07692307692307693 0.07692307692307693
0.23076923076923078 0.07692307692307693 0.07692307692307693 0.15384615384615385 0.46153846153846156
0.25 0.125 0.25 0.25 0.125
0.1111111111111111 0.4444444444444444 0.1111111111111111 0.1111111111111111 0.2222222222222222
0.125 0.375 0.25 0.125 0.125
0.09090909090909091 0.2727272727272727 0.09090909090909091 0.45454545454545453 0.09090909090909091
0.041666666666666664 0.08333333333333333 0.16666666666666666 0.375 0.3333333333333333
0.125 0.125 0.375 0.125 0.25
0.25 0.08333333333333333 0.08333333333333333 0.5 0.08333333333333333
0.4 0.1 0.1 0.2 0.2
0.3333333333333333 0.13333333333333333 0.13333333333333333 0.3333333333333333 0.06666666666666667
0.2857142857142857 0.14285714285714285 0.14285714285714285 0.14285714285714285 0.2857142857142857
0.1111111111111111 0.2222222222222222 0.3333333333333333 0.1111111111111111 0.2222222222222222
0.1111111111111111 0.1111111111111111 0.5555555555555556 0.1111111111111111 0.1111111111111111
0.45454545454545453 0.2727272727272727 0.09090909090909091 0.09090909090909091 0.09090909090909091
0.4444444444444444 0.1111111111111111 0.1111111111111111 0.2222222222222222 0.1111111111111111
0.375 0.125 0.125 0.25 0.125
0.13333333333333333 0.06666666666666667 0.4 0.2 0.2
0.1 0.1 0.3 0.4 0.1
0.09090909090909091 0.09090909090909091 0.09090909090909091 0.6363636363636364 0.09090909090909091
0.14285714285714285 0.14285714285714285 0.5 0.07142857142857142 0.14285714285714285
0.2 0.1 0.3 0.3 0.1
0.06666666666666667 0.2 0.06666666666666667 0.6 0.06666666666666667
0.1111111111111111 0.1111111111111111 0.1111111111111111 0.5555555555555556 0.1111111111111111
0.1111111111111111 0.1111111111111111 0.1111111111111111 0.2222222222222222 0.4444444444444444
0.18181818181818182 0.09090909090909091 0.36363636363636365 0.2727272727272727 0.09090909090909091
0.1111111111111111 0.1111111111111111 0.4444444444444444 0.1111111111111111 0.2222222222222222
0.125 0.0625 0.1875 0.5 0.125
0.1 0.4 0.3 0.1 0.1
0.4 0.1 0.05 0.25 0.2
0.18181818181818182 0.2727272727272727 0.2727272727272727 0.09090909090909091 0.18181818181818182
0.3 0.1 0.2 0.3 0.1
0.1111111111111111 0.2222222222222222 0.1111111111111111 0.3333333333333333 0.2222222222222222
0.1111111111111111 0.1111111111111111 0.1111111111111111 0.5555555555555556 0.1111111111111111
0.14285714285714285 0.14285714285714285 0.14285714285714285 0.14285714285714285 0.42857142857142855
0.125 0.125 0.125 0.5 0.125
0.09523809523809523 0.3333333333333333 0.42857142857142855 0.047619047619047616 0.09523809523809523
0.38461538461538464 0.07692307692307693 0.15384615384615385 0.23076923076923078 0.15384615384615385
0.09090909090909091 0.22727272727272727 0.045454545454545456 0.5454545454545454 0.09090909090909091
0.18181818181818182 0.18181818181818182 0.18181818181818182 0.09090909090909091 0.36363636363636365
0.5 0.1 0.2 0.1 0.1
0.2 0.2 0.2 0.1 0.3
0.125 0.125 0.25 0.375 0.125
0.5 0.125 0.125 0.125 0.125
0.06666666666666667 0.26666666666666666 0.06666666666666667 0.4 0.2
0.2222222222222222 0.2222222222222222 0.1111111111111111 0.1111111111111111 0.3333333333333333
0.4444444444444444 0.1111111111111111 0.2222222222222222 0.1111111111111111 0.1111111111111111
0.16666666666666666 0.16666666666666666 0.16666666666666666 0.16666666666666666 0.3333333333333333
0.1111111111111111 0.1111111111111111 0.1111111111111111 0.5555555555555556 0.1111111111111111
0.1 0.2 0.3 0.2 0.2
0.06666666666666667 0.13333333333333333 0.6 0.13333333333333333 0.06666666666666667
0.3 0.05 0.05 0.55 0.05
0.125 0.125 0.375 0.25 0.125
0.3 0.2 0.2 0.1 0.2
0.13333333333333333 0.2 0.2 0.2 0.26666666666666666
0.125 0.041666666666666664 0.041666666666666664 0.5416666666666666 0.25
0.047619047619047616 0.3333333333333333 0.2857142857142857 0.2857142857142857 0.047619047619047616
0.14285714285714285 0.07142857142857142 0.07142857142857142 0.21428571428571427 0.5
0.09090909090909091 0.36363636363636365 0.09090909090909091 0.36363636363636365 0.09090909090909091
0.07142857142857142 0.5714285714285714 0.21428571428571427 0.07142857142857142 0.07142857142857142
0.08333333333333333 0.16666666666666666 0.5 0.08333333333333333 0.16666666666666666
0.5555555555555556 0.1111111111111111 0.1111111111111111 0.1111111111111111 0.1111111111111111
0.1 0.1 0.2 0.5 0.1
0.16666666666666666 0.08333333333333333 0.08333333333333333 0.4166666666666667 0.25
0.3333333333333333 0.08333333333333333 0.25 0.25 0.08333333333333333
0.08333333333333333 0.25 0.16666666666666666 0.4166666666666667 0.08333333333333333
0.2727272727272727 0.18181818181818182 0.36363636363636365 0.09090909090909091 0.09090909090909091
0.09090909090909091 0.09090909090909091 0.09090909090909091 0.09090909090909091 0.6363636363636364
0.1111111111111111 0.1111111111111111 0.1111111111111111 0.1111111111111111 0.5555555555555556
0.038461538461538464 0.19230769230769232 0.23076923076923078 0.11538461538461539 0.4230769230769231
0.09090909090909091 0.2727272727272727 0.18181818181818182 0.09090909090909091 0.36363636363636365
0.047619047619047616 0.047619047619047616 0.14285714285714285 0.047619047619047616 0.7142857142857143
0.4444444444444444 0.1111111111111111 0.1111111111111111 0.1111111111111111 0.2222222222222222
0.125 0.125 0.375 0.25 0.125
0.375 0.125 0.125 0.25 0.125
0.3333333333333333 0.1111111111111111 0.1111111111111111 0.2222222222222222 0.2222222222222222
0.7368421052631579 0.05263157894736842 0.10526315789473684 0.05263157894736842 0.05263157894736842
0.07142857142857142 0.14285714285714285 0.07142857142857142 0.5 0.21428571428571427
0.1111111111111111 0.3333333333333333 0.1111111111111111 0.1111111111111111 0.3333333333333333
0.1111111111111111 0.1111111111111111 0.2222222222222222 0.1111111111111111 0.4444444444444444
0.1111111111111111 0.1111111111111111 0.1111111111111111 0.5555555555555556 0.1111111111111111
0.25 0.3333333333333333 0.08333333333333333 0.08333333333333333 0.25
0.05555555555555555 0.3333333333333333 0.3888888888888889 0.16666666666666666 0.05555555555555555
0.09090909090909091 0.36363636363636365 0.09090909090909091 0.36363636363636365 0.09090909090909091
0.14285714285714285 0.07142857142857142 0.07142857142857142 0.07142857142857142 0.6428571428571429
0.08333333333333333 0.3333333333333333 0.25 0.08333333333333333 0.25
0.14285714285714285 0.07142857142857142 0.42857142857142855 0.14285714285714285 0.21428571428571427
0.05555555555555555 0.05555555555555555 0.3888888888888889 0.2777777777777778 0.2222222222222222
0.09090909090909091 0.18181818181818182 0.2727272727272727 0.18181818181818182 0.2727272727272727
0.14285714285714285 0.2857142857142857 0.2857142857142857 0.14285714285714285 0.14285714285714285
0.10526315789473684 0.10526315789473684 0.2631578947368421 0.3684210526315789 0.15789473684210525
0.2 0.06666666666666667 0.6 0.06666666666666667 0.06666666666666667
0.08333333333333333 0.16666666666666666 0.08333333333333333 0.5833333333333334 0.08333333333333333
0.09090909090909091 0.09090909090909091 0.18181818181818182 0.45454545454545453 0.18181818181818182
0.07142857142857142 0.14285714285714285 0.2857142857142857 0.07142857142857142 0.42857142857142855
0.07142857142857142 0.5714285714285714 0.14285714285714285 0.14285714285714285 0.07142857142857142
0.0625 0.3125 0.25 0.3125 0.0625
0.08333333333333333 0.5 0.16666666666666666 0.16666666666666666 0.08333333333333333
0.058823529411764705 0.058823529411764705 0.058823529411764705 0.7647058823529411 0.058823529411764705
0.09090909090909091 0.18181818181818182 0.5454545454545454 0.09090909090909091 0.09090909090909091
0.17647058823529413 0.17647058823529413 0.17647058823529413 0.23529411764705882 0.23529411764705882
0.1111111111111111 0.1111111111111111 0.3333333333333333 0.3333333333333333 0.1111111111111111
0.11764705882352941 0.058823529411764705 0.17647058823529413 0.5882352941176471 0.058823529411764705
0.1111111111111111 0.1111111111111111 0.3333333333333333 0.1111111111111111 0.3333333333333333
0.17647058823529413 0.11764705882352941 0.4117647058823529 0.23529411764705882 0.058823529411764705
0.2222222222222222 0.2777777777777778 0.3333333333333333 0.05555555555555555 0.1111111111111111
0.16666666666666666 0.05555555555555555 0.4444444444444444 0.05555555555555555 0.2777777777777778
0.6923076923076923 0.07692307692307693 0.07692307692307693 0.07692307692307693 0.07692307692307693
0.15384615384615385 0.15384615384615385 0.38461538461538464 0.15384615384615385 0.15384615384615385
0.2 0.4 0.1 0.2 0.1
0.08333333333333333 0.08333333333333333 0.25 0.4166666666666667 0.16666666666666666
0.14285714285714285 0.14285714285714285 0.14285714285714285 0.14285714285714285 0.42857142857142855
0.13333333333333333 0.5333333333333333 0.13333333333333333 0.06666666666666667 0.13333333333333333
0.14285714285714285 0.14285714285714285 0.42857142857142855 0.14285714285714285 0.14285714285714285
0.3333333333333333 0.2857142857142857 0.14285714285714285 0.09523809523809523 0.14285714285714285
0.24 0.16 0.48 0.04 0.08
0.13333333333333333 0.5333333333333333 0.06666666666666667 0.2 0.06666666666666667
0.6363636363636364 0.09090909090909091 0.09090909090909091 0.09090909090909091 0.09090909090909091
0.15384615384615385 0.46153846153846156 0.07692307692307693 0.23076923076923078 0.07692307692307693
0.058823529411764705 0.058823529411764705 0.11764705882352941 0.4117647058823529 0.35294117647058826
0.08695652173913043 0.2608695652173913 0.08695652173913043 0.13043478260869565 0.43478260869565216
0.15384615384615385 0.46153846153846156 0.15384615384615385 0.07692307692307693 0.15384615384615385
0.1 0.2 0.4 0.1 0.2
0.14285714285714285 0.14285714285714285 0.14285714285714285 0.14285714285714285 0.42857142857142855
0.18181818181818182 0.09090909090909091 0.2727272727272727 0.18181818181818182 0.2727272727272727
0.125 0.125 0.375 0.25 0.125
0.3 0.1 0.1 0.1 0.4
0.45454545454545453 0.18181818181818182 0.09090909090909091 0.18181818181818182 0.09090909090909091
0.125 0.125 0.125 0.5 0.125
0.8571428571428571 0.05714285714285714 0.02857142857142857 0.02857142857142857 0.02857142857142857
0.4166666666666667 0.16666666666666666 0.08333333333333333 0.25 0.08333333333333333
0.1111111111111111 0.1111111111111111 0.1111111111111111 0.1111111111111111 0.5555555555555556
0.07142857142857142 0.21428571428571427 0.07142857142857142 0.07142857142857142 0.5714285714285714
0.25 0.375 0.125 0.125 0.125
0.7142857142857143 0.07142857142857142 0.07142857142857142 0.07142857142857142 0.07142857142857142
0.09090909090909091 0.09090909090909091 0.36363636363636365 0.2727272727272727 0.18181818181818182
0.1 0.2 0.1 0.2 0.4
0.0625 0.6875 0.125 0.0625 0.0625
0.6190476190476191 0.14285714285714285 0.09523809523809523 0.09523809523809523 0.047619047619047616
0.09090909090909091 0.18181818181818182 0.18181818181818182 0.09090909090909091 0.45454545454545453
0.2857142857142857 0.07142857142857142 0.07142857142857142 0.42857142857142855 0.14285714285714285
0.1111111111111111 0.1111111111111111 0.1111111111111111 0.1111111111111111 0.5555555555555556
0.07142857142857142 0.6428571428571429 0.14285714285714285 0.07142857142857142 0.07142857142857142
0.1 0.2 0.2 0.2 0.3
0.125 0.125 0.125 0.125 0.5
0.23809523809523808 0.6190476190476191 0.047619047619047616 0.047619047619047616 0.047619047619047616
0.17647058823529413 0.23529411764705882 0.23529411764705882 0.17647058823529413 0.17647058823529413
0.11363636363636363 0.5227272727272727 0.09090909090909091 0.022727272727272728 0.25
0.0625 0.125 0.1875 0.1875 0.4375
0.11428571428571428 0.4857142857142857 0.08571428571428572 0.17142857142857143 0.14285714285714285
0.058823529411764705 0.47058823529411764 0.058823529411764705 0.35294117647058826 0.058823529411764705
0.3235294117647059 0.3235294117647059 0.029411764705882353 0.29411764705882354 0.029411764705882353
0.14285714285714285 0.2857142857142857 0.14285714285714285 0.14285714285714285 0.2857142857142857
0.30303030303030304 0.5454545454545454 0.09090909090909091 0.030303030303030304 0.030303030303030304
0.07692307692307693 0.07692307692307693 0.3076923076923077 0.07692307692307693 0.46153846153846156
0.06666666666666667 0.6666666666666666 0.13333333333333333 0.06666666666666667 0.06666666666666667
0.375 0.125 0.25 0.125 0.125
0.14285714285714285 0.14285714285714285 0.14285714285714285 0.42857142857142855 0.14285714285714285
0.2857142857142857 0.2857142857142857 0.14285714285714285 0.14285714285714285 0.14285714285714285
0.375 0.125 0.25 0.125 0.125
0.13333333333333333 0.5333333333333333 0.06666666666666667 0.2 0.06666666666666667
0.125 0.125 0.125 0.5 0.125
0.3333333333333333 0.4444444444444444 0.05555555555555555 0.1111111111111111 0.05555555555555555
0.14285714285714285 0.14285714285714285 0.14285714285714285 0.14285714285714285 0.42857142857142855
0.2 0.1 0.4 0.1 0.2
0.1 0.1 0.1 0.4 0.3
0.26666666666666666 0.06666666666666667 0.06666666666666667 0.5333333333333333 0.06666666666666667
0.35714285714285715 0.14285714285714285 0.07142857142857142 0.14285714285714285 0.2857142857142857
0.06060606060606061 0.09090909090909091 0.696969696969697 0.12121212121212122 0.030303030303030304
0.125 0.125 0.625 0.0625 0.0625
0.1111111111111111 0.16666666666666666 0.2777777777777778 0.05555555555555555 0.3888888888888889
0.14285714285714285 0.14285714285714285 0.2857142857142857 0.2857142857142857 0.14285714285714285
0.2727272727272727 0.45454545454545453 0.09090909090909091 0.09090909090909091 0.09090909090909091
0.375 0.375 0.125 0.0625 0.0625
0.07692307692307693 0.15384615384615385 0.23076923076923078 0.3076923076923077 0.23076923076923078
0.14285714285714285 0.42857142857142855 0.21428571428571427 0.07142857142857142 0.14285714285714285
0.0625 0.125 0.125 0.25 0.4375
0.16666666666666666 0.08333333333333333 0.16666666666666666 0.08333333333333333 0.5
0.07692307692307693 0.6153846153846154 0.07692307692307693 0.07692307692307693 0.15384615384615385
0.07142857142857142 0.6428571428571429 0.14285714285714285 0.07142857142857142 0.07142857142857142
0.2 0.13333333333333333 0.06666666666666667 0.5333333333333333 0.06666666666666667
0.5625 0.125 0.0625 0.1875 0.0625
0.14285714285714285 0.42857142857142855 0.2857142857142857 0.07142857142857142 0.07142857142857142
0.09090909090909091 0.13636363636363635 0.22727272727272727 0.5 0.045454545454545456
0.29411764705882354 0.23529411764705882 0.17647058823529413 0.11764705882352941 0.17647058823529413
0.21052631578947367 0.3684210526315789 0.05263157894736842 0.10526315789473684 0.2631578947368421
0.1 0.3 0.2 0.1 0.3
0.1 0.1 0.1 0.6 0.1
0.07692307692307693 0.07692307692307693 0.15384615384615385 0.07692307692307693 0.6153846153846154
0.34782608695652173 0.5217391304347826 0.043478260869565216 0.043478260869565216 0.043478260869565216
0.6363636363636364 0.09090909090909091 0.09090909090909091 0.09090909090909091 0.09090909090909091
0.05263157894736842 0.05263157894736842 0.2631578947368421 0.5789473684210527 0.05263157894736842
0.08333333333333333 0.16666666666666666 0.08333333333333333 0.08333333333333333 0.5833333333333334
0.4166666666666667 0.08333333333333333 0.08333333333333333 0.3333333333333333 0.08333333333333333
0.06666666666666667 0.26666666666666666 0.06666666666666667 0.5333333333333333 0.06666666666666667
0.125 0.1875 0.1875 0.3125 0.1875
0.07692307692307693 0.15384615384615385 0.15384615384615385 0.5384615384615384 0.07692307692307693
0.15384615384615385 0.23076923076923078 0.07692307692307693 0.23076923076923078 0.3076923076923077
0.18181818181818182 0.09090909090909091 0.09090909090909091 0.09090909090909091 0.5454545454545454
0.42857142857142855 0.14285714285714285 0.14285714285714285 0.14285714285714285 0.14285714285714285
0.4 0.1 0.2 0.1 0.2
0.5 0.2857142857142857 0.07142857142857142 0.07142857142857142 0.07142857142857142
0.0625 0.125 0.125 0.0625 0.625
0.38461538461538464 0.38461538461538464 0.07692307692307693 0.07692307692307693 0.07692307692307693
0.4 0.1 0.3 0.1 0.1
0.1111111111111111 0.2222222222222222 0.1111111111111111 0.4444444444444444 0.1111111111111111
0.18181818181818182 0.09090909090909091 0.09090909090909091 0.5454545454545454 0.09090909090909091
0.46153846153846156 0.07692307692307693 0.15384615384615385 0.23076923076923078 0.07692307692307693
0.35294117647058826 0.058823529411764705 0.11764705882352941 0.29411764705882354 0.17647058823529413
0.08333333333333333 0.08333333333333333 0.08333333333333333 0.08333333333333333 0.6666666666666666
0.0625 0.1875 0.3125 0.375 0.0625
0.2 0.2 0.1 0.3 0.2
0.2727272727272727 0.13636363636363635 0.13636363636363635 0.09090909090909091 0.36363636363636365
0.1111111111111111 0.2222222222222222 0.1111111111111111 0.3333333333333333 0.2222222222222222
0.2 0.1 0.2 0.4 0.1
0.16666666666666666 0.2777777777777778 0.16666666666666666 0.1111111111111111 0.2777777777777778
0.08333333333333333 0.08333333333333333 0.08333333333333333 0.6666666666666666 0.08333333333333333
0.13043478260869565 0.34782608695652173 0.391304347826087 0.08695652173913043 0.043478260869565216
0.15789473684210525 0.42105263157894735 0.15789473684210525 0.21052631578947367 0.05263157894736842
0.16666666666666666 0.5 0.08333333333333333 0.08333333333333333 0.16666666666666666
0.45454545454545453 0.09090909090909091 0.18181818181818182 0.18181818181818182 0.09090909090909091
0.1 0.3 0.2 0.1 0.3
0.3076923076923077 0.3076923076923077 0.15384615384615385 0.07692307692307693 0.15384615384615385
0.23076923076923078 0.07692307692307693 0.46153846153846156 0.07692307692307693 0.15384615384615385
0.07142857142857142 0.17857142857142858 0.14285714285714285 0.03571428571428571 0.5714285714285714
0.06666666666666667 0.06666666666666667 0.4 0.13333333333333333 0.3333333333333333
0.125 0.125 0.3125 0.375 0.0625
0.5263157894736842 0.10526315789473684 0.05263157894736842 0.15789473684210525 0.15789473684210525
0.2727272727272727 0.09090909090909091 0.09090909090909091 0.09090909090909091 0.45454545454545453
0.2777777777777778 0.05555555555555555 0.3888888888888889 0.05555555555555555 0.2222222222222222
0.3 0.1 0.4 0.1 0.1
0.16666666666666666 0.5833333333333334 0.08333333333333333 0.08333333333333333 0.08333333333333333
0.05263157894736842 0.21052631578947367 0.05263157894736842 0.21052631578947367 0.47368421052631576
0.09090909090909091 0.45454545454545453 0.18181818181818182 0.18181818181818182 0.09090909090909091
0.42857142857142855 0.14285714285714285 0.07142857142857142 0.21428571428571427 0.14285714285714285
0.5625 0.125 0.1875 0.0625 0.0625
0.125 0.125 0.125 0.125 0.5
0.1111111111111111 0.3333333333333333 0.3333333333333333 0.1111111111111111 0.1111111111111111
0.375 0.25 0.125 0.125 0.125
0.1111111111111111 0.2222222222222222 0.1111111111111111 0.4444444444444444 0.1111111111111111
0.1111111111111111 0.1111111111111111 0.3333333333333333 0.3333333333333333 0.1111111111111111
0.6 0.06666666666666667 0.13333333333333333 0.06666666666666667 0.13333333333333333
0.2 0.13333333333333333 0.13333333333333333 0.4666666666666667 0.06666666666666667
0.0625 0.1875 0.25 0.4375 0.0625
0.14285714285714285 0.2857142857142857 0.42857142857142855 0.07142857142857142 0.07142857142857142
0.2222222222222222 0.1111111111111111 0.2222222222222222 0.1111111111111111 0.3333333333333333
0.21875 0.125 0.5 0.09375 0.0625
0.09090909090909091 0.09090909090909091 0.09090909090909091 0.6363636363636364 0.09090909090909091
0.35714285714285715 0.07142857142857142 0.14285714285714285 0.35714285714285715 0.07142857142857142
0.35714285714285715 0.14285714285714285 0.2857142857142857 0.14285714285714285 0.07142857142857142
0.1 0.3 0.2 0.3 0.1
0.18181818181818182 0.09090909090909091 0.09090909090909091 0.5454545454545454 0.09090909090909091
0.3333333333333333 0.1111111111111111 0.1111111111111111 0.1111111111111111 0.3333333333333333
0.1 0.1 0.1 0.6 0.1
0.1 0.05 0.05 0.75 0.05
0.26666666666666666 0.06666666666666667 0.2 0.4 0.06666666666666667
0.3333333333333333 0.06666666666666667 0.4666666666666667 0.06666666666666667 0.06666666666666667
0.09090909090909091 0.045454545454545456 0.22727272727272727 0.5454545454545454 0.09090909090909091
0.25 0.125 0.125 0.125 0.375
0.1111111111111111 0.05555555555555555 0.1111111111111111 0.05555555555555555 0.6666666666666666
0.1 0.2 0.2 0.4 0.1
0.16666666666666666 0.16666666666666666 0.08333333333333333 0.3333333333333333 0.25
0.14285714285714285 0.07142857142857142 0.07142857142857142 0.6428571428571429 0.07142857142857142
0.07692307692307693 0.15384615384615385 0.07692307692307693 0.6153846153846154 0.07692307692307693
0.08333333333333333 0.08333333333333333 0.08333333333333333 0.6666666666666666 0.08333333333333333
0.25 0.5 0.08333333333333333 0.08333333333333333 0.08333333333333333
0.3333333333333333 0.3333333333333333 0.1111111111111111 0.1111111111111111 0.1111111111111111
0.06666666666666667 0.13333333333333333 0.06666666666666667 0.06666666666666667 0.6666666666666666
0.18181818181818182 0.18181818181818182 0.36363636363636365 0.18181818181818182 0.09090909090909091
0.3 0.1 0.1 0.1 0.4
0.08333333333333333 0.3333333333333333 0.08333333333333333 0.3333333333333333 0.16666666666666666
0.2222222222222222 0.1111111111111111 0.1111111111111111 0.1111111111111111 0.4444444444444444
0.14285714285714285 0.14285714285714285 0.14285714285714285 0.14285714285714285 0.42857142857142855
0.09090909090909091 0.36363636363636365 0.36363636363636365 0.09090909090909091 0.09090909090909091
0.3 0.4 0.1 0.1 0.1
0.1111111111111111 0.1111111111111111 0.1111111111111111 0.5555555555555556 0.1111111111111111
0.16666666666666666 0.08333333333333333 0.08333333333333333 0.08333333333333333 0.5833333333333334
0.14285714285714285 0.07142857142857142 0.07142857142857142 0.07142857142857142 0.6428571428571429
0.25 0.125 0.125 0.375 0.125
0.6363636363636364 0.09090909090909091 0.09090909090909091 0.09090909090909091 0.09090909090909091
0.1111111111111111 0.1111111111111111 0.1111111111111111 0.5555555555555556 0.1111111111111111
0.1 0.3 0.1 0.1 0.4
0.07142857142857142 0.14285714285714285 0.07142857142857142 0.2857142857142857 0.42857142857142855
0.13043478260869565 0.34782608695652173 0.2608695652173913 0.17391304347826086 0.08695652173913043
0.21428571428571427 0.07142857142857142 0.07142857142857142 0.07142857142857142 0.5714285714285714
0.08333333333333333 0.08333333333333333 0.16666666666666666 0.3333333333333333 0.3333333333333333
0.1111111111111111 0.1111111111111111 0.4444444444444444 0.1111111111111111 0.2222222222222222
0.3076923076923077 0.3076923076923077 0.15384615384615385 0.15384615384615385 0.07692307692307693
0.10526315789473684 0.10526315789473684 0.10526315789473684 0.42105263157894735 0.2631578947368421
0.14285714285714285 0.14285714285714285 0.14285714285714285 0.42857142857142855 0.14285714285714285
0.1111111111111111 0.1111111111111111 0.1111111111111111 0.1111111111111111 0.5555555555555556
0.1111111111111111 0.1111111111111111 0.1111111111111111 0.1111111111111111 0.5555555555555556
0.1 0.1 0.2 0.5 0.1
0.2727272727272727 0.09090909090909091 0.2727272727272727 0.2727272727272727 0.09090909090909091
0.09090909090909091 0.18181818181818182 0.18181818181818182 0.36363636363636365 0.18181818181818182
0.45454545454545453 0.18181818181818182 0.18181818181818182 0.09090909090909091 0.09090909090909091
0.09090909090909091 0.09090909090909091 0.18181818181818182 0.45454545454545453 0.18181818181818182
0.05263157894736842 0.3684210526315789 0.05263157894736842 0.05263157894736842 0.47368421052631576
0.23076923076923078 0.07692307692307693 0.07692307692307693 0.46153846153846156 0.15384615384615385
0.5 0.125 0.125 0.125 0.125
0.14285714285714285 0.14285714285714285 0.07142857142857142 0.07142857142857142 0.5714285714285714
0.125 0.125 0.125 0.5 0.125
0.06666666666666667 0.06666666666666667 0.06666666666666667 0.7333333333333333 0.06666666666666667
0.1 0.1 0.1 0.6 0.1
0.5555555555555556 0.1111111111111111 0.1111111111111111 0.1111111111111111 0.1111111111111111
0.3076923076923077 0.23076923076923078 0.3076923076923077 0.07692307692307693 0.07692307692307693
0.4444444444444444 0.1111111111111111 0.2222222222222222 0.1111111111111111 0.1111111111111111
0.058823529411764705 0.35294117647058826 0.058823529411764705 0.47058823529411764 0.058823529411764705
0.1 0.2 0.4 0.2 0.1
0.05555555555555555 0.16666666666666666 0.16666666666666666 0.16666666666666666 0.4444444444444444
0.14285714285714285 0.14285714285714285 0.14285714285714285 0.42857142857142855 0.14285714285714285
0.5 0.14285714285714285 0.07142857142857142 0.07142857142857142 0.21428571428571427
0.2857142857142857 0.14285714285714285 0.14285714285714285 0.2857142857142857 0.14285714285714285
0.08333333333333333 0.16666666666666666 0.08333333333333333 0.5833333333333334 0.08333333333333333
0.25 0.1875 0.25 0.125 0.1875
0.09090909090909091 0.18181818181818182 0.09090909090909091 0.2727272727272727 0.36363636363636365
0.1111111111111111 0.1111111111111111 0.1111111111111111 0.5555555555555556 0.1111111111111111
0.07692307692307693 0.23076923076923078 0.23076923076923078 0.38461538461538464 0.07692307692307693
0.10526315789473684 0.10526315789473684 0.3684210526315789 0.2631578947368421 0.15789473684210525
0.125 0.125 0.125 0.5 0.125
0.38461538461538464 0.3076923076923077 0.15384615384615385 0.07692307692307693 0.07692307692307693
0.09090909090909091 0.09090909090909091 0.2727272727272727 0.09090909090909091 0.45454545454545453
0.1 0.2 0.1 0.2 0.4
0.21428571428571427 0.21428571428571427 0.2857142857142857 0.21428571428571427 0.07142857142857142
0.1 0.1 0.2 0.3 0.3
0.1111111111111111 0.1111111111111111 0.1111111111111111 0.5555555555555556 0.1111111111111111
0.2222222222222222 0.3333333333333333 0.1111111111111111 0.2222222222222222 0.1111111111111111
0.06666666666666667 0.06666666666666667 0.2 0.6 0.06666666666666667
0.15384615384615385 0.15384615384615385 0.5384615384615384 0.07692307692307693 0.07692307692307693
0.5 0.125 0.125 0.125 0.125
0.14285714285714285 0.14285714285714285 0.2857142857142857 0.14285714285714285 0.2857142857142857
0.3333333333333333 0.1111111111111111 0.3333333333333333 0.1111111111111111 0.1111111111111111
0.35294117647058826 0.29411764705882354 0.23529411764705882 0.058823529411764705 0.058823529411764705
0.125 0.125 0.125 0.5 0.125
0.3333333333333333 0.16666666666666666 0.3333333333333333 0.08333333333333333 0.08333333333333333
0.1111111111111111 0.1111111111111111 0.1111111111111111 0.1111111111111111 0.5555555555555556
0.125 0.125 0.25 0.375 0.125
0.06666666666666667 0.26666666666666666 0.3333333333333333 0.2 0.13333333333333333
0.07142857142857142 0.5714285714285714 0.10714285714285714 0.14285714285714285 0.10714285714285714
0.25 0.125 0.25 0.1875 0.1875
0.1111111111111111 0.1111111111111111 0.5555555555555556 0.1111111111111111 0.1111111111111111
0.1111111111111111 0.1111111111111111 0.2222222222222222 0.4444444444444444 0.1111111111111111
0.17647058823529413 0.058823529411764705 0.058823529411764705 0.5882352941176471 0.11764705882352941
0.08333333333333333 0.08333333333333333 0.5 0.25 0.08333333333333333
0.1111111111111111 0.2222222222222222 0.2222222222222222 0.3333333333333333 0.1111111111111111
0.1111111111111111 0.1111111111111111 0.2222222222222222 0.4444444444444444 0.1111111111111111
0.5 0.0625 0.1875 0.1875 0.0625
0.06666666666666667 0.13333333333333333 0.06666666666666667 0.5333333333333333 0.2
0.2631578947368421 0.15789473684210525 0.05263157894736842 0.2631578947368421 0.2631578947368421
0.25 0.25 0.08333333333333333 0.25 0.16666666666666666
0.391304347826087 0.13043478260869565 0.08695652173913043 0.043478260869565216 0.34782608695652173
0.4 0.1 0.3 0.1 0.1
0.18181818181818182 0.18181818181818182 0.18181818181818182 0.09090909090909091 0.36363636363636365
0.16666666666666666 0.16666666666666666 0.16666666666666666 0.16666666666666666 0.3333333333333333
0.125 0.125 0.125 0.125 0.5
0.2857142857142857 0.35714285714285715 0.07142857142857142 0.14285714285714285 0.14285714285714285
0.1 0.3 0.2 0.1 0.3
0.2857142857142857 0.14285714285714285 0.2857142857142857 0.14285714285714285 0.14285714285714285
0.16666666666666666 0.16666666666666666 0.08333333333333333 0.5 0.08333333333333333
0.2222222222222222 0.3333333333333333 0.1111111111111111 0.1111111111111111 0.2222222222222222
0.0625 0.25 0.0625 0.1875 0.4375
0.05 0.45 0.2 0.05 0.25
0.2 0.1 0.2 0.1 0.4
0.5 0.125 0.125 0.125 0.125
0.1111111111111111 0.2222222222222222 0.3333333333333333 0.2222222222222222 0.1111111111111111
0.5555555555555556 0.1111111111111111 0.1111111111111111 0.1111111111111111 0.1111111111111111
0.125 0.125 0.125 0.5 0.125
0.14285714285714285 0.14285714285714285 0.14285714285714285 0.14285714285714285 0.42857142857142855
0.2 0.4666666666666667 0.06666666666666667 0.06666666666666667 0.2
0.13333333333333333 0.4666666666666667 0.13333333333333333 0.06666666666666667 0.2
0.1 0.4 0.1 0.1 0.3
0.13333333333333333 0.6 0.13333333333333333 0.06666666666666667 0.06666666666666667
0.5555555555555556 0.1111111111111111 0.1111111111111111 0.1111111111111111 0.1111111111111111
0.13043478260869565 0.21739130434782608 0.17391304347826086 0.391304347826087 0.08695652173913043
0.4 0.26666666666666666 0.13333333333333333 0.06666666666666667 0.13333333333333333
0.3333333333333333 0.1111111111111111 0.2222222222222222 0.1111111111111111 0.2222222222222222
0.125 0.125 0.125 0.5 0.125
0.15384615384615385 0.3076923076923077 0.07692307692307693 0.38461538461538464 0.07692307692307693
0.08333333333333333 0.4166666666666667 0.16666666666666666 0.25 0.08333333333333333
0.09090909090909091 0.09090909090909091 0.09090909090909091 0.6363636363636364 0.09090909090909091
0.06666666666666667 0.2 0.26666666666666666 0.26666666666666666 0.2
0.06666666666666667 0.06666666666666667 0.2 0.4 0.26666666666666666
0.13333333333333333 0.06666666666666667 0.4 0.2 0.2
0.3181818181818182 0.045454545454545456 0.045454545454545456 0.45454545454545453 0.13636363636363635
0.14285714285714285 0.07142857142857142 0.21428571428571427 0.07142857142857142 0.5
0.14285714285714285 0.07142857142857142 0.21428571428571427 0.07142857142857142 0.5
