0.10416666666666667 0.14583333333333334 0.020833333333333332 0.0625 0.020833333333333332 0.020833333333333332 0.22916666666666666 0.020833333333333332 0.020833333333333332 0.3541666666666667 
0.041666666666666664 0.041666666666666664 0.041666666666666664 0.041666666666666664 0.375 0.125 0.20833333333333334 0.041666666666666664 0.041666666666666664 0.041666666666666664 
0.15 0.05 0.15 0.05 0.05 0.05 0.35 0.05 0.05 0.05 
0.029411764705882353 0.08823529411764706 0.029411764705882353 0.029411764705882353 0.2647058823529412 0.38235294117647056 0.029411764705882353 0.08823529411764706 0.029411764705882353 0.029411764705882353 
0.0625 0.1875 0.0625 0.0625 0.0625 0.1875 0.0625 0.0625 0.1875 0.0625 
0.08823529411764706 0.14705882352941177 0.029411764705882353 0.029411764705882353 0.20588235294117646 0.029411764705882353 0.029411764705882353 0.2647058823529412 0.029411764705882353 0.14705882352941177 
0.03571428571428571 0.10714285714285714 0.03571428571428571 0.10714285714285714 0.03571428571428571 0.03571428571428571 0.10714285714285714 0.03571428571428571 0.03571428571428571 0.4642857142857143 
0.08333333333333333 0.027777777777777776 0.027777777777777776 0.027777777777777776 0.027777777777777776 0.027777777777777776 0.3055555555555556 0.027777777777777776 0.19444444444444445 0.25 
0.21428571428571427 0.07142857142857142 0.07142857142857142 0.07142857142857142 0.07142857142857142 0.07142857142857142 0.07142857142857142 0.07142857142857142 0.21428571428571427 0.07142857142857142 
0.03571428571428571 0.10714285714285714 0.03571428571428571 0.03571428571428571 0.03571428571428571 0.03571428571428571 0.17857142857142858 0.03571428571428571 0.03571428571428571 0.4642857142857143 
0.4523809523809524 0.16666666666666666 0.023809523809523808 0.023809523809523808 0.023809523809523808 0.023809523809523808 0.023809523809523808 0.023809523809523808 0.023809523809523808 0.21428571428571427 
0.045454545454545456 0.045454545454545456 0.045454545454545456 0.13636363636363635 0.045454545454545456 0.13636363636363635 0.045454545454545456 0.13636363636363635 0.045454545454545456 0.3181818181818182 
0.041666666666666664 0.125 0.375 0.041666666666666664 0.20833333333333334 0.041666666666666664 0.041666666666666664 0.041666666666666664 0.041666666666666664 0.041666666666666664 
0.0625 0.0625 0.0625 0.1875 0.0625 0.0625 0.3125 0.0625 0.0625 0.0625 
0.027777777777777776 0.08333333333333333 0.08333333333333333 0.027777777777777776 0.3611111111111111 0.08333333333333333 0.1388888888888889 0.027777777777777776 0.027777777777777776 0.1388888888888889 
0.3125 0.0625 0.0625 0.0625 0.1875 0.0625 0.0625 0.0625 0.0625 0.0625 
0.125 0.125 0.025 0.025 0.025 0.025 0.225 0.025 0.025 0.375 
0.03333333333333333 0.03333333333333333 0.03333333333333333 0.03333333333333333 0.1 0.03333333333333333 0.03333333333333333 0.5666666666666667 0.03333333333333333 0.1 
0.05555555555555555 0.16666666666666666 0.05555555555555555 0.16666666666666666 0.05555555555555555 0.05555555555555555 0.05555555555555555 0.05555555555555555 0.05555555555555555 0.2777777777777778 
0.2777777777777778 0.05555555555555555 0.05555555555555555 0.05555555555555555 0.05555555555555555 0.05555555555555555 0.2777777777777778 0.05555555555555555 0.05555555555555555 0.05555555555555555 
0.3125 0.0625 0.0625 0.0625 0.0625 0.1875 0.0625 0.0625 0.0625 0.0625 
0.05 0.05 0.05 0.05 0.05 0.05 0.15 0.15 0.05 0.35 
0.35 0.05 0.05 0.05 0.05 0.05 0.05 0.15 0.15 0.05 
0.08333333333333333 0.027777777777777776 0.6388888888888888 0.027777777777777776 0.027777777777777776 0.027777777777777776 0.027777777777777776 0.027777777777777776 0.027777777777777776 0.08333333333333333 
0.027777777777777776 0.027777777777777776 0.027777777777777776 0.027777777777777776 0.027777777777777776 0.027777777777777776 0.027777777777777776 0.08333333333333333 0.027777777777777776 0.6944444444444444 
0.20833333333333334 0.041666666666666664 0.041666666666666664 0.041666666666666664 0.125 0.041666666666666664 0.375 0.041666666666666664 0.041666666666666664 0.041666666666666664 
0.21428571428571427 0.21428571428571427 0.07142857142857142 0.07142857142857142 0.07142857142857142 0.07142857142857142 0.07142857142857142 0.07142857142857142 0.07142857142857142 0.07142857142857142 
0.3181818181818182 0.045454545454545456 0.045454545454545456 0.045454545454545456 0.045454545454545456 0.13636363636363635 0.22727272727272727 0.045454545454545456 0.045454545454545456 0.045454545454545456 
0.30952380952380953 0.023809523809523808 0.07142857142857142 0.11904761904761904 0.023809523809523808 0.07142857142857142 0.30952380952380953 0.023809523809523808 0.023809523809523808 0.023809523809523808 
0.03571428571428571 0.03571428571428571 0.03571428571428571 0.03571428571428571 0.6785714285714286 0.03571428571428571 0.03571428571428571 0.03571428571428571 0.03571428571428571 0.03571428571428571 
0.08333333333333333 0.1388888888888889 0.027777777777777776 0.3611111111111111 0.027777777777777776 0.19444444444444445 0.027777777777777776 0.027777777777777776 0.027777777777777776 0.08333333333333333 
0.03333333333333333 0.03333333333333333 0.03333333333333333 0.5666666666666667 0.1 0.03333333333333333 0.1 0.03333333333333333 0.03333333333333333 0.03333333333333333 
0.0625 0.1875 0.0625 0.1875 0.0625 0.0625 0.0625 0.0625 0.0625 0.1875 
0.0625 0.0625 0.0625 0.0625 0.0625 0.0625 0.0625 0.0625 0.4375 0.0625 
0.020833333333333332 0.10416666666666667 0.2708333333333333 0.22916666666666666 0.020833333333333332 0.1875 0.020833333333333332 0.020833333333333332 0.020833333333333332 0.10416666666666667 
0.0625 0.0625 0.0625 0.0625 0.0625 0.0625 0.0625 0.0625 0.4375 0.0625 
0.13636363636363635 0.13636363636363635 0.22727272727272727 0.045454545454545456 0.13636363636363635 0.13636363636363635 0.045454545454545456 0.045454545454545456 0.045454545454545456 0.045454545454545456 
0.16666666666666666 0.16666666666666666 0.05555555555555555 0.2777777777777778 0.05555555555555555 0.05555555555555555 0.05555555555555555 0.05555555555555555 0.05555555555555555 0.05555555555555555 
0.05 0.15 0.05 0.05 0.05 0.15 0.15 0.25 0.05 0.05 
0.03571428571428571 0.10714285714285714 0.03571428571428571 0.03571428571428571 0.03571428571428571 0.03571428571428571 0.03571428571428571 0.6071428571428571 0.03571428571428571 0.03571428571428571 
0.02631578947368421 0.02631578947368421 0.4473684210526316 0.34210526315789475 0.02631578947368421 0.02631578947368421 0.02631578947368421 0.02631578947368421 0.02631578947368421 0.02631578947368421 
0.18421052631578946 0.02631578947368421 0.13157894736842105 0.34210526315789475 0.07894736842105263 0.07894736842105263 0.02631578947368421 0.02631578947368421 0.02631578947368421 0.07894736842105263 
0.1388888888888889 0.027777777777777776 0.4722222222222222 0.027777777777777776 0.1388888888888889 0.027777777777777776 0.027777777777777776 0.027777777777777776 0.08333333333333333 0.027777777777777776 
0.07142857142857142 0.07142857142857142 0.07142857142857142 0.07142857142857142 0.07142857142857142 0.07142857142857142 0.35714285714285715 0.07142857142857142 0.07142857142857142 0.07142857142857142 
0.05555555555555555 0.05555555555555555 0.05555555555555555 0.05555555555555555 0.16666666666666666 0.05555555555555555 0.05555555555555555 0.05555555555555555 0.3888888888888889 0.05555555555555555 
0.041666666666666664 0.041666666666666664 0.041666666666666664 0.041666666666666664 0.041666666666666664 0.041666666666666664 0.041666666666666664 0.041666666666666664 0.041666666666666664 0.625 
0.036585365853658534 0.012195121951219513 0.012195121951219513 0.3780487804878049 0.036585365853658534 0.012195121951219513 0.2804878048780488 0.15853658536585366 0.06097560975609756 0.012195121951219513 
0.05555555555555555 0.05555555555555555 0.16666666666666666 0.05555555555555555 0.05555555555555555 0.3888888888888889 0.05555555555555555 0.05555555555555555 0.05555555555555555 0.05555555555555555 
0.06 0.02 0.1 0.42 0.02 0.06 0.02 0.26 0.02 0.02 
0.15 0.05 0.35 0.05 0.15 0.05 0.05 0.05 0.05 0.05 
0.15 0.05 0.45 0.05 0.05 0.05 0.05 0.05 0.05 0.05 
0.2916666666666667 0.041666666666666664 0.041666666666666664 0.041666666666666664 0.125 0.041666666666666664 0.041666666666666664 0.2916666666666667 0.041666666666666664 0.041666666666666664 
0.08823529411764706 0.029411764705882353 0.029411764705882353 0.029411764705882353 0.029411764705882353 0.14705882352941177 0.08823529411764706 0.38235294117647056 0.14705882352941177 0.029411764705882353 
0.10714285714285714 0.10714285714285714 0.17857142857142858 0.03571428571428571 0.03571428571428571 0.10714285714285714 0.03571428571428571 0.25 0.10714285714285714 0.03571428571428571 
0.03125 0.03125 0.03125 0.03125 0.03125 0.03125 0.65625 0.03125 0.03125 0.09375 
0.11538461538461539 0.038461538461538464 0.34615384615384615 0.038461538461538464 0.038461538461538464 0.11538461538461539 0.038461538461538464 0.11538461538461539 0.11538461538461539 0.038461538461538464 
0.019230769230769232 0.019230769230769232 0.28846153846153844 0.21153846153846154 0.019230769230769232 0.057692307692307696 0.019230769230769232 0.019230769230769232 0.28846153846153844 0.057692307692307696 
0.041666666666666664 0.041666666666666664 0.041666666666666664 0.375 0.041666666666666664 0.20833333333333334 0.041666666666666664 0.041666666666666664 0.041666666666666664 0.125 
0.029411764705882353 0.029411764705882353 0.029411764705882353 0.029411764705882353 0.08823529411764706 0.029411764705882353 0.5588235294117647 0.029411764705882353 0.029411764705882353 0.14705882352941177 
0.125 0.125 0.2916666666666667 0.041666666666666664 0.041666666666666664 0.20833333333333334 0.041666666666666664 0.041666666666666664 0.041666666666666664 0.041666666666666664 
0.20588235294117646 0.20588235294117646 0.029411764705882353 0.029411764705882353 0.08823529411764706 0.029411764705882353 0.029411764705882353 0.3235294117647059 0.029411764705882353 0.029411764705882353 
0.15 0.05 0.05 0.05 0.15 0.35 0.05 0.05 0.05 0.05 
0.07142857142857142 0.07142857142857142 0.07142857142857142 0.07142857142857142 0.07142857142857142 0.35714285714285715 0.07142857142857142 0.07142857142857142 0.07142857142857142 0.07142857142857142 
0.09375 0.03125 0.03125 0.03125 0.03125 0.53125 0.15625 0.03125 0.03125 0.03125 
0.03125 0.03125 0.03125 0.09375 0.03125 0.09375 0.34375 0.09375 0.21875 0.03125 
0.08333333333333333 0.25 0.08333333333333333 0.08333333333333333 0.08333333333333333 0.08333333333333333 0.08333333333333333 0.08333333333333333 0.08333333333333333 0.08333333333333333 
0.6785714285714286 0.03571428571428571 0.03571428571428571 0.03571428571428571 0.03571428571428571 0.03571428571428571 0.03571428571428571 0.03571428571428571 0.03571428571428571 0.03571428571428571 
0.07142857142857142 0.07142857142857142 0.16666666666666666 0.023809523809523808 0.023809523809523808 0.07142857142857142 0.023809523809523808 0.4523809523809524 0.023809523809523808 0.07142857142857142 
0.6538461538461539 0.038461538461538464 0.038461538461538464 0.038461538461538464 0.038461538461538464 0.038461538461538464 0.038461538461538464 0.038461538461538464 0.038461538461538464 0.038461538461538464 
0.3387096774193548 0.016129032258064516 0.11290322580645161 0.04838709677419355 0.016129032258064516 0.016129032258064516 0.016129032258064516 0.14516129032258066 0.016129032258064516 0.27419354838709675 
0.045454545454545456 0.045454545454545456 0.045454545454545456 0.045454545454545456 0.045454545454545456 0.4090909090909091 0.045454545454545456 0.13636363636363635 0.045454545454545456 0.13636363636363635 
0.125 0.025 0.475 0.025 0.025 0.125 0.025 0.025 0.075 0.075 
0.038461538461538464 0.11538461538461539 0.34615384615384615 0.038461538461538464 0.19230769230769232 0.11538461538461539 0.038461538461538464 0.038461538461538464 0.038461538461538464 0.038461538461538464 
0.03571428571428571 0.03571428571428571 0.32142857142857145 0.25 0.03571428571428571 0.03571428571428571 0.03571428571428571 0.10714285714285714 0.03571428571428571 0.10714285714285714 
0.03125 0.09375 0.09375 0.03125 0.03125 0.03125 0.03125 0.59375 0.03125 0.03125 
0.16666666666666666 0.05555555555555555 0.05555555555555555 0.05555555555555555 0.05555555555555555 0.05555555555555555 0.05555555555555555 0.05555555555555555 0.3888888888888889 0.05555555555555555 
0.03333333333333333 0.03333333333333333 0.03333333333333333 0.16666666666666666 0.03333333333333333 0.23333333333333334 0.03333333333333333 0.1 0.03333333333333333 0.3 
0.07142857142857142 0.07142857142857142 0.07142857142857142 0.07142857142857142 0.07142857142857142 0.07142857142857142 0.07142857142857142 0.07142857142857142 0.21428571428571427 0.21428571428571427 
0.02631578947368421 0.02631578947368421 0.02631578947368421 0.02631578947368421 0.23684210526315788 0.23684210526315788 0.02631578947368421 0.23684210526315788 0.02631578947368421 0.13157894736842105 
0.045454545454545456 0.045454545454545456 0.045454545454545456 0.22727272727272727 0.045454545454545456 0.045454545454545456 0.13636363636363635 0.045454545454545456 0.3181818181818182 0.045454545454545456 
0.05555555555555555 0.05555555555555555 0.2777777777777778 0.05555555555555555 0.05555555555555555 0.05555555555555555 0.05555555555555555 0.16666666666666666 0.05555555555555555 0.16666666666666666 
0.375 0.017857142857142856 0.05357142857142857 0.017857142857142856 0.017857142857142856 0.017857142857142856 0.017857142857142856 0.375 0.08928571428571429 0.017857142857142856 
0.175 0.025 0.225 0.075 0.075 0.025 0.025 0.175 0.025 0.175 
0.07894736842105263 0.02631578947368421 0.02631578947368421 0.02631578947368421 0.07894736842105263 0.18421052631578946 0.5 0.02631578947368421 0.02631578947368421 0.02631578947368421 
0.02631578947368421 0.02631578947368421 0.02631578947368421 0.07894736842105263 0.02631578947368421 0.18421052631578946 0.02631578947368421 0.4473684210526316 0.13157894736842105 0.02631578947368421 
0.025 0.025 0.025 0.025 0.025 0.425 0.375 0.025 0.025 0.025 
0.017241379310344827 0.017241379310344827 0.017241379310344827 0.1206896551724138 0.1206896551724138 0.3620689655172414 0.08620689655172414 0.1896551724137931 0.017241379310344827 0.05172413793103448 
0.16666666666666666 0.1 0.03333333333333333 0.1 0.03333333333333333 0.1 0.1 0.03333333333333333 0.3 0.03333333333333333 
0.0625 0.0625 0.1875 0.0625 0.0625 0.0625 0.0625 0.3125 0.0625 0.0625 
0.05555555555555555 0.05555555555555555 0.3888888888888889 0.05555555555555555 0.05555555555555555 0.16666666666666666 0.05555555555555555 0.05555555555555555 0.05555555555555555 0.05555555555555555 
0.45 0.05 0.05 0.05 0.15 0.05 0.05 0.05 0.05 0.05 
0.05 0.15 0.05 0.05 0.15 0.05 0.35 0.05 0.05 0.05 
0.16666666666666666 0.05555555555555555 0.05555555555555555 0.05555555555555555 0.05555555555555555 0.3888888888888889 0.05555555555555555 0.05555555555555555 0.05555555555555555 0.05555555555555555 
0.22727272727272727 0.045454545454545456 0.3181818181818182 0.045454545454545456 0.13636363636363635 0.045454545454545456 0.045454545454545456 0.045454545454545456 0.045454545454545456 0.045454545454545456 
0.05555555555555555 0.05555555555555555 0.05555555555555555 0.16666666666666666 0.05555555555555555 0.05555555555555555 0.2777777777777778 0.05555555555555555 0.05555555555555555 0.16666666666666666 
0.027777777777777776 0.25 0.08333333333333333 0.027777777777777776 0.027777777777777776 0.027777777777777776 0.1388888888888889 0.1388888888888889 0.19444444444444445 0.08333333333333333 
0.05555555555555555 0.05555555555555555 0.05555555555555555 0.05555555555555555 0.05555555555555555 0.05555555555555555 0.05555555555555555 0.5 0.05555555555555555 0.05555555555555555 
0.3888888888888889 0.05555555555555555 0.05555555555555555 0.05555555555555555 0.05555555555555555 0.05555555555555555 0.16666666666666666 0.05555555555555555 0.05555555555555555 0.05555555555555555 
0.05555555555555555 0.05555555555555555 0.3888888888888889 0.16666666666666666 0.05555555555555555 0.05555555555555555 0.05555555555555555 0.05555555555555555 0.05555555555555555 0.05555555555555555 
0.03333333333333333 0.1 0.5666666666666667 0.03333333333333333 0.1 0.03333333333333333 0.03333333333333333 0.03333333333333333 0.03333333333333333 0.03333333333333333 
0.045454545454545456 0.22727272727272727 0.3181818181818182 0.13636363636363635 0.045454545454545456 0.045454545454545456 0.045454545454545456 0.045454545454545456 0.045454545454545456 0.045454545454545456 
0.025 0.025 0.075 0.075 0.075 0.175 0.025 0.475 0.025 0.025 
0.027777777777777776 0.19444444444444445 0.027777777777777776 0.027777777777777776 0.027777777777777776 0.027777777777777776 0.4722222222222222 0.027777777777777776 0.1388888888888889 0.027777777777777776 
0.021739130434782608 0.021739130434782608 0.021739130434782608 0.021739130434782608 0.06521739130434782 0.10869565217391304 0.021739130434782608 0.5 0.1956521739130435 0.021739130434782608 
0.1 0.03333333333333333 0.03333333333333333 0.03333333333333333 0.23333333333333334 0.16666666666666666 0.03333333333333333 0.3 0.03333333333333333 0.03333333333333333 
0.11538461538461539 0.11538461538461539 0.11538461538461539 0.038461538461538464 0.038461538461538464 0.038461538461538464 0.038461538461538464 0.4230769230769231 0.038461538461538464 0.038461538461538464 
0.0625 0.0625 0.3125 0.0625 0.1875 0.0625 0.0625 0.0625 0.0625 0.0625 
0.041666666666666664 0.041666666666666664 0.4583333333333333 0.041666666666666664 0.041666666666666664 0.041666666666666664 0.041666666666666664 0.125 0.041666666666666664 0.125 
0.0625 0.0625 0.0625 0.1875 0.1875 0.0625 0.0625 0.0625 0.1875 0.0625 
0.03125 0.03125 0.03125 0.03125 0.03125 0.03125 0.03125 0.71875 0.03125 0.03125 
0.03571428571428571 0.011904761904761904 0.011904761904761904 0.011904761904761904 0.03571428571428571 0.011904761904761904 0.03571428571428571 0.7976190476190477 0.011904761904761904 0.03571428571428571 
0.0625 0.1875 0.0625 0.1875 0.0625 0.0625 0.0625 0.1875 0.0625 0.0625 
0.05555555555555555 0.05555555555555555 0.16666666666666666 0.16666666666666666 0.16666666666666666 0.05555555555555555 0.05555555555555555 0.05555555555555555 0.16666666666666666 0.05555555555555555 
0.038461538461538464 0.038461538461538464 0.19230769230769232 0.038461538461538464 0.038461538461538464 0.11538461538461539 0.038461538461538464 0.34615384615384615 0.11538461538461539 0.038461538461538464 
0.375 0.125 0.041666666666666664 0.041666666666666664 0.041666666666666664 0.041666666666666664 0.125 0.125 0.041666666666666664 0.041666666666666664 
0.28125 0.03125 0.15625 0.03125 0.03125 0.15625 0.03125 0.09375 0.03125 0.15625 
0.015151515151515152 0.13636363636363635 0.16666666666666666 0.16666666666666666 0.015151515151515152 0.3181818181818182 0.015151515151515152 0.10606060606060606 0.015151515151515152 0.045454545454545456 
0.05357142857142857 0.017857142857142856 0.017857142857142856 0.017857142857142856 0.125 0.017857142857142856 0.125 0.017857142857142856 0.017857142857142856 0.5892857142857143 
0.05555555555555555 0.2777777777777778 0.05555555555555555 0.05555555555555555 0.16666666666666666 0.05555555555555555 0.16666666666666666 0.05555555555555555 0.05555555555555555 0.05555555555555555 
0.05 0.15 0.05 0.15 0.05 0.05 0.15 0.25 0.05 0.05 
0.038461538461538464 0.038461538461538464 0.038461538461538464 0.038461538461538464 0.038461538461538464 0.038461538461538464 0.038461538461538464 0.2692307692307692 0.11538461538461539 0.34615384615384615 
0.038461538461538464 0.038461538461538464 0.038461538461538464 0.038461538461538464 0.038461538461538464 0.038461538461538464 0.038461538461538464 0.6538461538461539 0.038461538461538464 0.038461538461538464 
0.11538461538461539 0.038461538461538464 0.11538461538461539 0.038461538461538464 0.038461538461538464 0.038461538461538464 0.038461538461538464 0.038461538461538464 0.5 0.038461538461538464 
0.5 0.023809523809523808 0.023809523809523808 0.07142857142857142 0.023809523809523808 0.023809523809523808 0.11904761904761904 0.023809523809523808 0.023809523809523808 0.16666666666666666 
0.20833333333333334 0.041666666666666664 0.041666666666666664 0.041666666666666664 0.20833333333333334 0.041666666666666664 0.20833333333333334 0.125 0.041666666666666664 0.041666666666666664 
0.20833333333333334 0.125 0.20833333333333334 0.125 0.041666666666666664 0.041666666666666664 0.041666666666666664 0.041666666666666664 0.041666666666666664 0.125 
0.078125 0.015625 0.015625 0.015625 0.015625 0.046875 0.015625 0.015625 0.015625 0.765625 
0.21428571428571427 0.07142857142857142 0.07142857142857142 0.07142857142857142 0.07142857142857142 0.07142857142857142 0.07142857142857142 0.07142857142857142 0.21428571428571427 0.07142857142857142 
0.038461538461538464 0.038461538461538464 0.038461538461538464 0.038461538461538464 0.038461538461538464 0.2692307692307692 0.038461538461538464 0.19230769230769232 0.2692307692307692 0.038461538461538464 
0.022727272727272728 0.022727272727272728 0.022727272727272728 0.022727272727272728 0.4318181818181818 0.022727272727272728 0.022727272727272728 0.022727272727272728 0.38636363636363635 0.022727272727272728 
0.1875 0.0625 0.0625 0.0625 0.0625 0.3125 0.0625 0.0625 0.0625 0.0625 
0.0625 0.0625 0.0625 0.3125 0.0625 0.0625 0.1875 0.0625 0.0625 0.0625 
0.05555555555555555 0.05555555555555555 0.05555555555555555 0.05555555555555555 0.16666666666666666 0.16666666666666666 0.16666666666666666 0.05555555555555555 0.16666666666666666 0.05555555555555555 
0.0625 0.0625 0.0625 0.0625 0.0625 0.0625 0.4375 0.0625 0.0625 0.0625 
0.03571428571428571 0.10714285714285714 0.5357142857142857 0.03571428571428571 0.03571428571428571 0.10714285714285714 0.03571428571428571 0.03571428571428571 0.03571428571428571 0.03571428571428571 
0.05 0.05 0.15 0.05 0.15 0.05 0.25 0.15 0.05 0.05 
0.038461538461538464 0.038461538461538464 0.5769230769230769 0.038461538461538464 0.038461538461538464 0.038461538461538464 0.038461538461538464 0.038461538461538464 0.038461538461538464 0.11538461538461539 
0.05 0.05 0.05 0.05 0.05 0.05 0.55 0.05 0.05 0.05 
0.1388888888888889 0.19444444444444445 0.027777777777777776 0.027777777777777776 0.027777777777777776 0.1388888888888889 0.027777777777777776 0.1388888888888889 0.19444444444444445 0.08333333333333333 
0.25 0.05 0.05 0.05 0.05 0.05 0.25 0.15 0.05 0.05 
0.05 0.05 0.05 0.05 0.05 0.05 0.15 0.05 0.45 0.05 
0.5 0.03333333333333333 0.03333333333333333 0.03333333333333333 0.1 0.03333333333333333 0.1 0.03333333333333333 0.1 0.03333333333333333 
0.07894736842105263 0.02631578947368421 0.39473684210526316 0.02631578947368421 0.02631578947368421 0.02631578947368421 0.02631578947368421 0.02631578947368421 0.02631578947368421 0.34210526315789475 
0.05555555555555555 0.05555555555555555 0.05555555555555555 0.05555555555555555 0.05555555555555555 0.05555555555555555 0.3888888888888889 0.05555555555555555 0.05555555555555555 0.16666666666666666 
0.05 0.05 0.05 0.05 0.05 0.05 0.05 0.05 0.55 0.05 
0.2692307692307692 0.038461538461538464 0.038461538461538464 0.038461538461538464 0.2692307692307692 0.038461538461538464 0.038461538461538464 0.038461538461538464 0.11538461538461539 0.11538461538461539 
0.022727272727272728 0.022727272727272728 0.11363636363636363 0.022727272727272728 0.4772727272727273 0.06818181818181818 0.022727272727272728 0.11363636363636363 0.022727272727272728 0.11363636363636363 
0.4583333333333333 0.041666666666666664 0.041666666666666664 0.041666666666666664 0.125 0.041666666666666664 0.041666666666666664 0.041666666666666664 0.125 0.041666666666666664 
0.02631578947368421 0.07894736842105263 0.02631578947368421 0.02631578947368421 0.07894736842105263 0.02631578947368421 0.02631578947368421 0.34210526315789475 0.34210526315789475 0.02631578947368421 
0.05 0.05 0.05 0.15 0.05 0.05 0.45 0.05 0.05 0.05 
0.03333333333333333 0.03333333333333333 0.03333333333333333 0.03333333333333333 0.03333333333333333 0.6333333333333333 0.03333333333333333 0.03333333333333333 0.03333333333333333 0.1 
0.03571428571428571 0.03571428571428571 0.10714285714285714 0.17857142857142858 0.03571428571428571 0.03571428571428571 0.03571428571428571 0.4642857142857143 0.03571428571428571 0.03571428571428571 
0.125 0.041666666666666664 0.375 0.041666666666666664 0.041666666666666664 0.125 0.041666666666666664 0.125 0.041666666666666664 0.041666666666666664 
0.05555555555555555 0.05555555555555555 0.05555555555555555 0.05555555555555555 0.05555555555555555 0.3888888888888889 0.05555555555555555 0.05555555555555555 0.16666666666666666 0.05555555555555555 
0.16666666666666666 0.16666666666666666 0.05555555555555555 0.16666666666666666 0.05555555555555555 0.16666666666666666 0.05555555555555555 0.05555555555555555 0.05555555555555555 0.05555555555555555 
0.05555555555555555 0.05555555555555555 0.05555555555555555 0.05555555555555555 0.05555555555555555 0.16666666666666666 0.16666666666666666 0.05555555555555555 0.2777777777777778 0.05555555555555555 
0.03571428571428571 0.4642857142857143 0.10714285714285714 0.03571428571428571 0.03571428571428571 0.03571428571428571 0.03571428571428571 0.03571428571428571 0.03571428571428571 0.17857142857142858 
0.038461538461538464 0.038461538461538464 0.2692307692307692 0.11538461538461539 0.038461538461538464 0.038461538461538464 0.038461538461538464 0.038461538461538464 0.038461538461538464 0.34615384615384615 
0.045454545454545456 0.045454545454545456 0.22727272727272727 0.045454545454545456 0.045454545454545456 0.045454545454545456 0.045454545454545456 0.045454545454545456 0.13636363636363635 0.3181818181818182 
0.041666666666666664 0.041666666666666664 0.041666666666666664 0.041666666666666664 0.2916666666666667 0.041666666666666664 0.20833333333333334 0.041666666666666664 0.041666666666666664 0.20833333333333334 
0.35714285714285715 0.07142857142857142 0.07142857142857142 0.07142857142857142 0.07142857142857142 0.07142857142857142 0.07142857142857142 0.07142857142857142 0.07142857142857142 0.07142857142857142 
0.0625 0.3125 0.1875 0.0625 0.0625 0.0625 0.0625 0.0625 0.0625 0.0625 
0.05555555555555555 0.05555555555555555 0.05555555555555555 0.05555555555555555 0.05555555555555555 0.05555555555555555 0.5 0.05555555555555555 0.05555555555555555 0.05555555555555555 
0.05555555555555555 0.16666666666666666 0.2777777777777778 0.05555555555555555 0.05555555555555555 0.05555555555555555 0.05555555555555555 0.05555555555555555 0.05555555555555555 0.16666666666666666 
0.45 0.05 0.05 0.05 0.05 0.05 0.05 0.05 0.05 0.15 
0.1875 0.0625 0.0625 0.1875 0.1875 0.0625 0.0625 0.0625 0.0625 0.0625 
0.16666666666666666 0.07142857142857142 0.11904761904761904 0.07142857142857142 0.023809523809523808 0.023809523809523808 0.11904761904761904 0.023809523809523808 0.023809523809523808 0.35714285714285715 
0.05555555555555555 0.05555555555555555 0.05555555555555555 0.05555555555555555 0.05555555555555555 0.05555555555555555 0.05555555555555555 0.5 0.05555555555555555 0.05555555555555555 
0.1875 0.0625 0.0625 0.0625 0.0625 0.0625 0.0625 0.3125 0.0625 0.0625 
0.05 0.05 0.05 0.05 0.05 0.05 0.15 0.35 0.05 0.15 
0.16666666666666666 0.16666666666666666 0.16666666666666666 0.05555555555555555 0.05555555555555555 0.05555555555555555 0.05555555555555555 0.16666666666666666 0.05555555555555555 0.05555555555555555 
0.05 0.15 0.15 0.05 0.05 0.05 0.35 0.05 0.05 0.05 
0.041666666666666664 0.041666666666666664 0.125 0.041666666666666664 0.041666666666666664 0.041666666666666664 0.125 0.4583333333333333 0.041666666666666664 0.041666666666666664 
0.05 0.05 0.05 0.05 0.05 0.05 0.05 0.55 0.05 0.05 
0.11538461538461539 0.038461538461538464 0.11538461538461539 0.038461538461538464 0.11538461538461539 0.038461538461538464 0.038461538461538464 0.4230769230769231 0.038461538461538464 0.038461538461538464 
0.125 0.041666666666666664 0.041666666666666664 0.041666666666666664 0.041666666666666664 0.041666666666666664 0.041666666666666664 0.4583333333333333 0.041666666666666664 0.125 
0.0625 0.0625 0.0625 0.0625 0.0625 0.3125 0.0625 0.1875 0.0625 0.0625 
0.08823529411764706 0.08823529411764706 0.029411764705882353 0.029411764705882353 0.029411764705882353 0.029411764705882353 0.14705882352941177 0.029411764705882353 0.029411764705882353 0.5 
0.03571428571428571 0.03571428571428571 0.03571428571428571 0.32142857142857145 0.10714285714285714 0.03571428571428571 0.03571428571428571 0.03571428571428571 0.03571428571428571 0.32142857142857145 
0.03571428571428571 0.03571428571428571 0.5357142857142857 0.03571428571428571 0.10714285714285714 0.03571428571428571 0.03571428571428571 0.03571428571428571 0.03571428571428571 0.10714285714285714 
0.03571428571428571 0.17857142857142858 0.03571428571428571 0.03571428571428571 0.10714285714285714 0.03571428571428571 0.03571428571428571 0.10714285714285714 0.10714285714285714 0.32142857142857145 
0.03333333333333333 0.16666666666666666 0.16666666666666666 0.03333333333333333 0.1 0.16666666666666666 0.03333333333333333 0.03333333333333333 0.03333333333333333 0.23333333333333334 
0.05 0.05 0.05 0.05 0.05 0.15 0.15 0.05 0.05 0.35 
0.05 0.35 0.05 0.15 0.05 0.05 0.05 0.05 0.05 0.15 
0.01 0.01 0.01 0.07 0.01 0.13 0.03 0.01 0.03 0.69 
0.03333333333333333 0.03333333333333333 0.16666666666666666 0.16666666666666666 0.03333333333333333 0.03333333333333333 0.03333333333333333 0.03333333333333333 0.1 0.36666666666666664 
0.05 0.05 0.05 0.05 0.05 0.55 0.05 0.05 0.05 0.05 
0.07894736842105263 0.13157894736842105 0.02631578947368421 0.02631578947368421 0.07894736842105263 0.5526315789473685 0.02631578947368421 0.02631578947368421 0.02631578947368421 0.02631578947368421 
0.275 0.025 0.175 0.075 0.075 0.275 0.025 0.025 0.025 0.025 
0.21428571428571427 0.07142857142857142 0.07142857142857142 0.07142857142857142 0.07142857142857142 0.21428571428571427 0.07142857142857142 0.07142857142857142 0.07142857142857142 0.07142857142857142 
0.03571428571428571 0.25 0.03571428571428571 0.03571428571428571 0.32142857142857145 0.03571428571428571 0.17857142857142858 0.03571428571428571 0.03571428571428571 0.03571428571428571 
0.5681818181818182 0.022727272727272728 0.022727272727272728 0.06818181818181818 0.022727272727272728 0.11363636363636363 0.022727272727272728 0.022727272727272728 0.022727272727272728 0.11363636363636363 
0.1 0.1 0.16666666666666666 0.03333333333333333 0.1 0.16666666666666666 0.03333333333333333 0.1 0.16666666666666666 0.03333333333333333 
0.25862068965517243 0.05172413793103448 0.05172413793103448 0.05172413793103448 0.017241379310344827 0.017241379310344827 0.3620689655172414 0.017241379310344827 0.15517241379310345 0.017241379310344827 
0.22413793103448276 0.017241379310344827 0.1206896551724138 0.017241379310344827 0.1896551724137931 0.15517241379310345 0.017241379310344827 0.017241379310344827 0.017241379310344827 0.22413793103448276 
0.05 0.05 0.05 0.05 0.05 0.25 0.35 0.05 0.05 0.05 
0.03333333333333333 0.36666666666666664 0.03333333333333333 0.03333333333333333 0.03333333333333333 0.1 0.3 0.03333333333333333 0.03333333333333333 0.03333333333333333 
0.041666666666666664 0.041666666666666664 0.375 0.125 0.041666666666666664 0.041666666666666664 0.041666666666666664 0.125 0.041666666666666664 0.125 
0.03125 0.03125 0.15625 0.34375 0.03125 0.09375 0.15625 0.03125 0.03125 0.09375 
0.041666666666666664 0.041666666666666664 0.125 0.125 0.041666666666666664 0.041666666666666664 0.041666666666666664 0.375 0.125 0.041666666666666664 
0.021739130434782608 0.021739130434782608 0.021739130434782608 0.06521739130434782 0.021739130434782608 0.021739130434782608 0.021739130434782608 0.021739130434782608 0.7608695652173914 0.021739130434782608 
0.0625 0.0625 0.0625 0.0625 0.0625 0.0625 0.0625 0.0625 0.4375 0.0625 
0.038461538461538464 0.038461538461538464 0.038461538461538464 0.038461538461538464 0.11538461538461539 0.038461538461538464 0.2692307692307692 0.038461538461538464 0.34615384615384615 0.038461538461538464 
0.038461538461538464 0.11538461538461539 0.038461538461538464 0.5 0.038461538461538464 0.11538461538461539 0.038461538461538464 0.038461538461538464 0.038461538461538464 0.038461538461538464 
0.0625 0.0625 0.0625 0.0625 0.0625 0.0625 0.3125 0.1875 0.0625 0.0625 
0.038461538461538464 0.038461538461538464 0.038461538461538464 0.038461538461538464 0.038461538461538464 0.34615384615384615 0.038461538461538464 0.34615384615384615 0.038461538461538464 0.038461538461538464 
0.13636363636363635 0.13636363636363635 0.045454545454545456 0.045454545454545456 0.045454545454545456 0.045454545454545456 0.045454545454545456 0.045454545454545456 0.4090909090909091 0.045454545454545456 
0.03571428571428571 0.03571428571428571 0.03571428571428571 0.5357142857142857 0.03571428571428571 0.03571428571428571 0.17857142857142858 0.03571428571428571 0.03571428571428571 0.03571428571428571 
0.34615384615384615 0.038461538461538464 0.038461538461538464 0.038461538461538464 0.11538461538461539 0.038461538461538464 0.038461538461538464 0.038461538461538464 0.2692307692307692 0.038461538461538464 
0.03125 0.09375 0.28125 0.28125 0.15625 0.03125 0.03125 0.03125 0.03125 0.03125 
0.029411764705882353 0.029411764705882353 0.08823529411764706 0.029411764705882353 0.08823529411764706 0.029411764705882353 0.38235294117647056 0.029411764705882353 0.2647058823529412 0.029411764705882353 
0.018518518518518517 0.05555555555555555 0.24074074074074073 0.2777777777777778 0.018518518518518517 0.018518518518518517 0.09259259259259259 0.018518518518518517 0.12962962962962962 0.12962962962962962 
0.018518518518518517 0.018518518518518517 0.3888888888888889 0.05555555555555555 0.018518518518518517 0.018518518518518517 0.018518518518518517 0.42592592592592593 0.018518518518518517 0.018518518518518517 
0.021739130434782608 0.10869565217391304 0.2826086956521739 0.2391304347826087 0.021739130434782608 0.021739130434782608 0.021739130434782608 0.10869565217391304 0.15217391304347827 0.021739130434782608 
0.03333333333333333 0.03333333333333333 0.03333333333333333 0.43333333333333335 0.03333333333333333 0.1 0.03333333333333333 0.03333333333333333 0.23333333333333334 0.03333333333333333 
0.03571428571428571 0.03571428571428571 0.10714285714285714 0.39285714285714285 0.03571428571428571 0.25 0.03571428571428571 0.03571428571428571 0.03571428571428571 0.03571428571428571 
0.15 0.05 0.05 0.05 0.05 0.45 0.05 0.05 0.05 0.05 
0.038461538461538464 0.038461538461538464 0.038461538461538464 0.34615384615384615 0.038461538461538464 0.038461538461538464 0.038461538461538464 0.34615384615384615 0.038461538461538464 0.038461538461538464 
0.09375 0.03125 0.03125 0.34375 0.03125 0.03125 0.21875 0.15625 0.03125 0.03125 
0.05555555555555555 0.05555555555555555 0.05555555555555555 0.05555555555555555 0.05555555555555555 0.05555555555555555 0.5 0.05555555555555555 0.05555555555555555 0.05555555555555555 
0.045454545454545456 0.045454545454545456 0.4090909090909091 0.045454545454545456 0.045454545454545456 0.045454545454545456 0.045454545454545456 0.045454545454545456 0.045454545454545456 0.22727272727272727 
0.05555555555555555 0.05555555555555555 0.16666666666666666 0.05555555555555555 0.05555555555555555 0.3888888888888889 0.05555555555555555 0.05555555555555555 0.05555555555555555 0.05555555555555555 
0.05555555555555555 0.2777777777777778 0.05555555555555555 0.05555555555555555 0.05555555555555555 0.05555555555555555 0.05555555555555555 0.16666666666666666 0.05555555555555555 0.16666666666666666 
0.25 0.15 0.05 0.15 0.05 0.05 0.05 0.05 0.15 0.05 
0.03571428571428571 0.03571428571428571 0.03571428571428571 0.10714285714285714 0.17857142857142858 0.03571428571428571 0.03571428571428571 0.39285714285714285 0.03571428571428571 0.10714285714285714 
0.021739130434782608 0.021739130434782608 0.5434782608695652 0.10869565217391304 0.15217391304347827 0.021739130434782608 0.021739130434782608 0.021739130434782608 0.021739130434782608 0.06521739130434782 
0.03571428571428571 0.03571428571428571 0.03571428571428571 0.03571428571428571 0.03571428571428571 0.10714285714285714 0.6071428571428571 0.03571428571428571 0.03571428571428571 0.03571428571428571 
0.02631578947368421 0.02631578947368421 0.13157894736842105 0.02631578947368421 0.07894736842105263 0.02631578947368421 0.02631578947368421 0.02631578947368421 0.34210526315789475 0.2894736842105263 
0.19230769230769232 0.038461538461538464 0.038461538461538464 0.038461538461538464 0.038461538461538464 0.34615384615384615 0.19230769230769232 0.038461538461538464 0.038461538461538464 0.038461538461538464 
0.05555555555555555 0.05555555555555555 0.05555555555555555 0.05555555555555555 0.16666666666666666 0.05555555555555555 0.05555555555555555 0.05555555555555555 0.2777777777777778 0.16666666666666666 
0.03333333333333333 0.1 0.5 0.03333333333333333 0.03333333333333333 0.03333333333333333 0.03333333333333333 0.1 0.03333333333333333 0.1 
0.03571428571428571 0.03571428571428571 0.5357142857142857 0.03571428571428571 0.03571428571428571 0.03571428571428571 0.03571428571428571 0.03571428571428571 0.03571428571428571 0.17857142857142858 
0.21428571428571427 0.07142857142857142 0.07142857142857142 0.07142857142857142 0.07142857142857142 0.07142857142857142 0.07142857142857142 0.07142857142857142 0.21428571428571427 0.07142857142857142 
0.15 0.15 0.05 0.05 0.05 0.05 0.05 0.35 0.05 0.05 
0.0625 0.0625 0.0625 0.0625 0.0625 0.0625 0.0625 0.0625 0.4375 0.0625 
0.13636363636363635 0.045454545454545456 0.045454545454545456 0.4090909090909091 0.045454545454545456 0.13636363636363635 0.045454545454545456 0.045454545454545456 0.045454545454545456 0.045454545454545456 
0.05 0.05 0.05 0.05 0.05 0.35 0.25 0.05 0.05 0.05 
0.21428571428571427 0.07142857142857142 0.21428571428571427 0.07142857142857142 0.07142857142857142 0.07142857142857142 0.07142857142857142 0.07142857142857142 0.07142857142857142 0.07142857142857142 
0.07142857142857142 0.07142857142857142 0.35714285714285715 0.07142857142857142 0.07142857142857142 0.07142857142857142 0.07142857142857142 0.07142857142857142 0.07142857142857142 0.07142857142857142 
0.05 0.05 0.55 0.05 0.05 0.05 0.05 0.05 0.05 0.05 
0.05555555555555555 0.05555555555555555 0.05555555555555555 0.05555555555555555 0.05555555555555555 0.16666666666666666 0.2777777777777778 0.05555555555555555 0.16666666666666666 0.05555555555555555 
0.03125 0.03125 0.53125 0.03125 0.03125 0.21875 0.03125 0.03125 0.03125 0.03125 
0.1 0.03333333333333333 0.03333333333333333 0.03333333333333333 0.03333333333333333 0.03333333333333333 0.03333333333333333 0.6333333333333333 0.03333333333333333 0.03333333333333333 
0.13636363636363635 0.13636363636363635 0.045454545454545456 0.045454545454545456 0.045454545454545456 0.4090909090909091 0.045454545454545456 0.045454545454545456 0.045454545454545456 0.045454545454545456 
0.03333333333333333 0.03333333333333333 0.03333333333333333 0.03333333333333333 0.03333333333333333 0.1 0.5 0.1 0.1 0.03333333333333333 
0.15 0.05 0.05 0.05 0.05 0.25 0.25 0.05 0.05 0.05 
0.16666666666666666 0.05555555555555555 0.16666666666666666 0.05555555555555555 0.05555555555555555 0.05555555555555555 0.2777777777777778 0.05555555555555555 0.05555555555555555 0.05555555555555555 
0.05 0.25 0.35 0.05 0.05 0.05 0.05 0.05 0.05 0.05 
0.19230769230769232 0.19230769230769232 0.038461538461538464 0.038461538461538464 0.038461538461538464 0.038461538461538464 0.19230769230769232 0.038461538461538464 0.19230769230769232 0.038461538461538464 
0.041666666666666664 0.125 0.125 0.041666666666666664 0.125 0.041666666666666664 0.125 0.041666666666666664 0.125 0.20833333333333334 
0.041666666666666664 0.4583333333333333 0.041666666666666664 0.041666666666666664 0.041666666666666664 0.041666666666666664 0.041666666666666664 0.041666666666666664 0.20833333333333334 0.041666666666666664 
0.0625 0.0625 0.0625 0.0625 0.0625 0.0625 0.4375 0.0625 0.0625 0.0625 
0.05555555555555555 0.05555555555555555 0.05555555555555555 0.2777777777777778 0.05555555555555555 0.2777777777777778 0.05555555555555555 0.05555555555555555 0.05555555555555555 0.05555555555555555 
0.05555555555555555 0.05555555555555555 0.05555555555555555 0.05555555555555555 0.05555555555555555 0.16666666666666666 0.05555555555555555 0.3888888888888889 0.05555555555555555 0.05555555555555555 
