0.14583333333333334 0.1875 0.0625 0.020833333333333332 0.020833333333333332 0.10416666666666667 0.14583333333333334 0.020833333333333332 0.020833333333333332 0.2708333333333333 
0.041666666666666664 0.125 0.20833333333333334 0.041666666666666664 0.041666666666666664 0.041666666666666664 0.375 0.041666666666666664 0.041666666666666664 0.041666666666666664 
0.15 0.05 0.05 0.05 0.05 0.05 0.35 0.05 0.05 0.15 
0.029411764705882353 0.029411764705882353 0.029411764705882353 0.029411764705882353 0.3235294117647059 0.3235294117647059 0.08823529411764706 0.029411764705882353 0.029411764705882353 0.08823529411764706 
0.0625 0.0625 0.0625 0.0625 0.0625 0.0625 0.1875 0.1875 0.0625 0.1875 
0.029411764705882353 0.20588235294117646 0.029411764705882353 0.20588235294117646 0.14705882352941177 0.029411764705882353 0.029411764705882353 0.14705882352941177 0.029411764705882353 0.14705882352941177 
0.03571428571428571 0.10714285714285714 0.03571428571428571 0.17857142857142858 0.03571428571428571 0.03571428571428571 0.10714285714285714 0.03571428571428571 0.03571428571428571 0.39285714285714285 
0.25 0.027777777777777776 0.027777777777777776 0.08333333333333333 0.027777777777777776 0.027777777777777776 0.3611111111111111 0.027777777777777776 0.027777777777777776 0.1388888888888889 
0.07142857142857142 0.07142857142857142 0.07142857142857142 0.35714285714285715 0.07142857142857142 0.07142857142857142 0.07142857142857142 0.07142857142857142 0.07142857142857142 0.07142857142857142 
0.03571428571428571 0.03571428571428571 0.03571428571428571 0.10714285714285714 0.03571428571428571 0.03571428571428571 0.17857142857142858 0.03571428571428571 0.03571428571428571 0.4642857142857143 
0.4523809523809524 0.16666666666666666 0.023809523809523808 0.023809523809523808 0.07142857142857142 0.023809523809523808 0.023809523809523808 0.023809523809523808 0.023809523809523808 0.16666666666666666 
0.13636363636363635 0.045454545454545456 0.045454545454545456 0.13636363636363635 0.045454545454545456 0.13636363636363635 0.045454545454545456 0.045454545454545456 0.045454545454545456 0.3181818181818182 
0.041666666666666664 0.125 0.375 0.041666666666666664 0.20833333333333334 0.041666666666666664 0.041666666666666664 0.041666666666666664 0.041666666666666664 0.041666666666666664 
0.0625 0.1875 0.0625 0.0625 0.0625 0.0625 0.3125 0.0625 0.0625 0.0625 
0.027777777777777776 0.08333333333333333 0.027777777777777776 0.027777777777777776 0.4166666666666667 0.08333333333333333 0.1388888888888889 0.08333333333333333 0.027777777777777776 0.08333333333333333 
0.3125 0.0625 0.0625 0.0625 0.0625 0.1875 0.0625 0.0625 0.0625 0.0625 
0.125 0.175 0.075 0.025 0.025 0.025 0.225 0.025 0.025 0.275 
0.1 0.03333333333333333 0.03333333333333333 0.03333333333333333 0.16666666666666666 0.03333333333333333 0.03333333333333333 0.5 0.03333333333333333 0.03333333333333333 
0.16666666666666666 0.2777777777777778 0.05555555555555555 0.16666666666666666 0.05555555555555555 0.05555555555555555 0.05555555555555555 0.05555555555555555 0.05555555555555555 0.05555555555555555 
0.16666666666666666 0.05555555555555555 0.05555555555555555 0.16666666666666666 0.05555555555555555 0.05555555555555555 0.2777777777777778 0.05555555555555555 0.05555555555555555 0.05555555555555555 
0.1875 0.0625 0.0625 0.0625 0.1875 0.0625 0.1875 0.0625 0.0625 0.0625 
0.05 0.05 0.05 0.05 0.05 0.15 0.05 0.15 0.05 0.35 
0.35 0.05 0.05 0.05 0.05 0.05 0.05 0.05 0.25 0.05 
0.027777777777777776 0.08333333333333333 0.6388888888888888 0.027777777777777776 0.08333333333333333 0.027777777777777776 0.027777777777777776 0.027777777777777776 0.027777777777777776 0.027777777777777776 
0.027777777777777776 0.027777777777777776 0.027777777777777776 0.027777777777777776 0.027777777777777776 0.08333333333333333 0.027777777777777776 0.027777777777777776 0.027777777777777776 0.6944444444444444 
0.20833333333333334 0.041666666666666664 0.041666666666666664 0.041666666666666664 0.125 0.041666666666666664 0.375 0.041666666666666664 0.041666666666666664 0.041666666666666664 
0.21428571428571427 0.21428571428571427 0.07142857142857142 0.07142857142857142 0.07142857142857142 0.07142857142857142 0.07142857142857142 0.07142857142857142 0.07142857142857142 0.07142857142857142 
0.13636363636363635 0.13636363636363635 0.045454545454545456 0.13636363636363635 0.045454545454545456 0.045454545454545456 0.3181818181818182 0.045454545454545456 0.045454545454545456 0.045454545454545456 
0.2619047619047619 0.023809523809523808 0.023809523809523808 0.023809523809523808 0.07142857142857142 0.11904761904761904 0.30952380952380953 0.023809523809523808 0.023809523809523808 0.11904761904761904 
0.03571428571428571 0.03571428571428571 0.10714285714285714 0.10714285714285714 0.4642857142857143 0.03571428571428571 0.03571428571428571 0.03571428571428571 0.10714285714285714 0.03571428571428571 
0.19444444444444445 0.027777777777777776 0.027777777777777776 0.3055555555555556 0.027777777777777776 0.25 0.027777777777777776 0.027777777777777776 0.027777777777777776 0.08333333333333333 
0.03333333333333333 0.03333333333333333 0.03333333333333333 0.6333333333333333 0.1 0.03333333333333333 0.03333333333333333 0.03333333333333333 0.03333333333333333 0.03333333333333333 
0.1875 0.1875 0.0625 0.0625 0.0625 0.0625 0.0625 0.1875 0.0625 0.0625 
0.0625 0.0625 0.0625 0.0625 0.0625 0.0625 0.0625 0.0625 0.4375 0.0625 
0.020833333333333332 0.1875 0.1875 0.1875 0.020833333333333332 0.1875 0.0625 0.020833333333333332 0.020833333333333332 0.10416666666666667 
0.0625 0.0625 0.0625 0.0625 0.0625 0.0625 0.0625 0.0625 0.4375 0.0625 
0.045454545454545456 0.3181818181818182 0.13636363636363635 0.045454545454545456 0.13636363636363635 0.045454545454545456 0.045454545454545456 0.045454545454545456 0.045454545454545456 0.13636363636363635 
0.2777777777777778 0.16666666666666666 0.16666666666666666 0.05555555555555555 0.05555555555555555 0.05555555555555555 0.05555555555555555 0.05555555555555555 0.05555555555555555 0.05555555555555555 
0.05 0.05 0.05 0.05 0.05 0.25 0.25 0.15 0.05 0.05 
0.03571428571428571 0.03571428571428571 0.03571428571428571 0.03571428571428571 0.03571428571428571 0.03571428571428571 0.03571428571428571 0.6785714285714286 0.03571428571428571 0.03571428571428571 
0.02631578947368421 0.02631578947368421 0.4473684210526316 0.34210526315789475 0.02631578947368421 0.02631578947368421 0.02631578947368421 0.02631578947368421 0.02631578947368421 0.02631578947368421 
0.18421052631578946 0.02631578947368421 0.02631578947368421 0.39473684210526316 0.18421052631578946 0.02631578947368421 0.07894736842105263 0.02631578947368421 0.02631578947368421 0.02631578947368421 
0.1388888888888889 0.027777777777777776 0.4166666666666667 0.08333333333333333 0.1388888888888889 0.08333333333333333 0.027777777777777776 0.027777777777777776 0.027777777777777776 0.027777777777777776 
0.07142857142857142 0.07142857142857142 0.07142857142857142 0.07142857142857142 0.07142857142857142 0.07142857142857142 0.35714285714285715 0.07142857142857142 0.07142857142857142 0.07142857142857142 
0.16666666666666666 0.05555555555555555 0.05555555555555555 0.05555555555555555 0.16666666666666666 0.05555555555555555 0.05555555555555555 0.05555555555555555 0.2777777777777778 0.05555555555555555 
0.125 0.041666666666666664 0.041666666666666664 0.041666666666666664 0.125 0.041666666666666664 0.041666666666666664 0.125 0.041666666666666664 0.375 
0.10975609756097561 0.012195121951219513 0.012195121951219513 0.2804878048780488 0.012195121951219513 0.036585365853658534 0.3048780487804878 0.13414634146341464 0.08536585365853659 0.012195121951219513 
0.05555555555555555 0.05555555555555555 0.16666666666666666 0.05555555555555555 0.05555555555555555 0.3888888888888889 0.05555555555555555 0.05555555555555555 0.05555555555555555 0.05555555555555555 
0.06 0.02 0.06 0.5 0.02 0.02 0.02 0.26 0.02 0.02 
0.15 0.05 0.35 0.05 0.15 0.05 0.05 0.05 0.05 0.05 
0.05 0.05 0.45 0.05 0.05 0.15 0.05 0.05 0.05 0.05 
0.2916666666666667 0.125 0.041666666666666664 0.041666666666666664 0.125 0.041666666666666664 0.041666666666666664 0.20833333333333334 0.041666666666666664 0.041666666666666664 
0.08823529411764706 0.029411764705882353 0.029411764705882353 0.029411764705882353 0.08823529411764706 0.20588235294117646 0.029411764705882353 0.4411764705882353 0.029411764705882353 0.029411764705882353 
0.10714285714285714 0.03571428571428571 0.10714285714285714 0.10714285714285714 0.03571428571428571 0.10714285714285714 0.03571428571428571 0.32142857142857145 0.10714285714285714 0.03571428571428571 
0.03125 0.03125 0.03125 0.03125 0.03125 0.03125 0.65625 0.03125 0.09375 0.03125 
0.11538461538461539 0.038461538461538464 0.34615384615384615 0.038461538461538464 0.038461538461538464 0.11538461538461539 0.038461538461538464 0.038461538461538464 0.19230769230769232 0.038461538461538464 
0.019230769230769232 0.019230769230769232 0.25 0.25 0.057692307692307696 0.019230769230769232 0.019230769230769232 0.019230769230769232 0.28846153846153844 0.057692307692307696 
0.041666666666666664 0.041666666666666664 0.125 0.375 0.041666666666666664 0.125 0.041666666666666664 0.041666666666666664 0.041666666666666664 0.125 
0.029411764705882353 0.029411764705882353 0.029411764705882353 0.029411764705882353 0.029411764705882353 0.08823529411764706 0.5588235294117647 0.029411764705882353 0.08823529411764706 0.08823529411764706 
0.125 0.125 0.2916666666666667 0.041666666666666664 0.041666666666666664 0.20833333333333334 0.041666666666666664 0.041666666666666664 0.041666666666666664 0.041666666666666664 
0.029411764705882353 0.2647058823529412 0.029411764705882353 0.029411764705882353 0.029411764705882353 0.08823529411764706 0.029411764705882353 0.38235294117647056 0.029411764705882353 0.08823529411764706 
0.15 0.05 0.05 0.15 0.05 0.35 0.05 0.05 0.05 0.05 
0.07142857142857142 0.07142857142857142 0.07142857142857142 0.07142857142857142 0.07142857142857142 0.35714285714285715 0.07142857142857142 0.07142857142857142 0.07142857142857142 0.07142857142857142 
0.03125 0.03125 0.03125 0.03125 0.03125 0.53125 0.21875 0.03125 0.03125 0.03125 
0.03125 0.03125 0.03125 0.03125 0.09375 0.09375 0.34375 0.15625 0.15625 0.03125 
0.08333333333333333 0.25 0.08333333333333333 0.08333333333333333 0.08333333333333333 0.08333333333333333 0.08333333333333333 0.08333333333333333 0.08333333333333333 0.08333333333333333 
0.6071428571428571 0.03571428571428571 0.03571428571428571 0.03571428571428571 0.10714285714285714 0.03571428571428571 0.03571428571428571 0.03571428571428571 0.03571428571428571 0.03571428571428571 
0.023809523809523808 0.023809523809523808 0.16666666666666666 0.07142857142857142 0.16666666666666666 0.023809523809523808 0.023809523809523808 0.4523809523809524 0.023809523809523808 0.023809523809523808 
0.5 0.038461538461538464 0.038461538461538464 0.038461538461538464 0.038461538461538464 0.11538461538461539 0.038461538461538464 0.038461538461538464 0.038461538461538464 0.11538461538461539 
0.4032258064516129 0.016129032258064516 0.11290322580645161 0.016129032258064516 0.04838709677419355 0.08064516129032258 0.016129032258064516 0.11290322580645161 0.016129032258064516 0.1774193548387097 
0.13636363636363635 0.13636363636363635 0.045454545454545456 0.045454545454545456 0.045454545454545456 0.3181818181818182 0.045454545454545456 0.045454545454545456 0.045454545454545456 0.13636363636363635 
0.125 0.125 0.375 0.025 0.025 0.125 0.125 0.025 0.025 0.025 
0.038461538461538464 0.19230769230769232 0.34615384615384615 0.038461538461538464 0.11538461538461539 0.11538461538461539 0.038461538461538464 0.038461538461538464 0.038461538461538464 0.038461538461538464 
0.03571428571428571 0.25 0.39285714285714285 0.10714285714285714 0.03571428571428571 0.03571428571428571 0.03571428571428571 0.03571428571428571 0.03571428571428571 0.03571428571428571 
0.03125 0.15625 0.03125 0.09375 0.03125 0.15625 0.03125 0.40625 0.03125 0.03125 
0.16666666666666666 0.05555555555555555 0.05555555555555555 0.05555555555555555 0.05555555555555555 0.05555555555555555 0.05555555555555555 0.05555555555555555 0.3888888888888889 0.05555555555555555 
0.03333333333333333 0.03333333333333333 0.03333333333333333 0.1 0.03333333333333333 0.03333333333333333 0.03333333333333333 0.23333333333333334 0.03333333333333333 0.43333333333333335 
0.07142857142857142 0.07142857142857142 0.07142857142857142 0.07142857142857142 0.07142857142857142 0.07142857142857142 0.07142857142857142 0.07142857142857142 0.35714285714285715 0.07142857142857142 
0.2894736842105263 0.02631578947368421 0.02631578947368421 0.02631578947368421 0.13157894736842105 0.2894736842105263 0.02631578947368421 0.07894736842105263 0.02631578947368421 0.07894736842105263 
0.045454545454545456 0.22727272727272727 0.045454545454545456 0.13636363636363635 0.045454545454545456 0.045454545454545456 0.045454545454545456 0.045454545454545456 0.3181818181818182 0.045454545454545456 
0.05555555555555555 0.16666666666666666 0.2777777777777778 0.05555555555555555 0.05555555555555555 0.05555555555555555 0.05555555555555555 0.16666666666666666 0.05555555555555555 0.05555555555555555 
0.375 0.017857142857142856 0.08928571428571429 0.017857142857142856 0.017857142857142856 0.017857142857142856 0.017857142857142856 0.4107142857142857 0.017857142857142856 0.017857142857142856 
0.225 0.125 0.225 0.075 0.025 0.025 0.025 0.125 0.025 0.125 
0.02631578947368421 0.02631578947368421 0.02631578947368421 0.02631578947368421 0.07894736842105263 0.23684210526315788 0.5 0.02631578947368421 0.02631578947368421 0.02631578947368421 
0.02631578947368421 0.07894736842105263 0.02631578947368421 0.02631578947368421 0.02631578947368421 0.23684210526315788 0.02631578947368421 0.39473684210526316 0.13157894736842105 0.02631578947368421 
0.125 0.075 0.025 0.025 0.025 0.275 0.375 0.025 0.025 0.025 
0.017241379310344827 0.017241379310344827 0.05172413793103448 0.017241379310344827 0.15517241379310345 0.43103448275862066 0.08620689655172414 0.15517241379310345 0.017241379310344827 0.05172413793103448 
0.1 0.1 0.03333333333333333 0.03333333333333333 0.1 0.1 0.16666666666666666 0.03333333333333333 0.23333333333333334 0.1 
0.0625 0.0625 0.1875 0.0625 0.0625 0.0625 0.0625 0.3125 0.0625 0.0625 
0.05555555555555555 0.05555555555555555 0.3888888888888889 0.05555555555555555 0.05555555555555555 0.16666666666666666 0.05555555555555555 0.05555555555555555 0.05555555555555555 0.05555555555555555 
0.45 0.05 0.05 0.05 0.15 0.05 0.05 0.05 0.05 0.05 
0.05 0.15 0.05 0.05 0.15 0.05 0.35 0.05 0.05 0.05 
0.05555555555555555 0.05555555555555555 0.05555555555555555 0.05555555555555555 0.16666666666666666 0.3888888888888889 0.05555555555555555 0.05555555555555555 0.05555555555555555 0.05555555555555555 
0.13636363636363635 0.045454545454545456 0.4090909090909091 0.045454545454545456 0.13636363636363635 0.045454545454545456 0.045454545454545456 0.045454545454545456 0.045454545454545456 0.045454545454545456 
0.05555555555555555 0.05555555555555555 0.16666666666666666 0.16666666666666666 0.05555555555555555 0.05555555555555555 0.2777777777777778 0.05555555555555555 0.05555555555555555 0.05555555555555555 
0.027777777777777776 0.027777777777777776 0.25 0.027777777777777776 0.027777777777777776 0.027777777777777776 0.08333333333333333 0.3055555555555556 0.19444444444444445 0.027777777777777776 
0.05555555555555555 0.05555555555555555 0.16666666666666666 0.05555555555555555 0.05555555555555555 0.05555555555555555 0.05555555555555555 0.3888888888888889 0.05555555555555555 0.05555555555555555 
0.3888888888888889 0.05555555555555555 0.05555555555555555 0.05555555555555555 0.05555555555555555 0.05555555555555555 0.16666666666666666 0.05555555555555555 0.05555555555555555 0.05555555555555555 
0.05555555555555555 0.05555555555555555 0.16666666666666666 0.2777777777777778 0.05555555555555555 0.05555555555555555 0.16666666666666666 0.05555555555555555 0.05555555555555555 0.05555555555555555 
0.03333333333333333 0.03333333333333333 0.7 0.03333333333333333 0.03333333333333333 0.03333333333333333 0.03333333333333333 0.03333333333333333 0.03333333333333333 0.03333333333333333 
0.045454545454545456 0.13636363636363635 0.3181818181818182 0.045454545454545456 0.22727272727272727 0.045454545454545456 0.045454545454545456 0.045454545454545456 0.045454545454545456 0.045454545454545456 
0.075 0.025 0.125 0.075 0.025 0.175 0.025 0.375 0.025 0.075 
0.027777777777777776 0.19444444444444445 0.027777777777777776 0.027777777777777776 0.027777777777777776 0.1388888888888889 0.3611111111111111 0.08333333333333333 0.08333333333333333 0.027777777777777776 
0.021739130434782608 0.021739130434782608 0.021739130434782608 0.021739130434782608 0.06521739130434782 0.15217391304347827 0.021739130434782608 0.45652173913043476 0.1956521739130435 0.021739130434782608 
0.03333333333333333 0.03333333333333333 0.03333333333333333 0.03333333333333333 0.1 0.16666666666666666 0.1 0.36666666666666664 0.1 0.03333333333333333 
0.11538461538461539 0.11538461538461539 0.11538461538461539 0.038461538461538464 0.038461538461538464 0.038461538461538464 0.038461538461538464 0.4230769230769231 0.038461538461538464 0.038461538461538464 
0.0625 0.0625 0.4375 0.0625 0.0625 0.0625 0.0625 0.0625 0.0625 0.0625 
0.041666666666666664 0.041666666666666664 0.5416666666666666 0.041666666666666664 0.041666666666666664 0.041666666666666664 0.041666666666666664 0.041666666666666664 0.041666666666666664 0.125 
0.0625 0.0625 0.0625 0.1875 0.1875 0.0625 0.0625 0.0625 0.1875 0.0625 
0.03125 0.03125 0.03125 0.03125 0.03125 0.03125 0.03125 0.71875 0.03125 0.03125 
0.03571428571428571 0.011904761904761904 0.011904761904761904 0.03571428571428571 0.05952380952380952 0.011904761904761904 0.011904761904761904 0.6785714285714286 0.011904761904761904 0.13095238095238096 
0.0625 0.1875 0.0625 0.0625 0.1875 0.0625 0.0625 0.1875 0.0625 0.0625 
0.16666666666666666 0.05555555555555555 0.05555555555555555 0.05555555555555555 0.16666666666666666 0.05555555555555555 0.05555555555555555 0.05555555555555555 0.16666666666666666 0.16666666666666666 
0.038461538461538464 0.038461538461538464 0.11538461538461539 0.038461538461538464 0.11538461538461539 0.19230769230769232 0.038461538461538464 0.19230769230769232 0.19230769230769232 0.038461538461538464 
0.2916666666666667 0.2916666666666667 0.041666666666666664 0.041666666666666664 0.125 0.041666666666666664 0.041666666666666664 0.041666666666666664 0.041666666666666664 0.041666666666666664 
0.28125 0.03125 0.03125 0.03125 0.03125 0.21875 0.03125 0.15625 0.03125 0.15625 
0.015151515151515152 0.07575757575757576 0.22727272727272727 0.10606060606060606 0.015151515151515152 0.22727272727272727 0.015151515151515152 0.25757575757575757 0.015151515151515152 0.045454545454545456 
0.08928571428571429 0.08928571428571429 0.017857142857142856 0.017857142857142856 0.08928571428571429 0.017857142857142856 0.19642857142857142 0.017857142857142856 0.017857142857142856 0.44642857142857145 
0.05555555555555555 0.2777777777777778 0.16666666666666666 0.05555555555555555 0.05555555555555555 0.05555555555555555 0.16666666666666666 0.05555555555555555 0.05555555555555555 0.05555555555555555 
0.05 0.35 0.05 0.15 0.05 0.15 0.05 0.05 0.05 0.05 
0.038461538461538464 0.038461538461538464 0.038461538461538464 0.038461538461538464 0.038461538461538464 0.038461538461538464 0.038461538461538464 0.2692307692307692 0.11538461538461539 0.34615384615384615 
0.038461538461538464 0.038461538461538464 0.038461538461538464 0.038461538461538464 0.11538461538461539 0.19230769230769232 0.038461538461538464 0.4230769230769231 0.038461538461538464 0.038461538461538464 
0.11538461538461539 0.038461538461538464 0.19230769230769232 0.038461538461538464 0.038461538461538464 0.038461538461538464 0.038461538461538464 0.038461538461538464 0.4230769230769231 0.038461538461538464 
0.4523809523809524 0.07142857142857142 0.07142857142857142 0.023809523809523808 0.07142857142857142 0.07142857142857142 0.11904761904761904 0.023809523809523808 0.023809523809523808 0.07142857142857142 
0.125 0.041666666666666664 0.041666666666666664 0.041666666666666664 0.2916666666666667 0.041666666666666664 0.20833333333333334 0.125 0.041666666666666664 0.041666666666666664 
0.041666666666666664 0.041666666666666664 0.20833333333333334 0.041666666666666664 0.041666666666666664 0.041666666666666664 0.041666666666666664 0.125 0.041666666666666664 0.375 
0.015625 0.015625 0.015625 0.015625 0.046875 0.140625 0.015625 0.078125 0.015625 0.640625 
0.07142857142857142 0.07142857142857142 0.07142857142857142 0.07142857142857142 0.07142857142857142 0.07142857142857142 0.07142857142857142 0.07142857142857142 0.35714285714285715 0.07142857142857142 
0.11538461538461539 0.038461538461538464 0.038461538461538464 0.11538461538461539 0.038461538461538464 0.19230769230769232 0.11538461538461539 0.038461538461538464 0.2692307692307692 0.038461538461538464 
0.022727272727272728 0.022727272727272728 0.022727272727272728 0.022727272727272728 0.4772727272727273 0.022727272727272728 0.022727272727272728 0.022727272727272728 0.3409090909090909 0.022727272727272728 
0.1875 0.0625 0.0625 0.0625 0.0625 0.3125 0.0625 0.0625 0.0625 0.0625 
0.0625 0.0625 0.0625 0.3125 0.0625 0.0625 0.1875 0.0625 0.0625 0.0625 
0.05555555555555555 0.05555555555555555 0.05555555555555555 0.16666666666666666 0.05555555555555555 0.16666666666666666 0.16666666666666666 0.05555555555555555 0.16666666666666666 0.05555555555555555 
0.0625 0.0625 0.0625 0.0625 0.0625 0.0625 0.4375 0.0625 0.0625 0.0625 
0.03571428571428571 0.03571428571428571 0.5357142857142857 0.03571428571428571 0.03571428571428571 0.17857142857142858 0.03571428571428571 0.03571428571428571 0.03571428571428571 0.03571428571428571 
0.05 0.05 0.05 0.25 0.15 0.15 0.15 0.05 0.05 0.05 
0.038461538461538464 0.038461538461538464 0.5 0.11538461538461539 0.038461538461538464 0.038461538461538464 0.038461538461538464 0.038461538461538464 0.038461538461538464 0.11538461538461539 
0.05 0.05 0.05 0.05 0.05 0.05 0.55 0.05 0.05 0.05 
0.08333333333333333 0.3055555555555556 0.027777777777777776 0.027777777777777776 0.027777777777777776 0.3055555555555556 0.027777777777777776 0.08333333333333333 0.08333333333333333 0.027777777777777776 
0.15 0.05 0.05 0.05 0.05 0.05 0.15 0.15 0.05 0.25 
0.05 0.05 0.05 0.05 0.05 0.05 0.15 0.05 0.45 0.05 
0.23333333333333334 0.03333333333333333 0.03333333333333333 0.03333333333333333 0.16666666666666666 0.03333333333333333 0.16666666666666666 0.03333333333333333 0.23333333333333334 0.03333333333333333 
0.07894736842105263 0.02631578947368421 0.4473684210526316 0.07894736842105263 0.02631578947368421 0.02631578947368421 0.02631578947368421 0.02631578947368421 0.02631578947368421 0.23684210526315788 
0.16666666666666666 0.05555555555555555 0.05555555555555555 0.05555555555555555 0.05555555555555555 0.05555555555555555 0.3888888888888889 0.05555555555555555 0.05555555555555555 0.05555555555555555 
0.05 0.05 0.05 0.05 0.05 0.05 0.05 0.05 0.55 0.05 
0.34615384615384615 0.038461538461538464 0.038461538461538464 0.038461538461538464 0.2692307692307692 0.038461538461538464 0.038461538461538464 0.038461538461538464 0.11538461538461539 0.038461538461538464 
0.11363636363636363 0.022727272727272728 0.11363636363636363 0.022727272727272728 0.4318181818181818 0.06818181818181818 0.022727272727272728 0.06818181818181818 0.022727272727272728 0.11363636363636363 
0.375 0.041666666666666664 0.041666666666666664 0.041666666666666664 0.041666666666666664 0.041666666666666664 0.125 0.041666666666666664 0.125 0.125 
0.02631578947368421 0.02631578947368421 0.02631578947368421 0.02631578947368421 0.07894736842105263 0.02631578947368421 0.02631578947368421 0.39473684210526316 0.34210526315789475 0.02631578947368421 
0.05 0.05 0.05 0.05 0.05 0.15 0.45 0.05 0.05 0.05 
0.1 0.1 0.03333333333333333 0.03333333333333333 0.03333333333333333 0.5 0.03333333333333333 0.03333333333333333 0.03333333333333333 0.1 
0.03571428571428571 0.17857142857142858 0.03571428571428571 0.03571428571428571 0.03571428571428571 0.03571428571428571 0.03571428571428571 0.5357142857142857 0.03571428571428571 0.03571428571428571 
0.125 0.041666666666666664 0.375 0.041666666666666664 0.125 0.041666666666666664 0.041666666666666664 0.041666666666666664 0.041666666666666664 0.125 
0.05555555555555555 0.05555555555555555 0.05555555555555555 0.05555555555555555 0.05555555555555555 0.3888888888888889 0.05555555555555555 0.05555555555555555 0.16666666666666666 0.05555555555555555 
0.16666666666666666 0.05555555555555555 0.05555555555555555 0.05555555555555555 0.05555555555555555 0.3888888888888889 0.05555555555555555 0.05555555555555555 0.05555555555555555 0.05555555555555555 
0.2777777777777778 0.05555555555555555 0.05555555555555555 0.16666666666666666 0.05555555555555555 0.05555555555555555 0.05555555555555555 0.16666666666666666 0.05555555555555555 0.05555555555555555 
0.03571428571428571 0.39285714285714285 0.17857142857142858 0.03571428571428571 0.03571428571428571 0.03571428571428571 0.03571428571428571 0.03571428571428571 0.03571428571428571 0.17857142857142858 
0.038461538461538464 0.038461538461538464 0.19230769230769232 0.038461538461538464 0.038461538461538464 0.038461538461538464 0.038461538461538464 0.038461538461538464 0.038461538461538464 0.5 
0.045454545454545456 0.045454545454545456 0.13636363636363635 0.045454545454545456 0.045454545454545456 0.045454545454545456 0.13636363636363635 0.22727272727272727 0.045454545454545456 0.22727272727272727 
0.041666666666666664 0.041666666666666664 0.041666666666666664 0.041666666666666664 0.20833333333333334 0.125 0.125 0.041666666666666664 0.041666666666666664 0.2916666666666667 
0.35714285714285715 0.07142857142857142 0.07142857142857142 0.07142857142857142 0.07142857142857142 0.07142857142857142 0.07142857142857142 0.07142857142857142 0.07142857142857142 0.07142857142857142 
0.0625 0.4375 0.0625 0.0625 0.0625 0.0625 0.0625 0.0625 0.0625 0.0625 
0.05555555555555555 0.05555555555555555 0.05555555555555555 0.05555555555555555 0.05555555555555555 0.05555555555555555 0.5 0.05555555555555555 0.05555555555555555 0.05555555555555555 
0.05555555555555555 0.2777777777777778 0.16666666666666666 0.05555555555555555 0.05555555555555555 0.05555555555555555 0.05555555555555555 0.05555555555555555 0.05555555555555555 0.16666666666666666 
0.35 0.05 0.05 0.05 0.05 0.05 0.05 0.05 0.05 0.25 
0.1875 0.0625 0.0625 0.1875 0.1875 0.0625 0.0625 0.0625 0.0625 0.0625 
0.11904761904761904 0.11904761904761904 0.16666666666666666 0.023809523809523808 0.023809523809523808 0.023809523809523808 0.07142857142857142 0.023809523809523808 0.16666666666666666 0.2619047619047619 
0.05555555555555555 0.05555555555555555 0.05555555555555555 0.16666666666666666 0.05555555555555555 0.05555555555555555 0.05555555555555555 0.3888888888888889 0.05555555555555555 0.05555555555555555 
0.1875 0.0625 0.0625 0.0625 0.0625 0.1875 0.0625 0.1875 0.0625 0.0625 
0.05 0.05 0.05 0.05 0.05 0.15 0.05 0.35 0.05 0.15 
0.05555555555555555 0.16666666666666666 0.16666666666666666 0.05555555555555555 0.05555555555555555 0.05555555555555555 0.05555555555555555 0.2777777777777778 0.05555555555555555 0.05555555555555555 
0.05 0.15 0.05 0.05 0.05 0.05 0.35 0.05 0.05 0.15 
0.041666666666666664 0.041666666666666664 0.041666666666666664 0.041666666666666664 0.041666666666666664 0.041666666666666664 0.041666666666666664 0.4583333333333333 0.20833333333333334 0.041666666666666664 
0.05 0.05 0.05 0.05 0.05 0.05 0.05 0.45 0.05 0.15 
0.19230769230769232 0.038461538461538464 0.11538461538461539 0.038461538461538464 0.11538461538461539 0.038461538461538464 0.038461538461538464 0.34615384615384615 0.038461538461538464 0.038461538461538464 
0.125 0.125 0.041666666666666664 0.041666666666666664 0.041666666666666664 0.125 0.041666666666666664 0.375 0.041666666666666664 0.041666666666666664 
0.0625 0.0625 0.0625 0.0625 0.0625 0.3125 0.0625 0.1875 0.0625 0.0625 
0.029411764705882353 0.029411764705882353 0.029411764705882353 0.029411764705882353 0.029411764705882353 0.029411764705882353 0.08823529411764706 0.08823529411764706 0.08823529411764706 0.5588235294117647 
0.03571428571428571 0.03571428571428571 0.03571428571428571 0.25 0.17857142857142858 0.03571428571428571 0.03571428571428571 0.03571428571428571 0.03571428571428571 0.32142857142857145 
0.03571428571428571 0.03571428571428571 0.5357142857142857 0.03571428571428571 0.10714285714285714 0.10714285714285714 0.03571428571428571 0.03571428571428571 0.03571428571428571 0.03571428571428571 
0.03571428571428571 0.10714285714285714 0.03571428571428571 0.10714285714285714 0.03571428571428571 0.10714285714285714 0.03571428571428571 0.10714285714285714 0.17857142857142858 0.25 
0.03333333333333333 0.36666666666666664 0.16666666666666666 0.03333333333333333 0.1 0.16666666666666666 0.03333333333333333 0.03333333333333333 0.03333333333333333 0.03333333333333333 
0.05 0.05 0.05 0.05 0.05 0.15 0.15 0.05 0.05 0.35 
0.05 0.25 0.05 0.05 0.05 0.05 0.05 0.05 0.05 0.35 
0.03 0.01 0.07 0.05 0.01 0.11 0.09 0.01 0.03 0.59 
0.16666666666666666 0.03333333333333333 0.03333333333333333 0.16666666666666666 0.03333333333333333 0.03333333333333333 0.03333333333333333 0.1 0.03333333333333333 0.36666666666666664 
0.05 0.05 0.05 0.05 0.05 0.55 0.05 0.05 0.05 0.05 
0.07894736842105263 0.07894736842105263 0.02631578947368421 0.02631578947368421 0.18421052631578946 0.4473684210526316 0.02631578947368421 0.07894736842105263 0.02631578947368421 0.02631578947368421 
0.275 0.025 0.225 0.075 0.025 0.275 0.025 0.025 0.025 0.025 
0.21428571428571427 0.07142857142857142 0.07142857142857142 0.07142857142857142 0.07142857142857142 0.21428571428571427 0.07142857142857142 0.07142857142857142 0.07142857142857142 0.07142857142857142 
0.03571428571428571 0.17857142857142858 0.10714285714285714 0.10714285714285714 0.25 0.03571428571428571 0.10714285714285714 0.03571428571428571 0.03571428571428571 0.10714285714285714 
0.3409090909090909 0.06818181818181818 0.022727272727272728 0.1590909090909091 0.022727272727272728 0.1590909090909091 0.06818181818181818 0.022727272727272728 0.11363636363636363 0.022727272727272728 
0.03333333333333333 0.03333333333333333 0.1 0.03333333333333333 0.1 0.1 0.03333333333333333 0.3 0.16666666666666666 0.1 
0.1896551724137931 0.017241379310344827 0.017241379310344827 0.15517241379310345 0.017241379310344827 0.05172413793103448 0.3620689655172414 0.017241379310344827 0.15517241379310345 0.017241379310344827 
0.22413793103448276 0.08620689655172414 0.1206896551724138 0.05172413793103448 0.1896551724137931 0.08620689655172414 0.017241379310344827 0.017241379310344827 0.017241379310344827 0.1896551724137931 
0.05 0.05 0.05 0.05 0.05 0.25 0.35 0.05 0.05 0.05 
0.03333333333333333 0.3 0.1 0.03333333333333333 0.03333333333333333 0.03333333333333333 0.36666666666666664 0.03333333333333333 0.03333333333333333 0.03333333333333333 
0.041666666666666664 0.041666666666666664 0.4583333333333333 0.125 0.041666666666666664 0.125 0.041666666666666664 0.041666666666666664 0.041666666666666664 0.041666666666666664 
0.03125 0.03125 0.15625 0.34375 0.03125 0.03125 0.21875 0.03125 0.03125 0.09375 
0.041666666666666664 0.041666666666666664 0.125 0.125 0.125 0.041666666666666664 0.041666666666666664 0.375 0.041666666666666664 0.041666666666666664 
0.021739130434782608 0.021739130434782608 0.06521739130434782 0.021739130434782608 0.021739130434782608 0.021739130434782608 0.021739130434782608 0.10869565217391304 0.6304347826086957 0.06521739130434782 
0.0625 0.0625 0.0625 0.0625 0.0625 0.0625 0.0625 0.0625 0.4375 0.0625 
0.038461538461538464 0.11538461538461539 0.11538461538461539 0.038461538461538464 0.038461538461538464 0.038461538461538464 0.19230769230769232 0.038461538461538464 0.34615384615384615 0.038461538461538464 
0.038461538461538464 0.11538461538461539 0.038461538461538464 0.34615384615384615 0.19230769230769232 0.11538461538461539 0.038461538461538464 0.038461538461538464 0.038461538461538464 0.038461538461538464 
0.0625 0.0625 0.0625 0.0625 0.0625 0.0625 0.3125 0.1875 0.0625 0.0625 
0.038461538461538464 0.038461538461538464 0.038461538461538464 0.038461538461538464 0.038461538461538464 0.34615384615384615 0.038461538461538464 0.34615384615384615 0.038461538461538464 0.038461538461538464 
0.22727272727272727 0.045454545454545456 0.045454545454545456 0.045454545454545456 0.045454545454545456 0.045454545454545456 0.045454545454545456 0.045454545454545456 0.4090909090909091 0.045454545454545456 
0.03571428571428571 0.17857142857142858 0.03571428571428571 0.39285714285714285 0.03571428571428571 0.03571428571428571 0.17857142857142858 0.03571428571428571 0.03571428571428571 0.03571428571428571 
0.4230769230769231 0.038461538461538464 0.038461538461538464 0.038461538461538464 0.038461538461538464 0.038461538461538464 0.038461538461538464 0.038461538461538464 0.2692307692307692 0.038461538461538464 
0.03125 0.03125 0.34375 0.28125 0.03125 0.03125 0.03125 0.15625 0.03125 0.03125 
0.029411764705882353 0.029411764705882353 0.029411764705882353 0.029411764705882353 0.08823529411764706 0.029411764705882353 0.4411764705882353 0.08823529411764706 0.20588235294117646 0.029411764705882353 
0.018518518518518517 0.05555555555555555 0.3148148148148148 0.2777777777777778 0.018518518518518517 0.018518518518518517 0.09259259259259259 0.018518518518518517 0.12962962962962962 0.05555555555555555 
0.018518518518518517 0.018518518518518517 0.5370370370370371 0.018518518518518517 0.018518518518518517 0.018518518518518517 0.018518518518518517 0.3148148148148148 0.018518518518518517 0.018518518518518517 
0.10869565217391304 0.06521739130434782 0.2826086956521739 0.2391304347826087 0.021739130434782608 0.021739130434782608 0.021739130434782608 0.15217391304347827 0.06521739130434782 0.021739130434782608 
0.03333333333333333 0.03333333333333333 0.03333333333333333 0.3 0.03333333333333333 0.1 0.1 0.03333333333333333 0.3 0.03333333333333333 
0.10714285714285714 0.03571428571428571 0.10714285714285714 0.39285714285714285 0.03571428571428571 0.17857142857142858 0.03571428571428571 0.03571428571428571 0.03571428571428571 0.03571428571428571 
0.15 0.05 0.05 0.05 0.05 0.45 0.05 0.05 0.05 0.05 
0.038461538461538464 0.038461538461538464 0.038461538461538464 0.34615384615384615 0.038461538461538464 0.038461538461538464 0.038461538461538464 0.34615384615384615 0.038461538461538464 0.038461538461538464 
0.03125 0.03125 0.03125 0.28125 0.09375 0.03125 0.21875 0.21875 0.03125 0.03125 
0.05555555555555555 0.05555555555555555 0.05555555555555555 0.05555555555555555 0.05555555555555555 0.05555555555555555 0.5 0.05555555555555555 0.05555555555555555 0.05555555555555555 
0.045454545454545456 0.045454545454545456 0.4090909090909091 0.045454545454545456 0.045454545454545456 0.045454545454545456 0.045454545454545456 0.045454545454545456 0.045454545454545456 0.22727272727272727 
0.05555555555555555 0.16666666666666666 0.05555555555555555 0.05555555555555555 0.05555555555555555 0.16666666666666666 0.16666666666666666 0.05555555555555555 0.05555555555555555 0.16666666666666666 
0.05555555555555555 0.16666666666666666 0.05555555555555555 0.16666666666666666 0.05555555555555555 0.05555555555555555 0.05555555555555555 0.2777777777777778 0.05555555555555555 0.05555555555555555 
0.25 0.05 0.15 0.15 0.05 0.05 0.05 0.05 0.15 0.05 
0.03571428571428571 0.03571428571428571 0.03571428571428571 0.10714285714285714 0.25 0.10714285714285714 0.03571428571428571 0.17857142857142858 0.03571428571428571 0.17857142857142858 
0.021739130434782608 0.10869565217391304 0.45652173913043476 0.021739130434782608 0.1956521739130435 0.10869565217391304 0.021739130434782608 0.021739130434782608 0.021739130434782608 0.021739130434782608 
0.10714285714285714 0.03571428571428571 0.03571428571428571 0.03571428571428571 0.03571428571428571 0.03571428571428571 0.6071428571428571 0.03571428571428571 0.03571428571428571 0.03571428571428571 
0.02631578947368421 0.02631578947368421 0.07894736842105263 0.02631578947368421 0.13157894736842105 0.02631578947368421 0.02631578947368421 0.02631578947368421 0.39473684210526316 0.23684210526315788 
0.2692307692307692 0.038461538461538464 0.038461538461538464 0.038461538461538464 0.038461538461538464 0.038461538461538464 0.34615384615384615 0.038461538461538464 0.11538461538461539 0.038461538461538464 
0.05555555555555555 0.05555555555555555 0.05555555555555555 0.05555555555555555 0.16666666666666666 0.16666666666666666 0.05555555555555555 0.05555555555555555 0.2777777777777778 0.05555555555555555 
0.03333333333333333 0.03333333333333333 0.5 0.03333333333333333 0.03333333333333333 0.03333333333333333 0.03333333333333333 0.03333333333333333 0.03333333333333333 0.23333333333333334 
0.03571428571428571 0.03571428571428571 0.32142857142857145 0.03571428571428571 0.03571428571428571 0.25 0.03571428571428571 0.03571428571428571 0.03571428571428571 0.17857142857142858 
0.21428571428571427 0.07142857142857142 0.07142857142857142 0.07142857142857142 0.07142857142857142 0.07142857142857142 0.07142857142857142 0.07142857142857142 0.21428571428571427 0.07142857142857142 
0.15 0.25 0.05 0.05 0.05 0.05 0.05 0.25 0.05 0.05 
0.0625 0.0625 0.0625 0.0625 0.0625 0.0625 0.0625 0.0625 0.4375 0.0625 
0.045454545454545456 0.045454545454545456 0.045454545454545456 0.4090909090909091 0.045454545454545456 0.22727272727272727 0.045454545454545456 0.045454545454545456 0.045454545454545456 0.045454545454545456 
0.05 0.05 0.05 0.05 0.15 0.25 0.25 0.05 0.05 0.05 
0.07142857142857142 0.07142857142857142 0.21428571428571427 0.07142857142857142 0.07142857142857142 0.07142857142857142 0.07142857142857142 0.21428571428571427 0.07142857142857142 0.07142857142857142 
0.07142857142857142 0.07142857142857142 0.21428571428571427 0.21428571428571427 0.07142857142857142 0.07142857142857142 0.07142857142857142 0.07142857142857142 0.07142857142857142 0.07142857142857142 
0.05 0.05 0.55 0.05 0.05 0.05 0.05 0.05 0.05 0.05 
0.05555555555555555 0.05555555555555555 0.05555555555555555 0.05555555555555555 0.05555555555555555 0.05555555555555555 0.3888888888888889 0.05555555555555555 0.16666666666666666 0.05555555555555555 
0.09375 0.03125 0.46875 0.03125 0.03125 0.15625 0.03125 0.09375 0.03125 0.03125 
0.1 0.03333333333333333 0.03333333333333333 0.03333333333333333 0.03333333333333333 0.03333333333333333 0.03333333333333333 0.6333333333333333 0.03333333333333333 0.03333333333333333 
0.13636363636363635 0.045454545454545456 0.045454545454545456 0.045454545454545456 0.045454545454545456 0.3181818181818182 0.045454545454545456 0.22727272727272727 0.045454545454545456 0.045454545454545456 
0.1 0.03333333333333333 0.03333333333333333 0.03333333333333333 0.03333333333333333 0.03333333333333333 0.43333333333333335 0.1 0.16666666666666666 0.03333333333333333 
0.15 0.05 0.05 0.05 0.05 0.05 0.45 0.05 0.05 0.05 
0.16666666666666666 0.16666666666666666 0.05555555555555555 0.05555555555555555 0.05555555555555555 0.16666666666666666 0.16666666666666666 0.05555555555555555 0.05555555555555555 0.05555555555555555 
0.05 0.25 0.35 0.05 0.05 0.05 0.05 0.05 0.05 0.05 
0.19230769230769232 0.11538461538461539 0.038461538461538464 0.038461538461538464 0.11538461538461539 0.038461538461538464 0.19230769230769232 0.038461538461538464 0.19230769230769232 0.038461538461538464 
0.041666666666666664 0.20833333333333334 0.041666666666666664 0.041666666666666664 0.041666666666666664 0.041666666666666664 0.041666666666666664 0.041666666666666664 0.20833333333333334 0.2916666666666667 
0.041666666666666664 0.4583333333333333 0.041666666666666664 0.041666666666666664 0.125 0.041666666666666664 0.041666666666666664 0.041666666666666664 0.125 0.041666666666666664 
0.0625 0.0625 0.0625 0.0625 0.0625 0.0625 0.4375 0.0625 0.0625 0.0625 
0.05555555555555555 0.05555555555555555 0.05555555555555555 0.2777777777777778 0.05555555555555555 0.2777777777777778 0.05555555555555555 0.05555555555555555 0.05555555555555555 0.05555555555555555 
0.05555555555555555 0.05555555555555555 0.05555555555555555 0.05555555555555555 0.05555555555555555 0.16666666666666666 0.05555555555555555 0.2777777777777778 0.05555555555555555 0.16666666666666666 
