0.25555555555555526 0.16993464052287566 0.3490196078431369 0.10457516339869263 0.12091503267973838
0.2929824561403508 0.10643274853801166 0.3228070175438595 0.10175438596491217 0.1760233918128654
0.1661111111111111 0.13166666666666668 0.09611111111111108 0.4627777777777778 0.1433333333333333
0.39791666666666664 0.25 0.1638888888888889 0.08541666666666667 0.10277777777777777
0.32888888888888873 0.1866666666666666 0.25222222222222224 0.10777777777777763 0.12444444444444426
0.11746031746031736 0.23571428571428577 0.4412698412698414 0.08809523809523805 0.11746031746031736
0.16041666666666668 0.1527777777777778 0.3076388888888889 0.1909722222222222 0.18819444444444444
0.09206349206349199 0.34126984126984095 0.4190476190476189 0.06984126984126977 0.0777777777777777
0.18518518518518523 0.22870370370370377 0.19351851851851856 0.11666666666666667 0.2759259259259258
0.1353535353535355 0.14040404040404056 0.15151515151515166 0.20202020202020216 0.37070707070707076
0.10515873015873022 0.11587301587301589 0.5583333333333332 0.07103174603174597 0.1496031746031746
0.14152046783625719 0.24152046783625727 0.2947368421052631 0.17017543859649112 0.1520467836257309
0.18240740740740746 0.14074074074074078 0.4314814814814817 0.12407407407407414 0.1212962962962963
0.4353535353535353 0.13737373737373762 0.19696969696969716 0.10707070707070711 0.12323232323232335
0.2506172839506169 0.21111111111111086 0.12469135802469113 0.21851851851851817 0.19506172839506147
0.12638888888888888 0.12638888888888888 0.125 0.49444444444444446 0.12777777777777777
0.1922222222222221 0.23333333333333336 0.1377777777777776 0.2922222222222222 0.1444444444444443
0.1456790123456788 0.11975308641975288 0.12098765432098742 0.4728395061728392 0.14074074074074047
0.2166666666666666 0.18444444444444422 0.142222222222222 0.1355555555555554 0.321111111111111
0.12345679012345655 0.12345679012345655 0.12345679012345659 0.5086419753086422 0.12098765432098742
0.23148148148148143 0.42222222222222205 0.1425925925925926 0.10277777777777776 0.10092592592592593
0.06473429951690828 0.05458937198067642 0.09468599033816427 0.05845410628019332 0.7275362318840582
0.1398148148148149 0.18796296296296303 0.4564814814814816 0.10648148148148151 0.10925925925925922
0.26111111111111107 0.3686868686868687 0.20000000000000007 0.05202020202020206 0.1181818181818183
0.13086419753086398 0.1518518518518516 0.44074074074074054 0.1370370370370368 0.13950617283950595
0.14615384615384602 0.22051282051282023 0.3589743589743587 0.13760683760683748 0.13675213675213668
0.14210526315789457 0.17309941520467828 0.1292397660818713 0.07719298245614033 0.47836257309941543
0.32888888888888873 0.17037037037037023 0.26962962962962955 0.10962962962962955 0.12148148148148144
0.14285714285714277 0.10396825396825388 0.5158730158730159 0.09523809523809519 0.1420634920634919
0.16444444444444428 0.2033333333333333 0.39 0.11777777777777763 0.12444444444444423
0.13456790123456766 0.12962962962962946 0.11975308641975285 0.4987654320987656 0.11728395061728371
0.14814814814814795 0.14074074074074047 0.13086419753086392 0.3407407407407402 0.2395061728395058
0.15222222222222204 0.14666666666666647 0.13666666666666646 0.4488888888888888 0.11555555555555538
0.13209876543209853 0.1358024691358022 0.4518518518518519 0.11604938271604917 0.16419753086419728
0.11604938271604914 0.11234567901234546 0.11481481481481458 0.5456790123456798 0.1111111111111109
0.22727272727272746 0.193939393939394 0.1131313131313132 0.30202020202020224 0.16363636363636375
0.2727272727272729 0.23131313131313133 0.1676767676767678 0.15050505050505072 0.17777777777777792
0.1657407407407407 0.14722222222222228 0.09814814814814811 0.10648148148148147 0.4824074074074076
0.17272727272727278 0.1338383838383839 0.45454545454545475 0.1434343434343435 0.09545454545454556
0.2126984126984126 0.20793650793650778 0.1936507936507936 0.1888888888888888 0.1968253968253967
0.1459259259259258 0.09555555555555552 0.5355555555555557 0.11111111111111109 0.11185185185185179
0.1076923076923076 0.30341880341880295 0.1350427350427349 0.35470085470085416 0.09914529914529908
0.19898989898989916 0.16969696969696987 0.17878787878787894 0.2161616161616163 0.2363636363636363
0.23095238095238105 0.17857142857142835 0.2396825396825397 0.11269841269841263 0.2380952380952381
0.2129629629629629 0.2814814814814816 0.17500000000000007 0.14166666666666664 0.18888888888888894
0.14111111111111097 0.2755555555555555 0.31333333333333335 0.12111111111111093 0.14888888888888874
0.18641975308641956 0.19259259259259232 0.2580246913580243 0.167901234567901 0.1950617283950615
0.14012345679012336 0.3401234567901234 0.19259259259259254 0.21419753086419738 0.11296296296296282
0.2 0.38333333333333336 0.14444444444444443 0.13333333333333333 0.1388888888888889
0.1968253968253967 0.23333333333333317 0.20634920634920625 0.16825396825396824 0.19523809523809513
0.14761904761904754 0.5738095238095239 0.07579365079365077 0.12698412698412692 0.07579365079365073
0.0796296296296295 0.5364197530864203 0.06481481481481469 0.06604938271604925 0.25308641975308654
0.18611111111111112 0.21944444444444444 0.225 0.18055555555555555 0.18888888888888888
0.13209876543209859 0.1296296296296294 0.14814814814814795 0.12469135802469111 0.4654320987654323
0.20694444444444443 0.2 0.16805555555555557 0.13472222222222222 0.2902777777777778
0.19925925925925914 0.23925925925925903 0.16444444444444437 0.12444444444444441 0.2725925925925923
0.0827160493827159 0.5376543209876549 0.06481481481481469 0.0876543209876542 0.2271604938271604
0.24603174603174607 0.18333333333333326 0.28888888888888875 0.18888888888888877 0.09285714285714282
0.16851851851851826 0.1685185185185183 0.16666666666666646 0.16666666666666646 0.3296296296296292
0.08888888888888886 0.5904761904761905 0.17380952380952358 0.07301587301587296 0.07380952380952377
0.185185185185185 0.19999999999999968 0.2407407407407405 0.167901234567901 0.20617283950617257
0.11555555555555552 0.09111111111111106 0.12148148148148144 0.47481481481481475 0.1970370370370369
0.14577777777777762 0.1288888888888888 0.10533333333333329 0.14533333333333331 0.47466666666666674
0.20079365079365072 0.2515873015873015 0.31746031746031733 0.10238095238095235 0.12777777777777766
0.125 0.125 0.12638888888888888 0.49583333333333335 0.12777777777777777
0.14197530864197505 0.1641975308641973 0.14814814814814786 0.11728395061728374 0.42839506172839475
0.2433333333333335 0.1755555555555555 0.27888888888888885 0.14444444444444424 0.15777777777777754
0.16666666666666652 0.1634920634920634 0.16825396825396816 0.16190476190476188 0.33968253968253925
0.18277777777777773 0.5072222222222222 0.07111111111111103 0.16444444444444448 0.07444444444444437
0.14509803921568606 0.4483660130718955 0.16535947712418272 0.06274509803921556 0.17843137254901928
0.18412698412698414 0.16190476190476183 0.1587301587301586 0.3269841269841266 0.16825396825396813
0.15714285714285708 0.16031746031746022 0.15714285714285706 0.20317460317460304 0.32222222222222185
0.1654320987654318 0.22222222222222193 0.2753086419753083 0.1567901234567899 0.18024691358024672
0.19444444444444445 0.1875 0.2625 0.17222222222222222 0.18333333333333332
0.12111111111111116 0.12944444444444442 0.5866666666666664 0.07888888888888881 0.0838888888888888
0.1863247863247861 0.1999999999999998 0.12136752136752126 0.3803418803418799 0.11196581196581186
0.1769841269841269 0.17063492063492053 0.14365079365079353 0.09126984126984124 0.41746031746031736
0.17619047619047595 0.2301587301587299 0.18412698412698406 0.16666666666666663 0.24285714285714266
0.3145833333333333 0.1326388888888889 0.20520833333333333 0.19722222222222222 0.15034722222222222
0.3 0.21919191919191935 0.18888888888888905 0.14747474747474756 0.14444444444444463
0.45079365079365086 0.16904761904761886 0.18412698412698403 0.10476190476190471 0.09126984126984124
0.1527777777777778 0.21805555555555556 0.16111111111111112 0.15694444444444444 0.3111111111111111
0.30303030303030304 0.19898989898989908 0.30808080808080823 0.09393939393939392 0.09595959595959594
0.27301587301587266 0.21746031746031735 0.1539682539682539 0.19999999999999996 0.1555555555555554
0.09523809523809519 0.12380952380952373 0.1238095238095237 0.0944444444444444 0.5626984126984131
0.16172839506172815 0.13950617283950598 0.12962962962962937 0.2876543209876539 0.28148148148148106
0.17555555555555527 0.1633333333333332 0.10333333333333314 0.4555555555555555 0.10222222222222203
0.1712418300653593 0.1797385620915031 0.36274509803921523 0.13594771241830048 0.15032679738562074
0.14343434343434366 0.15757575757575765 0.18585858585858597 0.10101010101010104 0.41212121212121217
0.11699346405228739 0.21960784313725462 0.2784313725490193 0.11241830065359462 0.27254901960784284
0.17474747474747493 0.13333333333333341 0.10909090909090915 0.1727272727272728 0.41010101010101024
0.125 0.125 0.125 0.5 0.125
0.13333333333333333 0.1763888888888889 0.10486111111111111 0.39652777777777776 0.18888888888888888
0.1400966183574879 0.47101449275362317 0.1942028985507247 0.12222222222222216 0.0724637681159421
0.3259259259259256 0.1792592592592592 0.11481481481481476 0.2548148148148146 0.12518518518518507
0.15277777777777787 0.1 0.11296296296296296 0.4990740740740739 0.13518518518518519
0.08641975308641961 0.06913580246913568 0.09382716049382703 0.10370370370370355 0.6469135802469137
0.09941520467836254 0.1333333333333332 0.10818713450292389 0.46257309941520464 0.19649122807017533
0.13015873015873008 0.3984126984126983 0.2857142857142856 0.0912698412698412 0.0944444444444444
0.08148148148148146 0.0785185185185185 0.08592592592592593 0.1296296296296296 0.6244444444444446
0.09777777777777774 0.0962962962962963 0.09925925925925924 0.5666666666666669 0.13999999999999993
0.15 0.1527777777777778 0.15694444444444444 0.14027777777777778 0.4
0.5555555555555554 0.23123123123123124 0.09699699699699697 0.048348348348348384 0.0678678678678679
0.17373737373737386 0.18181818181818196 0.17474747474747493 0.16262626262626276 0.3070707070707072
0.10833333333333331 0.1 0.09537037037037027 0.09907407407407406 0.5972222222222223
0.11604938271604917 0.11234567901234546 0.11604938271604914 0.1111111111111109 0.5444444444444454
0.1345679012345677 0.13827160493827137 0.49506172839506174 0.1148148148148146 0.11728395061728375
0.1822222222222222 0.12666666666666646 0.37111111111111084 0.10444444444444427 0.21555555555555533
0.15308641975308615 0.14320987654320966 0.1493827160493825 0.17037037037037017 0.3839506172839503
0.1583333333333333 0.1574074074074074 0.11296296296296297 0.1 0.4712962962962963
0.12555555555555534 0.1344444444444443 0.13111111111111093 0.2533333333333333 0.35555555555555557
0.1162962962962963 0.09851851851851848 0.18370370370370367 0.4933333333333336 0.10814814814814813
0.12345679012345655 0.33580246913580203 0.1148148148148146 0.31358024691357983 0.11234567901234546
0.38950617283950606 0.2598765432098765 0.22222222222222218 0.0641975308641974 0.06419753086419742
0.25299145299145276 0.3076923076923072 0.20256410256410232 0.10341880341880333 0.13333333333333314
0.1538461538461537 0.14444444444444432 0.3914529914529912 0.10598290598290588 0.20427350427350405
0.1361111111111111 0.1388888888888889 0.35694444444444445 0.21666666666666667 0.15138888888888888
0.13950617283950592 0.2999999999999996 0.1567901234567899 0.1259259259259257 0.2777777777777774
0.21666666666666667 0.2861111111111111 0.15416666666666667 0.14444444444444443 0.1986111111111111
0.18181818181818202 0.1343434343434344 0.15252525252525265 0.36666666666666664 0.16464646464646474
0.07870370370370373 0.08657407407407411 0.09537037037037034 0.4560185185185185 0.2833333333333332
0.2513888888888889 0.1597222222222222 0.26944444444444443 0.14722222222222223 0.17222222222222222
0.15555555555555559 0.13796296296296295 0.17407407407407408 0.3981481481481481 0.13425925925925927
0.1566666666666665 0.24777777777777787 0.3555555555555556 0.1088888888888887 0.13111111111111093
0.16666666666666652 0.21925925925925918 0.20518518518518514 0.3348148148148144 0.07407407407407404
0.15714285714285708 0.22063492063492052 0.18412698412698406 0.1476190476190475 0.2904761904761902
0.26913580246913543 0.22962962962962938 0.16172839506172815 0.15925925925925905 0.18024691358024666
0.2925925925925921 0.2345679012345677 0.17283950617283927 0.14444444444444418 0.1555555555555553
0.2848484848484851 0.2141414141414141 0.25858585858585886 0.12121212121212135 0.12121212121212134
0.1185185185185183 0.14691358024691337 0.4679012345679013 0.14567901234567876 0.1209876543209874
0.24305555555555555 0.2625 0.17916666666666667 0.18333333333333332 0.13194444444444445
0.14962962962962953 0.10592592592592588 0.2296296296296294 0.4007407407407406 0.11407407407407405
0.13999999999999982 0.1288888888888887 0.20555555555555552 0.32111111111111107 0.20444444444444423
0.13636363636363652 0.14040404040404048 0.12222222222222234 0.47979797979798 0.12121212121212126
0.20952380952380953 0.1873015873015872 0.24523809523809534 0.13174603174603164 0.22619047619047616
0.28555555555555545 0.15222222222222204 0.23555555555555555 0.14777777777777754 0.17888888888888874
0.30962962962962925 0.1214814814814814 0.08962962962962967 0.40740740740740716 0.07185185185185182
0.1111111111111109 0.11728395061728374 0.11234567901234546 0.5432098765432105 0.11604938271604917
0.12716049382716027 0.14197530864197505 0.14691358024691337 0.13333333333333308 0.4506172839506173
0.2080808080808083 0.23939393939393944 0.15757575757575765 0.29898989898989925 0.09595959595959594
0.2629629629629626 0.21111111111111083 0.17777777777777753 0.18271604938271582 0.16543209876543183
0.19791666666666666 0.12708333333333333 0.11736111111111111 0.4625 0.09513888888888888
0.45666666666666683 0.1555555555555553 0.14444444444444426 0.12444444444444427 0.11888888888888868
0.09277777777777775 0.07777777777777765 0.37888888888888883 0.22499999999999995 0.22555555555555545
0.19393939393939405 0.19494949494949515 0.27878787878787886 0.14747474747474762 0.18484848484848498
0.11222222222222204 0.1144444444444443 0.35999999999999976 0.30888888888888916 0.10444444444444427
0.1333333333333331 0.13456790123456763 0.12962962962962937 0.34567901234567844 0.2567901234567897
0.11604938271604914 0.1148148148148146 0.11358024691358003 0.5395061728395069 0.11604938271604914
0.14444444444444438 0.14285714285714277 0.14285714285714277 0.14285714285714277 0.42698412698412674
0.125 0.12638888888888888 0.125 0.4986111111111111 0.125
0.394179894179894 0.12116402116402103 0.20052910052910033 0.15238095238095228 0.13174603174603164
0.10256410256410249 0.11623931623931612 0.4350427350427349 0.22735042735042701 0.11880341880341867
0.10959595959595961 0.14090909090909096 0.17979797979797985 0.4520202020202021 0.1176767676767677
0.21616161616161628 0.27979797979798 0.1898989898989901 0.13030303030303042 0.18383838383838397
0.2866666666666666 0.16777777777777764 0.33 0.10444444444444427 0.11111111111111095
0.19222222222222207 0.1899999999999998 0.28111111111111114 0.13222222222222207 0.2044444444444444
0.15416666666666667 0.175 0.13055555555555556 0.4 0.14027777777777778
0.14583333333333334 0.15138888888888888 0.41388888888888886 0.1486111111111111 0.14027777777777778
0.21777777777777757 0.2874074074074072 0.07259259259259258 0.19703703703703696 0.225185185185185
0.18641975308641956 0.19259259259259237 0.21234567901234536 0.20617283950617257 0.2024691358024689
0.1481481481481479 0.2938271604938269 0.30123456790123415 0.12716049382716027 0.12962962962962937
0.16851851851851832 0.16666666666666646 0.16851851851851832 0.16666666666666646 0.3296296296296293
0.1320987654320985 0.12469135802469115 0.16543209876543177 0.4407407407407405 0.13703703703703682
0.17777777777777765 0.17111111111111088 0.35666666666666647 0.1744444444444443 0.11999999999999982
0.4103703703703704 0.2503703703703703 0.11037037037037033 0.1377777777777777 0.0911111111111111
0.09166666666666659 0.11611111111111111 0.25444444444444436 0.44833333333333336 0.0894444444444444
0.2847222222222222 0.18194444444444444 0.18472222222222223 0.1527777777777778 0.19583333333333333
0.18555555555555542 0.21444444444444447 0.3244444444444444 0.14555555555555538 0.12999999999999978
0.40962962962962957 0.1940740740740741 0.14888888888888882 0.14518518518518506 0.10222222222222217
0.13796296296296293 0.12916666666666668 0.059259259259259296 0.4152777777777778 0.25833333333333336
0.31851851851851803 0.3232804232804233 0.08201058201058194 0.20476190476190462 0.07142857142857134
0.11587301587301582 0.1253968253968253 0.16984126984126968 0.24761904761904757 0.3412698412698412
0.27878787878787886 0.13838383838383864 0.09898989898989902 0.3828282828282828 0.101010101010101
0.5230158730158732 0.1833333333333332 0.10555555555555551 0.09999999999999998 0.08809523809523805
0.4120370370370372 0.18888888888888888 0.12499999999999996 0.12037037037037042 0.1537037037037037
0.14197530864197508 0.13086419753086395 0.477777777777778 0.12345679012345653 0.12592592592592566
0.13555555555555537 0.10333333333333317 0.1088888888888887 0.5222222222222224 0.12999999999999978
0.14166666666666672 0.12314814814814823 0.11944444444444446 0.2925925925925925 0.3231481481481482
0.22500000000000003 0.21944444444444453 0.22037037037037036 0.2046296296296296 0.13055555555555554
0.16574074074074074 0.24166666666666684 0.08888888888888882 0.4203703703703704 0.08333333333333323
0.20808080808080823 0.22121212121212125 0.28888888888888914 0.11515151515151527 0.16666666666666682
0.12525252525252537 0.10404040404040407 0.1070707070707071 0.11414141414141418 0.5494949494949494
0.11481481481481458 0.12098765432098744 0.11604938271604914 0.11481481481481458 0.533333333333334
0.2 0.20341880341880342 0.16111111111111098 0.06752136752136748 0.36794871794871775
0.2131313131313133 0.2161616161616163 0.11010101010101019 0.15858585858585875 0.30202020202020213
0.11164021164021158 0.07936507936507928 0.07883597883597876 0.07460317460317452 0.6555555555555558
0.1432098765432096 0.14444444444444424 0.47037037037037066 0.12345679012345658 0.11851851851851827
0.1597222222222222 0.19722222222222222 0.24583333333333332 0.26944444444444443 0.12777777777777777
0.21805555555555556 0.18333333333333332 0.24861111111111112 0.16666666666666666 0.18333333333333332
0.13456790123456766 0.28765432098765376 0.3209876543209872 0.12469135802469113 0.13209876543209856
0.09649122807017539 0.5900584795321635 0.18947368421052618 0.06198830409356724 0.06198830409356724
0.12222222222222215 0.11031746031746026 0.1714285714285713 0.4873015873015875 0.10873015873015864
0.16049382716049354 0.18271604938271577 0.11481481481481458 0.11604938271604914 0.4259259259259254
0.1407407407407405 0.14567901234567876 0.1518518518518516 0.1185185185185183 0.44320987654320976
0.1111111111111109 0.1111111111111109 0.1111111111111109 0.5555555555555566 0.1111111111111109
0.299074074074074 0.13518518518518527 0.1398148148148148 0.08518518518518509 0.3407407407407404
0.488271604938272 0.0919753086419752 0.09814814814814804 0.16481481481481455 0.15679012345678994
0.3080808080808082 0.1282828282828284 0.097979797979798 0.36565656565656557 0.10000000000000003
0.10793650793650789 0.10158730158730155 0.09285714285714276 0.09841269841269835 0.5992063492063493
0.19722222222222227 0.16944444444444448 0.2157407407407408 0.17314814814814816 0.24444444444444444
0.3238095238095239 0.17380952380952377 0.20238095238095224 0.2015873015873015 0.09841269841269835
0.2691358024691358 0.11666666666666649 0.1475308641975307 0.3086419753086419 0.15802469135802458
0.3959595959595962 0.1222222222222223 0.20606060606060622 0.12727272727272743 0.14848484848484866
0.21587301587301586 0.1793650793650793 0.18412698412698403 0.18412698412698406 0.23650793650793633
0.2567251461988303 0.07602339181286548 0.22514619883040932 0.30467836257309916 0.13742690058479518
0.41703703703703715 0.15111111111111108 0.1451851851851852 0.13333333333333333 0.1533333333333333
0.1296296296296297 0.10277777777777777 0.10740740740740737 0.5240740740740741 0.13611111111111113
0.1474747474747476 0.11313131313131321 0.10808080808080815 0.48181818181818187 0.14949494949494962
0.21587301587301594 0.16825396825396818 0.20555555555555552 0.17380952380952364 0.23650793650793644
0.3666666666666666 0.21825396825396845 0.09920634920634915 0.2142857142857143 0.10158730158730155
0.14583333333333334 0.13333333333333333 0.15069444444444444 0.4722222222222222 0.09791666666666667
0.474074074074074 0.21574074074074076 0.09722222222222213 0.12037037037037043 0.09259259259259252
0.10130718954248352 0.09999999999999984 0.0849673202614378 0.6235294117647062 0.09019607843137241
0.2747474747474748 0.2606060606060606 0.1383838383838385 0.1666666666666668 0.15959595959595976
0.2993464052287579 0.14444444444444424 0.21503267973856188 0.16013071895424813 0.18104575163398678
0.14074074074074053 0.1444444444444442 0.12098765432098744 0.45308641975308617 0.1407407407407405
0.09803921568627434 0.0921568627450979 0.17254901960784294 0.44575163398692796 0.19150326797385597
0.16172839506172815 0.27283950617283914 0.21111111111111086 0.12345679012345658 0.23086419753086393
0.14705882352941163 0.18954248366013055 0.39411764705882313 0.08692810457516324 0.18235294117647044
0.39197530864197516 0.15679012345678991 0.2271604938271604 0.10061728395061714 0.12345679012345669
0.09629629629629617 0.08703703703703691 0.37407407407407395 0.08209876543209867 0.3604938271604937
0.16581196581196567 0.2854700854700852 0.3495726495726492 0.09658119658119652 0.10256410256410248
0.27008547008546974 0.19230769230769212 0.2341880341880339 0.1752136752136751 0.12820512820512814
0.21222222222222215 0.26999999999999996 0.23222222222222233 0.13222222222222202 0.15333333333333315
0.16018518518518518 0.14351851851851863 0.13148148148148148 0.43611111111111117 0.1287037037037037
0.23333333333333323 0.18412698412698406 0.17619047619047606 0.1809523809523809 0.22539682539682523
0.5037037037037039 0.08666666666666667 0.09185185185185182 0.09185185185185184 0.22592592592592575
0.2365079365079364 0.16666666666666655 0.16031746031746014 0.23333333333333317 0.2031746031746031
0.22328042328042316 0.23439153439153418 0.23015873015872992 0.12275132275132263 0.18941798941798935
0.2577777777777777 0.439111111111111 0.1439999999999998 0.09066666666666669 0.06844444444444449
0.2629629629629627 0.24518518518518503 0.20222222222222203 0.21037037037037012 0.07925925925925924
0.14040404040404056 0.15959595959595982 0.41818181818181815 0.13232323232323243 0.14949494949494957
0.18376068376068366 0.27350427350427337 0.21367521367521336 0.2435897435897431 0.08547008547008542
0.09607843137254887 0.07908496732026132 0.09281045751633969 0.39346405228758125 0.3385620915032676
0.2425120772946859 0.20966183574879219 0.1434782608695652 0.15893719806763285 0.24541062801932362
0.24444444444444408 0.2811965811965809 0.2760683760683757 0.09230769230769227 0.10598290598290593
0.35888888888888887 0.17666666666666644 0.1577777777777776 0.12888888888888872 0.17777777777777756
0.19365079365079355 0.29365079365079333 0.17301587301587285 0.1507936507936507 0.1888888888888888
0.21414141414141435 0.21313131313131306 0.2141414141414143 0.16161616161616174 0.19696969696969707
0.2013888888888889 0.14583333333333334 0.13472222222222222 0.3347222222222222 0.18333333333333332
0.14777777777777762 0.13777777777777758 0.15888888888888872 0.12444444444444427 0.43111111111111095
0.12424242424242428 0.24747474747474751 0.404040404040404 0.10101010101010106 0.12323232323232335
0.125 0.125 0.12638888888888888 0.4986111111111111 0.125
0.07650793650793644 0.08507936507936499 0.7409523809523809 0.052063492063492 0.04539682539682533
0.11111111111111109 0.40185185185185196 0.14074074074074075 0.25277777777777777 0.09351851851851847
0.12839506172839482 0.11975308641975285 0.13209876543209853 0.12716049382716027 0.49259259259259286
0.09999999999999992 0.14682539682539666 0.08015873015873012 0.07698412698412693 0.596031746031746
0.20277777777777778 0.3472222222222222 0.1638888888888889 0.15 0.1361111111111111
0.09920634920634915 0.45158730158730137 0.27380952380952367 0.08968253968253964 0.08571428571428566
0.22121212121212125 0.14040404040404056 0.1434343434343436 0.3828282828282828 0.11212121212121219
0.13333333333333314 0.19555555555555537 0.1288888888888887 0.1933333333333332 0.3488888888888888
0.10694444444444444 0.6402777777777777 0.09027777777777778 0.07708333333333334 0.08541666666666667
0.08412698412698402 0.25396825396825357 0.493121693121693 0.10158730158730155 0.0671957671957671
0.15151515151515163 0.12828282828282844 0.12424242424242436 0.13838383838383847 0.45757575757575764
0.14126984126984116 0.27301587301587305 0.09761904761904759 0.4079365079365079 0.08015873015873011
0.1185185185185183 0.12345679012345658 0.1259259259259257 0.11728395061728374 0.5148148148148152
0.08571428571428566 0.6777777777777786 0.08492063492063491 0.07222222222222216 0.0793650793650793
0.23000000000000004 0.21 0.19444444444444428 0.1755555555555554 0.18999999999999995
0.18333333333333332 0.19444444444444445 0.15416666666666667 0.15555555555555556 0.3125
0.10952380952380945 0.5751322751322752 0.20105820105820094 0.052380952380952306 0.06190476190476183
0.15490196078431356 0.2679738562091499 0.31895424836601255 0.17124183006535929 0.08692810457516327
0.07803030303030305 0.4929292929292929 0.05227272727272729 0.06717171717171717 0.3095959595959595
0.13055555555555556 0.15069444444444444 0.09236111111111112 0.08611111111111111 0.5402777777777777
0.05968253968253963 0.5285714285714286 0.15206349206349182 0.15174603174603163 0.10793650793650783
0.07843137254901947 0.5307189542483662 0.06535947712418289 0.2542483660130715 0.07124183006535932
0.17287581699346394 0.3352941176470587 0.25882352941176473 0.13660130718954236 0.09640522875816981
0.18253968253968245 0.15555555555555547 0.15873015873015864 0.15714285714285708 0.3460317460317456
0.0774410774410774 0.49292929292929294 0.32996632996633 0.04545454545454542 0.05420875420875417
0.1290598290598289 0.18974358974358957 0.16495726495726482 0.09914529914529907 0.41709401709401706
0.0888888888888889 0.5977777777777779 0.17481481481481473 0.06740740740740739 0.0711111111111111
0.14027777777777778 0.15833333333333333 0.44722222222222224 0.12638888888888888 0.12777777777777777
0.14285714285714277 0.14285714285714277 0.14285714285714277 0.4285714285714284 0.14285714285714277
0.18253968253968247 0.30317460317460293 0.15555555555555545 0.14761904761904754 0.211111111111111
0.20972222222222223 0.14444444444444443 0.38472222222222224 0.12916666666666668 0.13194444444444445
0.15999999999999998 0.4229629629629624 0.13777777777777775 0.20888888888888857 0.07037037037037033
0.13194444444444445 0.12916666666666668 0.13055555555555556 0.48194444444444445 0.12638888888888888
0.1166666666666665 0.646296296296296 0.10555555555555537 0.0648148148148147 0.06666666666666655
0.14603174603174593 0.14603174603174596 0.14444444444444438 0.14603174603174593 0.4174603174603172
0.19777777777777775 0.15555555555555542 0.19666666666666657 0.15222222222222206 0.2977777777777778
0.132222222222222 0.12222222222222204 0.13888888888888867 0.47444444444444434 0.13222222222222207
0.09629629629629627 0.09259259259259257 0.22740740740740728 0.47407407407407376 0.10962962962962958
0.18333333333333326 0.22619047619047625 0.330952380952381 0.08095238095238089 0.17857142857142835
0.1168350168350169 0.16127946127946136 0.3134680134680136 0.2057239057239059 0.2026936026936029
0.28958333333333336 0.22361111111111112 0.26944444444444443 0.09097222222222222 0.12638888888888888
0.09938271604938258 0.10432098765432084 0.23456790123456786 0.06975308641975295 0.4919753086419753
0.24920634920634907 0.16666666666666652 0.19999999999999993 0.16984126984126982 0.21428571428571416
0.15454545454545462 0.39494949494949494 0.16464646464646482 0.1333333333333335 0.15252525252525273
0.325 0.22013888888888888 0.2125 0.11944444444444445 0.12291666666666666
0.23931623931623905 0.15641025641025627 0.1478632478632477 0.3094017094017091 0.14700854700854693
0.17063492063492053 0.1357142857142855 0.4396825396825397 0.10793650793650787 0.14603174603174593
0.08055555555555556 0.11597222222222223 0.08611111111111111 0.29444444444444445 0.42291666666666666
0.17314814814814822 0.1592592592592593 0.17129629629629634 0.11851851851851855 0.37777777777777777
0.3102564102564099 0.3333333333333331 0.09829059829059823 0.08974358974358967 0.16837606837606817
0.5341269841269842 0.21984126984126978 0.07936507936507935 0.07936507936507932 0.08730158730158724
0.10592592592592591 0.17629629629629623 0.10962962962962958 0.5296296296296298 0.0785185185185185
0.3972222222222222 0.16597222222222222 0.25 0.09861111111111111 0.08819444444444445
0.36507936507936506 0.19761904761904756 0.2380952380952381 0.09999999999999994 0.09920634920634917
0.27222222222222214 0.08636363636363646 0.09191919191919201 0.4196969696969698 0.1297979797979799
0.20522875816993447 0.2124183006535946 0.3601307189542479 0.1189542483660129 0.10326797385620902
0.18011695906432743 0.21754385964912276 0.10409356725146195 0.15497076023391804 0.3432748538011695
0.20999999999999994 0.14777777777777762 0.13444444444444426 0.11777777777777758 0.38999999999999985
0.10111111111111093 0.10222222222222203 0.10111111111111093 0.5922222222222231 0.10333333333333317
0.08376068376068367 0.10769230769230759 0.08632478632478624 0.09572649572649568 0.6264957264957267
0.20483091787439614 0.2676328502415459 0.2685990338164251 0.08067632850241559 0.17826086956521742
0.20808080808080814 0.23131313131313144 0.286868686868687 0.13636363636363652 0.13737373737373745
0.33274853801169574 0.135672514619883 0.09707602339181284 0.35438596491228064 0.08011695906432746
0.16296296296296303 0.15833333333333333 0.20833333333333334 0.1435185185185186 0.32685185185185195
0.2537037037037037 0.23981481481481473 0.15000000000000002 0.22685185185185178 0.12962962962962965
0.13629629629629622 0.12222222222222216 0.09703703703703703 0.5607407407407409 0.08370370370370367
0.29930555555555555 0.18611111111111112 0.18819444444444444 0.16875 0.15763888888888888
0.12478632478632472 0.111111111111111 0.11794871794871785 0.5393162393162393 0.10683760683760675
0.1273504273504273 0.1205128205128204 0.10170940170940163 0.16923076923076905 0.48119658119658093
0.20707070707070724 0.13737373737373748 0.3050505050505051 0.13434343434343451 0.2161616161616163
0.17777777777777767 0.16190476190476183 0.3698412698412693 0.14285714285714277 0.14761904761904754
0.13444444444444428 0.16111111111111096 0.29333333333333333 0.12111111111111093 0.2899999999999999
0.2912698412698413 0.15476190476190463 0.3880952380952382 0.07777777777777772 0.08809523809523805
0.11666666666666667 0.1076388888888889 0.11041666666666666 0.075 0.5902777777777778
0.3239316239316235 0.3606837606837602 0.12307692307692293 0.09059829059829053 0.1017094017094016
0.18666666666666648 0.20555555555555563 0.39222222222222203 0.10444444444444428 0.11111111111111095
0.16172839506172815 0.17530864197530832 0.11604938271604917 0.429629629629629 0.11728395061728374
0.1131313131313132 0.10808080808080814 0.10404040404040407 0.5707070707070705 0.1040404040404041
0.1555555555555554 0.16324786324786317 0.34444444444444394 0.20427350427350405 0.1324786324786324
0.1627450980392155 0.3895424836601308 0.2039215686274508 0.1169934640522874 0.1267973856209149
0.0981481481481481 0.08796296296296287 0.09999999999999994 0.09907407407407405 0.6148148148148148
0.15347222222222223 0.12777777777777777 0.11388888888888889 0.4673611111111111 0.1375
0.30555555555555547 0.14555555555555544 0.14555555555555538 0.26333333333333336 0.13999999999999982
0.1237373737373738 0.11111111111111117 0.1898989898989899 0.22424242424242422 0.3510101010101009
0.18641975308641945 0.1691358024691356 0.12345679012345655 0.3950617283950612 0.12592592592592566
0.19222222222222207 0.2033333333333334 0.29000000000000004 0.16111111111111093 0.15333333333333315
0.2851851851851851 0.17716049382716034 0.22839506172839497 0.18827160493827147 0.1209876543209875
0.18240740740740727 0.13703703703703718 0.11018518518518519 0.46851851851851867 0.1018518518518518
0.42077294685990324 0.2178743961352656 0.20000000000000007 0.07971014492753634 0.08164251207729477
0.41461988304093556 0.13976608187134493 0.09239766081871341 0.1842105263157894 0.16900584795321627
0.5425925925925927 0.13981481481481503 0.1435185185185185 0.08703703703703691 0.08703703703703693
0.19797979797979817 0.1090909090909092 0.46464646464646475 0.11717171717171723 0.11111111111111117
0.23555555555555555 0.15777777777777763 0.17222222222222205 0.14777777777777754 0.28666666666666657
0.2547008547008544 0.2273504273504271 0.2410256410256409 0.14786324786324767 0.1290598290598289
0.23931623931623902 0.38803418803418815 0.1410256410256409 0.10854700854700848 0.12307692307692297
0.31587301587301586 0.1023809523809524 0.1936507936507937 0.07261904761904754 0.3154761904761904
0.18962962962962948 0.14962962962962956 0.16666666666666655 0.11407407407407406 0.3799999999999996
0.2263888888888889 0.23958333333333334 0.1951388888888889 0.21458333333333332 0.12430555555555556
0.1309941520467835 0.17192982456140346 0.468421052631579 0.09473684210526313 0.13391812865497066
0.12222222222222236 0.1292929292929294 0.3666666666666666 0.1252525252525254 0.25656565656565666
0.2314814814814816 0.30123456790123454 0.29691358024691356 0.08209876543209865 0.08827160493827146
0.1477777777777775 0.29222222222222227 0.33777777777777784 0.10666666666666648 0.11555555555555538
0.13240740740740753 0.36111111111111105 0.22870370370370374 0.1314814814814816 0.1462962962962965
0.08538011695906425 0.10467836257309936 0.09064327485380114 0.1748538011695905 0.5444444444444444
0.509090909090909 0.15252525252525273 0.1202020202020203 0.10808080808080815 0.11010101010101016
0.1920634920634921 0.11904761904761899 0.3182539682539683 0.10396825396825389 0.26666666666666666
0.23125 0.2673611111111111 0.1840277777777778 0.1388888888888889 0.17847222222222223
0.12916666666666668 0.12777777777777777 0.12916666666666668 0.12638888888888888 0.4875
0.38518518518518485 0.20864197530864176 0.12839506172839482 0.1530864197530862 0.12469135802469113
0.16805555555555557 0.18888888888888888 0.29305555555555557 0.16944444444444445 0.18055555555555555
0.19629629629629602 0.18395061728395035 0.11481481481481458 0.3851851851851847 0.11975308641975285
0.24197530864197497 0.23580246913580222 0.12716049382716027 0.2654320987654318 0.12962962962962937
0.1281481481481481 0.19555555555555543 0.47851851851851857 0.08962962962962959 0.10814814814814812
0.08518518518518518 0.08814814814814814 0.1629629629629628 0.5725925925925928 0.09111111111111109
0.16944444444444445 0.32569444444444445 0.21388888888888888 0.1388888888888889 0.15208333333333332
0.44603174603174606 0.19761904761904756 0.14999999999999997 0.08888888888888882 0.11746031746031738
0.16049382716049357 0.19382716049382698 0.19135802469135774 0.12345679012345655 0.33086419753086366
0.1673611111111111 0.25416666666666665 0.365625 0.07291666666666667 0.13993055555555556
0.09191919191919189 0.09191919191919189 0.09191919191919189 0.6323232323232312 0.09191919191919189
0.09126984126984124 0.30238095238095236 0.09999999999999992 0.4111111111111109 0.09523809523809519
0.14444444444444438 0.17301587301587304 0.3404761904761904 0.21507936507936495 0.1269841269841269
0.2066666666666666 0.2733333333333332 0.11666666666666647 0.2611111111111111 0.142222222222222
0.10303030303030306 0.1353535353535355 0.2161616161616163 0.4292929292929294 0.11616161616161629
0.13209876543209853 0.15308641975308618 0.12962962962962937 0.13703703703703676 0.4481481481481475
0.1099999999999998 0.1144444444444443 0.10888888888888874 0.5500000000000004 0.1166666666666665
0.16166666666666668 0.11111111111111117 0.06833333333333323 0.5966666666666668 0.062222222222222116
0.1399999999999999 0.13999999999999999 0.18740740740740738 0.4088888888888888 0.12370370370370366
0.1622222222222221 0.4666666666666667 0.18592592592592583 0.08370370370370368 0.10148148148148149
0.11363636363636365 0.11717171717171719 0.08686868686868693 0.613131313131313 0.06919191919191928
0.13333333333333333 0.12777777777777777 0.13472222222222222 0.12777777777777777 0.47638888888888886
0.13271604938271592 0.12407407407407393 0.1401234567901233 0.11728395061728379 0.4858024691358026
0.13222222222222202 0.1366666666666665 0.10999999999999982 0.5022222222222222 0.11888888888888868
0.23240740740740745 0.1787037037037037 0.13055555555555556 0.287962962962963 0.17037037037037037
0.08968253968253964 0.09682539682539677 0.10476190476190475 0.6190476190476194 0.08968253968253964
0.09401709401709397 0.10854700854700841 0.08547008547008537 0.6188034188034188 0.09316239316239311
0.09814814814814804 0.08703703703703693 0.09907407407407409 0.6185185185185187 0.09722222222222218
0.37314814814814823 0.12870370370370374 0.23425925925925942 0.1240740740740741 0.13981481481481495
0.20864197530864162 0.1481481481481479 0.3592592592592587 0.1617283950617281 0.12222222222222198
0.1229629629629629 0.10296296296296294 0.10740740740740737 0.0940740740740741 0.5725925925925925
0.3101010101010102 0.190909090909091 0.15555555555555564 0.22626262626262642 0.11717171717171726
0.18222222222222212 0.21555555555555547 0.23222222222222227 0.10333333333333317 0.2666666666666667
0.22222222222222227 0.15000000000000005 0.1666666666666668 0.35462962962962946 0.10648148148148148
0.15679012345678991 0.15679012345678983 0.17777777777777753 0.13456790123456766 0.37407407407407367
0.14444444444444438 0.14285714285714277 0.14285714285714277 0.14285714285714277 0.42698412698412674
0.41313131313131335 0.15757575757575765 0.15656565656565669 0.11919191919191931 0.15353535353535366
0.1733333333333332 0.15333333333333318 0.3333333333333334 0.19999999999999984 0.1399999999999998
0.11358024691358003 0.11234567901234546 0.1111111111111109 0.5506172839506182 0.11234567901234546
0.12407407407407417 0.11111111111111115 0.112037037037037 0.11203703703703709 0.5407407407407407
0.11428571428571424 0.10714285714285705 0.1182539682539682 0.08412698412698409 0.5761904761904768
0.12777777777777777 0.13472222222222222 0.2375 0.375 0.125
0.12424242424242438 0.15353535353535366 0.5303030303030302 0.09595959595959597 0.09595959595959594
0.11358024691358003 0.11604938271604917 0.11358024691358003 0.5432098765432107 0.11358024691358003
0.1555555555555554 0.13999999999999976 0.1677777777777776 0.12999999999999978 0.4066666666666665
0.16190476190476177 0.21190476190476187 0.13015873015873006 0.11111111111111105 0.3849206349206348
0.3415458937198067 0.163768115942029 0.2415458937198067 0.1830917874396135 0.07004830917874406
0.10793650793650787 0.15952380952380937 0.26825396825396824 0.0833333333333333 0.3809523809523806
0.10833333333333335 0.09907407407407402 0.09999999999999998 0.16851851851851854 0.5240740740740739
0.24444444444444408 0.20740740740740715 0.1469135802469133 0.167901234567901 0.233333333333333
0.29230769230769194 0.3478632478632477 0.1094017094017093 0.12564102564102553 0.12478632478632466
0.08479532163742684 0.09415204678362574 0.11578947368421046 0.4040935672514619 0.30116959064327475
0.14285714285714277 0.14444444444444438 0.14444444444444435 0.42539682539682516 0.14285714285714277
0.11481481481481458 0.12345679012345658 0.11481481481481458 0.11728395061728374 0.5296296296296302
0.13209876543209853 0.1111111111111109 0.11975308641975285 0.12345679012345655 0.5135802469135805
0.13999999999999982 0.12444444444444427 0.13111111111111098 0.47222222222222215 0.13222222222222207
0.25656565656565655 0.2797979797979797 0.21010101010101032 0.15151515151515163 0.10202020202020204
0.3717171717171716 0.13939393939393954 0.1333333333333335 0.23535353535353556 0.12020202020202034
0.2232323232323234 0.4353535353535355 0.1313131313131314 0.10404040404040406 0.10606060606060612
0.09595959595959594 0.0929292929292929 0.0929292929292929 0.5414141414141419 0.17676767676767668
0.27543859649122804 0.17602339181286536 0.09649122807017538 0.08830409356725144 0.3637426900584793
0.11367521367521359 0.14273504273504256 0.12649572649572635 0.45470085470085453 0.16239316239316226
