0.06746031746031741 0.10238095238095235 0.10753968253968255 0.07539682539682532 0.08730158730158723 0.16031746031746033 0.04603174603174601 0.13492063492063486 0.14087301587301598 0.07777777777777772
0.09797979797979803 0.1252525252525253 0.11919191919191924 0.11464646464646473 0.092929292929293 0.11010101010101017 0.06111111111111117 0.057575757575757634 0.10606060606060609 0.11515151515151521
0.06959064327485381 0.07426900584795319 0.07602339181286549 0.07368421052631577 0.1812865497076022 0.10233918128654967 0.05555555555555554 0.123391812865497 0.09590643274853791 0.14795321637426898
0.06342592592592598 0.15185185185185185 0.13055555555555556 0.08611111111111112 0.06851851851851855 0.15092592592592588 0.07222222222222226 0.05740740740740742 0.13472222222222213 0.08425925925925927
0.09930555555555555 0.1 0.08541666666666667 0.09166666666666666 0.17152777777777778 0.10347222222222222 0.08333333333333333 0.07777777777777778 0.09791666666666667 0.08958333333333333
0.07460317460317456 0.08730158730158721 0.07539682539682532 0.0825396825396825 0.07936507936507932 0.1555555555555554 0.07460317460317456 0.16746031746031736 0.1269841269841269 0.07619047619047614
0.06618357487922713 0.11835748792270535 0.09420289855072474 0.08212560386473441 0.10434782608695656 0.09178743961352664 0.05169082125603873 0.056521739130434887 0.11207729468599036 0.22270531400966184
0.07422222222222227 0.07422222222222227 0.07155555555555561 0.0715555555555556 0.06222222222222227 0.14844444444444432 0.054666666666666704 0.21377777777777768 0.15644444444444436 0.07288888888888893
0.1486772486772485 0.08730158730158721 0.09153439153439144 0.21005291005290985 0.10846560846560839 0.07089947089947082 0.06931216931216921 0.050793650793650724 0.10052910052910041 0.06243386243386234
0.10074074074074071 0.10222222222222223 0.08592592592592586 0.077037037037037 0.18592592592592577 0.07481481481481482 0.07629629629629628 0.06962962962962961 0.08222222222222221 0.1451851851851851
0.09126984126984122 0.09841269841269831 0.09999999999999994 0.09920634920634913 0.09682539682539677 0.10634920634920629 0.08015873015873011 0.07380952380952376 0.10238095238095234 0.15158730158730147
0.08421052631578942 0.13508771929824556 0.1970760233918128 0.07485380116959062 0.07309941520467829 0.09181286549707601 0.06257309941520463 0.06374269005847952 0.08011695906432749 0.13742690058479523
0.10486111111111111 0.10277777777777777 0.09166666666666666 0.10347222222222222 0.09722222222222222 0.10625 0.10555555555555556 0.08402777777777778 0.11180555555555556 0.09236111111111112
0.09555555555555555 0.1318518518518518 0.10592592592592581 0.08148148148148149 0.1022222222222222 0.08962962962962959 0.08 0.0837037037037037 0.11481481481481479 0.11481481481481474
0.08359788359788353 0.09365079365079355 0.16402116402116385 0.09629629629629623 0.0835978835978835 0.12592592592592575 0.07248677248677239 0.0703703703703703 0.1164021164021163 0.09365079365079357
0.08434343434343448 0.16767676767676784 0.11818181818181826 0.0707070707070708 0.07020202020202027 0.12020202020202027 0.06111111111111115 0.0560606060606061 0.11767676767676774 0.13383838383838392
0.061965811965811926 0.1188034188034187 0.17606837606837597 0.0636752136752136 0.0615384615384615 0.06666666666666661 0.04999999999999997 0.04999999999999997 0.08376068376068369 0.26752136752136746
0.12679738562091483 0.09346405228758152 0.10784313725490181 0.09084967320261425 0.0836601307189541 0.1385620915032678 0.07450980392156847 0.06732026143790835 0.14117647058823504 0.07581699346405214
0.09043209876543207 0.10401234567901237 0.09938271604938266 0.06728395061728389 0.14413580246913585 0.15370370370370368 0.062345679012345605 0.03888888888888883 0.13240740740740747 0.10740740740740742
0.08263888888888889 0.08819444444444445 0.09236111111111112 0.09236111111111112 0.0763888888888889 0.09513888888888888 0.18263888888888888 0.1 0.09722222222222222 0.09305555555555556
0.07542087542087537 0.12121212121212124 0.257912457912458 0.0747474747474747 0.06868686868686864 0.07912457912457907 0.06262626262626259 0.04781144781144778 0.09191919191919187 0.12053872053872058
0.05748792270531411 0.06038647342995179 0.0753623188405798 0.1314009661835749 0.05603864734299527 0.09661835748792276 0.05072463768115952 0.30338164251207733 0.1115942028985507 0.05700483091787447
0.08205128205128195 0.1376068376068375 0.11880341880341866 0.09572649572649566 0.09914529914529908 0.1034188034188033 0.08803418803418796 0.0837606837606837 0.09829059829059822 0.09316239316239305
0.11527777777777778 0.1217592592592592 0.14398148148148146 0.1023148148148148 0.07129629629629632 0.08472222222222225 0.06759259259259259 0.06898148148148156 0.10833333333333331 0.11574074074074076
0.0790123456790122 0.1117283950617283 0.10987654320987641 0.07901234567901222 0.08024691358024681 0.13333333333333322 0.0679012345679011 0.07160493827160483 0.1166666666666665 0.15061728395061708
0.08627450980392141 0.16339869281045735 0.1535947712418299 0.09150326797385608 0.08431372549019593 0.09411764705882338 0.07843137254901947 0.07777777777777763 0.09019607843137242 0.08039215686274495
0.10105820105820101 0.10846560846560836 0.1439153439153438 0.11322751322751314 0.14391534391534377 0.10052910052910047 0.059259259259259185 0.0576719576719576 0.10687830687830678 0.065079365079365
0.0811447811447811 0.06397306397306393 0.05925925925925922 0.0599326599326599 0.32727272727272727 0.11212121212121216 0.049831649831649796 0.09158249158249154 0.09932659932659935 0.05555555555555552
0.08492063492063485 0.13968253968253957 0.13571428571428554 0.09444444444444439 0.08333333333333329 0.0873015873015873 0.09285714285714286 0.08492063492063487 0.08730158730158726 0.1095238095238095
0.06944444444444445 0.1 0.08541666666666667 0.0763888888888889 0.16597222222222222 0.15069444444444444 0.06319444444444444 0.07083333333333333 0.11805555555555555 0.1
0.17948717948717924 0.08205128205128198 0.08717948717948708 0.08632478632478625 0.0829059829059828 0.08461538461538455 0.08290598290598279 0.13931623931623918 0.0837606837606837 0.09145299145299138
0.1095238095238095 0.07619047619047613 0.07777777777777772 0.11587301587301584 0.1261904761904761 0.1015873015873015 0.10873015873015873 0.0865079365079365 0.1198412698412698 0.07777777777777775
0.07863247863247858 0.07692307692307684 0.07863247863247855 0.07948717948717941 0.07692307692307684 0.0794871794871794 0.07692307692307684 0.29743589743589716 0.07863247863247855 0.07692307692307684
0.08086419753086407 0.14506172839506154 0.10925925925925911 0.0858024691358023 0.11728395061728383 0.09259259259259248 0.06604938271604925 0.06419753086419742 0.11913580246913567 0.11975308641975299
0.12222222222222218 0.07851851851851847 0.08296296296296297 0.08814814814814811 0.13111111111111107 0.0962962962962963 0.0896296296296296 0.13999999999999993 0.09037037037037036 0.08074074074074074
0.08968253968253966 0.09841269841269838 0.10952380952380945 0.09999999999999996 0.11031746031746022 0.1071428571428571 0.09047619047619045 0.08968253968253961 0.10793650793650784 0.09682539682539681
0.07222222222222219 0.08492063492063484 0.07301587301587298 0.07698412698412693 0.07698412698412695 0.12301587301587295 0.07539682539682535 0.2444444444444443 0.09920634920634919 0.07380952380952377
0.08296296296296296 0.09777777777777771 0.09037037037037036 0.0925925925925926 0.0940740740740741 0.11999999999999993 0.14074074074074067 0.07111111111111107 0.11851851851851854 0.09185185185185184
0.10793650793650791 0.12619047619047613 0.11904761904761896 0.1277777777777777 0.08015873015873008 0.08412698412698408 0.07698412698412692 0.07936507936507932 0.1087301587301586 0.08968253968253964
0.08981481481481471 0.08981481481481474 0.10925925925925922 0.10740740740740737 0.0962962962962963 0.10925925925925932 0.09629629629629625 0.08888888888888881 0.12685185185185205 0.086111111111111
0.08376068376068369 0.10683760683760678 0.09145299145299135 0.08119658119658113 0.0829059829059828 0.08376068376068366 0.07948717948717943 0.0794871794871794 0.09572649572649564 0.21538461538461517
0.0793650793650793 0.07380952380952377 0.08571428571428567 0.0841269841269841 0.07698412698412696 0.08412698412698408 0.07539682539682535 0.2825396825396825 0.07936507936507929 0.07857142857142856
0.07703703703703703 0.08296296296296292 0.10888888888888884 0.10296296296296294 0.07999999999999996 0.1525925925925925 0.07407407407407404 0.0748148148148148 0.1688888888888887 0.07777777777777779
0.09925925925925924 0.10814814814814813 0.10148148148148145 0.11259259259259252 0.09703703703703703 0.09333333333333334 0.08444444444444445 0.08740740740740738 0.11111111111111108 0.10518518518518515
0.07259259259259257 0.08222222222222221 0.07111111111111108 0.07185185185185183 0.06814814814814812 0.07481481481481479 0.06666666666666665 0.2562962962962962 0.07481481481481478 0.1614814814814813
0.08703703703703691 0.11666666666666649 0.10061728395061717 0.09012345679012333 0.07654320987654306 0.12962962962962948 0.07592592592592583 0.0648148148148147 0.1407407407407406 0.11790123456790107
0.09824561403508769 0.09415204678362571 0.11520467836257298 0.09473684210526309 0.08421052631578947 0.15789473684210525 0.06432748538011696 0.07192982456140347 0.1309941520467835 0.08830409356725143
0.062222222222222116 0.08777777777777766 0.07222222222222212 0.08444444444444439 0.07277777777777766 0.08888888888888882 0.0577777777777777 0.05555555555555547 0.086111111111111 0.3322222222222223
0.06280193236714984 0.1193236714975846 0.1536231884057971 0.24009661835748797 0.06038647342995177 0.07004830917874406 0.06231884057971023 0.06956521739130447 0.10144927536231887 0.06038647342995179
0.07777777777777778 0.0785185185185185 0.07777777777777775 0.1407407407407407 0.07259259259259256 0.08370370370370368 0.06666666666666665 0.21777777777777763 0.10814814814814806 0.07629629629629628
0.08235294117647043 0.07843137254901947 0.09934640522875804 0.12026143790849654 0.08562091503267959 0.08888888888888878 0.0679738562091502 0.0660130718954247 0.07973856209150311 0.23137254901960752
0.04801587301587299 0.07301587301587298 0.06666666666666658 0.05515873015873012 0.05158730158730155 0.05634920634920631 0.4825396825396825 0.04603174603174599 0.07301587301587295 0.04761904761904759
0.0759259259259258 0.07037037037037024 0.0950617283950616 0.0944444444444443 0.0722222222222221 0.08765432098765416 0.17777777777777753 0.16975308641975287 0.08518518518518509 0.0716049382716048
0.08496732026143776 0.11633986928104556 0.2267973856209148 0.08104575163398679 0.08888888888888873 0.08235294117647045 0.06339869281045737 0.06666666666666653 0.09738562091503253 0.09215686274509789
0.09037037037037036 0.07925925925925925 0.07851851851851849 0.08518518518518518 0.07851851851851847 0.08814814814814811 0.2644444444444442 0.07481481481481478 0.08370370370370367 0.07703703703703706
0.04861111111111111 0.05555555555555555 0.050694444444444445 0.052083333333333336 0.05 0.05416666666666667 0.044097222222222225 0.040625 0.06180555555555556 0.5423611111111111
0.19094650205761315 0.07037037037037044 0.07325102880658438 0.0526748971193416 0.11481481481481484 0.06090534979423875 0.07613168724279842 0.04650205761316877 0.06502057613168731 0.2493827160493829
0.08492063492063487 0.08015873015873012 0.09047619047619045 0.18968253968253973 0.0825396825396825 0.09206349206349203 0.07857142857142851 0.07777777777777775 0.14523809523809506 0.07857142857142851
0.2460317460317458 0.08571428571428567 0.08148148148148139 0.06984126984126975 0.08888888888888882 0.07671957671957662 0.05449735449735442 0.15714285714285697 0.07460317460317453 0.065079365079365
0.08412698412698406 0.12460317460317448 0.1746031746031744 0.08095238095238094 0.0817460317460317 0.08015873015873012 0.08809523809523803 0.07619047619047613 0.0904761904761904 0.11904761904761905
0.09753086419753071 0.13148148148148134 0.13765432098765412 0.09691358024691343 0.07469135802469122 0.0950617283950616 0.07901234567901225 0.07839506172839492 0.11296296296296288 0.09629629629629613
0.12685185185185185 0.06296296296296301 0.12222222222222222 0.07407407407407415 0.09629629629629631 0.07453703703703703 0.2550925925925926 0.05370370370370369 0.07083333333333336 0.06342592592592597
0.07666666666666658 0.11888888888888895 0.09555555555555552 0.09777777777777774 0.08222222222222214 0.14333333333333328 0.06666666666666655 0.07277777777777766 0.11111111111111105 0.13500000000000004
0.07485380116959055 0.18128654970760233 0.16374269005847936 0.07485380116959066 0.09181286549707594 0.0947368421052631 0.08011695906432745 0.06666666666666665 0.08888888888888882 0.08304093567251458
0.11185185185185186 0.13111111111111104 0.17925925925925915 0.07999999999999999 0.09555555555555553 0.08148148148148145 0.07185185185185185 0.07333333333333333 0.08814814814814816 0.0874074074074074
0.08015873015873012 0.08095238095238089 0.07936507936507933 0.0928571428571428 0.08095238095238089 0.09523809523809519 0.07380952380952374 0.23174603174603187 0.10238095238095239 0.08253968253968247
0.07380952380952374 0.07619047619047614 0.0801587301587301 0.12619047619047613 0.07777777777777771 0.1055555555555555 0.1373015873015872 0.14920634920634906 0.09841269841269829 0.07539682539682534
0.08833333333333325 0.11944444444444448 0.2849999999999999 0.06444444444444435 0.06222222222222213 0.08222222222222215 0.08222222222222213 0.057222222222222126 0.08999999999999991 0.0688888888888888
0.07111111111111111 0.07703703703703704 0.07851851851851852 0.13925925925925917 0.07481481481481482 0.1125925925925925 0.07925925925925928 0.18888888888888877 0.09703703703703703 0.08148148148148146
0.07857142857142851 0.18650793650793643 0.11428571428571413 0.07698412698412693 0.07777777777777775 0.08412698412698409 0.09523809523809519 0.07380952380952374 0.09365079365079364 0.11904761904761894
0.07142857142857138 0.07222222222222217 0.07539682539682535 0.07698412698412695 0.07222222222222216 0.09047619047619035 0.07142857142857138 0.3174603174603176 0.08015873015873011 0.07222222222222219
0.07222222222222222 0.08055555555555556 0.07430555555555556 0.07847222222222222 0.07291666666666667 0.07777777777777778 0.32569444444444445 0.07430555555555556 0.07361111111111111 0.07013888888888889
0.10416666666666667 0.07847222222222222 0.08263888888888889 0.1125 0.13055555555555556 0.08055555555555556 0.07708333333333334 0.13472222222222222 0.08263888888888889 0.11666666666666667
0.10416666666666667 0.09375 0.09236111111111112 0.08680555555555555 0.09930555555555555 0.1326388888888889 0.08680555555555555 0.08333333333333333 0.11180555555555556 0.10902777777777778
0.09673202614379069 0.07124183006535931 0.06862745098039202 0.0679738562091502 0.10261437908496718 0.07516339869281032 0.30065359477124143 0.06928104575163385 0.08169934640522862 0.0660130718954247
0.0674897119341564 0.194238683127572 0.1555555555555555 0.0864197530864198 0.06913580246913587 0.12633744855967072 0.05720164609053505 0.0633744855967079 0.10123456790123458 0.0790123456790124
0.09351851851851846 0.10185185185185183 0.10370370370370367 0.10833333333333331 0.10277777777777773 0.1046296296296296 0.09166666666666656 0.09351851851851847 0.09999999999999994 0.09999999999999996
0.06491228070175437 0.0789473684210526 0.07134502923976603 0.06666666666666665 0.06666666666666664 0.06842105263157892 0.3450292397660817 0.06666666666666662 0.08479532163742684 0.08654970760233917
0.06333333333333326 0.22166666666666665 0.18777777777777785 0.06388888888888877 0.091111111111111 0.0838888888888888 0.0677777777777777 0.06611111111111101 0.08555555555555548 0.0688888888888888
0.0722222222222221 0.06543209876543199 0.09629629629629617 0.06358024691358014 0.0679012345679011 0.07839506172839493 0.06358024691358012 0.22345679012345668 0.06666666666666655 0.202469135802469
0.07251461988304088 0.0690058479532163 0.07602339181286548 0.08070175438596491 0.06959064327485377 0.07309941520467832 0.3380116959064327 0.05964912280701752 0.09941520467836251 0.061988304093567224
0.08541666666666667 0.11180555555555556 0.08541666666666667 0.08819444444444445 0.08819444444444445 0.15555555555555556 0.07847222222222222 0.08611111111111111 0.1423611111111111 0.07847222222222222
0.0900584795321637 0.10643274853801163 0.09064327485380112 0.11988304093567241 0.115204678362573 0.12163742690058466 0.07426900584795314 0.06900584795321632 0.11812865497076015 0.09473684210526313
0.0646464646464647 0.06919191919191926 0.11060606060606065 0.10505050505050512 0.06919191919191926 0.11767676767676769 0.05202020202020205 0.20959595959595959 0.11262626262626269 0.08939393939393948
0.05511111111111115 0.06000000000000003 0.0835555555555556 0.1915555555555556 0.056444444444444485 0.0915555555555556 0.047111111111111145 0.2275555555555553 0.1297777777777774 0.05733333333333336
0.1703703703703702 0.11759259259259258 0.11388888888888894 0.08796296296296284 0.08333333333333323 0.08703703703703691 0.08333333333333323 0.08425925925925914 0.08796296296296285 0.08425925925925914
0.3201550387596899 0.08423772609819129 0.08242894056847552 0.040310077519379886 0.03850129198966413 0.05012919896640832 0.03178294573643414 0.1428940568475454 0.04857881136950909 0.16098191214470303
0.07516339869281034 0.09411764705882335 0.08431372549019595 0.08039215686274497 0.08888888888888874 0.11633986928104557 0.07777777777777763 0.07908496732026131 0.11830065359477107 0.18562091503267952
0.10962962962962955 0.09407407407407403 0.1925925925925925 0.08222222222222214 0.09111111111111106 0.08666666666666664 0.07777777777777778 0.07037037037037036 0.0948148148148148 0.1007407407407407
0.08650793650793646 0.0912698412698412 0.12301587301587295 0.09920634920634915 0.10793650793650789 0.10158730158730155 0.09999999999999996 0.08888888888888884 0.0944444444444444 0.10714285714285708
0.07836257309941518 0.14035087719298234 0.14035087719298234 0.1380116959064326 0.07660818713450288 0.08771929824561399 0.09415204678362568 0.07017543859649121 0.09122807017543855 0.0830409356725146
0.09710144927536238 0.10289855072463769 0.10386473429951691 0.06666666666666679 0.06570048309178753 0.0898550724637682 0.05120772946859911 0.144927536231884 0.08502415458937206 0.19275362318840586
0.10483091787439619 0.08888888888888899 0.0787439613526571 0.09613526570048313 0.05362318840579717 0.08405797101449287 0.04637681159420297 0.2444444444444443 0.09178743961352664 0.11111111111111115
0.07539682539682535 0.07222222222222217 0.07460317460317455 0.1063492063492063 0.07619047619047616 0.08968253968253961 0.07142857142857138 0.27301587301587293 0.0888888888888888 0.07222222222222219
0.13675213675213665 0.08547008547008539 0.09145299145299135 0.0854700854700854 0.1316239316239315 0.08632478632478627 0.08290598290598282 0.0794871794871794 0.09145299145299142 0.1290598290598289
0.11045751633986911 0.11176470588235278 0.12287581699346387 0.09934640522875797 0.1006535947712417 0.0967320261437907 0.07777777777777763 0.08039215686274497 0.10392156862745083 0.09607843137254886
0.16944444444444426 0.08425925925925913 0.08518518518518506 0.13148148148148142 0.08611111111111101 0.08796296296296285 0.08333333333333323 0.086111111111111 0.10092592592592585 0.08518518518518509
0.08624338624338615 0.11269841269841263 0.2423280423280421 0.08941798941798934 0.07195767195767187 0.08518518518518509 0.061904761904761824 0.06349206349206342 0.0904761904761904 0.09629629629629619
0.3630630630630631 0.0846846846846847 0.09369369369369368 0.04444444444444447 0.0567567567567568 0.0630630630630631 0.03543543543543548 0.16216216216216212 0.05405405405405407 0.04264264264264267
0.1148148148148148 0.11203703703703713 0.09814814814814814 0.10185185185185185 0.08981481481481472 0.10370370370370371 0.09351851851851846 0.08796296296296284 0.10648148148148143 0.09166666666666655
0.0875816993464051 0.08300653594771228 0.08954248366013058 0.08692810457516323 0.08235294117647045 0.11830065359477106 0.07450980392156849 0.19803921568627428 0.09346405228758155 0.08627450980392141
0.39057239057239085 0.059932659932659886 0.05555555555555552 0.07441077441077436 0.0646464646464646 0.07508417508417503 0.03703703703703701 0.07272727272727268 0.0858585858585858 0.08417508417508412
0.41545893719806753 0.05458937198067641 0.04830917874396143 0.04879227053140105 0.06425120772946871 0.05314009661835758 0.16376811594202906 0.04782608695652181 0.052173913043478355 0.05169082125603874
0.1136752136752136 0.11794871794871782 0.09743589743589734 0.09487179487179483 0.09914529914529904 0.09316239316239311 0.08888888888888882 0.08803418803418792 0.10341880341880333 0.10341880341880334
0.0856209150326796 0.14379084967320246 0.1601307189542482 0.07777777777777763 0.07973856209150311 0.09346405228758155 0.08431372549019593 0.07647058823529397 0.09607843137254887 0.10261437908496718
0.07698412698412693 0.08730158730158724 0.08333333333333329 0.08015873015873008 0.08412698412698413 0.09444444444444439 0.2507936507936508 0.0801587301587301 0.08174603174603168 0.0809523809523809
0.11794871794871782 0.08547008547008539 0.09230769230769223 0.08461538461538452 0.13418803418803407 0.08888888888888882 0.146153846153846 0.07692307692307684 0.08803418803418797 0.08547008547008537
0.12388888888888881 0.0849999999999999 0.08111111111111104 0.10222222222222221 0.06555555555555544 0.12666666666666668 0.17222222222222217 0.062222222222222116 0.10499999999999997 0.07611111111111103
0.40193236714975844 0.05169082125603874 0.0507246376811595 0.0579710144927537 0.06280193236714984 0.05507246376811604 0.15507246376811598 0.05507246376811604 0.056521739130434845 0.053140096618357564
0.07309941520467833 0.13450292397660804 0.0923976608187134 0.08304093567251457 0.07251461988304088 0.13333333333333325 0.06842105263157895 0.11578947368421048 0.1064327485380116 0.12046783625730989
0.25992063492063483 0.07896825396825391 0.1095238095238096 0.20992063492063495 0.05436507936507932 0.0579365079365079 0.04841269841269838 0.04285714285714284 0.08690476190476182 0.05119047619047617
0.3759259259259258 0.07777777777777765 0.1104938271604937 0.05740740740740729 0.0790123456790122 0.06234567901234558 0.0574074074074073 0.05679012345679001 0.06049382716049371 0.062345679012345556
0.09090909090909087 0.09191919191919189 0.09090909090909087 0.09191919191919189 0.09191919191919189 0.0939393939393939 0.17373737373737363 0.09090909090909087 0.0929292929292929 0.09090909090909087
0.43450292397660806 0.08187134502923975 0.06900584795321636 0.05380116959064327 0.06140350877192979 0.05555555555555555 0.05497076023391812 0.052631578947368425 0.05555555555555555 0.08070175438596494
0.09365079365079361 0.10158730158730155 0.1063492063492063 0.09603174603174602 0.10079365079365071 0.11349206349206338 0.08809523809523806 0.08809523809523803 0.11825396825396817 0.09365079365079361
0.09523809523809512 0.09047619047619039 0.11587301587301574 0.07037037037037029 0.07037037037037028 0.09206349206349196 0.12328042328042321 0.18306878306878283 0.08783068783068776 0.07142857142857136
0.06111111111111104 0.07999999999999988 0.06833333333333323 0.06444444444444432 0.06499999999999992 0.12166666666666671 0.10499999999999991 0.2755555555555558 0.09611111111111105 0.0627777777777777
0.08481481481481482 0.07185185185185178 0.06999999999999995 0.11703703703703695 0.10296296296296294 0.0948148148148148 0.20111111111111102 0.07296296296296292 0.12037037037037028 0.06407407407407405
0.08717948717948709 0.09145299145299138 0.08803418803418797 0.09658119658119652 0.0837606837606837 0.09658119658119652 0.18290598290598264 0.09145299145299138 0.08974358974358965 0.09230769230769226
0.09316239316239312 0.12735042735042723 0.1444444444444443 0.09145299145299136 0.09145299145299136 0.09316239316239311 0.08632478632478624 0.08632478632478627 0.09230769230769227 0.09401709401709392
0.13450292397660807 0.10058479532163735 0.17076023391812864 0.07426900584795318 0.1134502923976607 0.09766081871345027 0.0736842105263158 0.06725146198830403 0.09415204678362567 0.07368421052631571
0.0777777777777777 0.07692307692307684 0.0777777777777777 0.08376068376068369 0.07863247863247858 0.07777777777777771 0.07777777777777771 0.29316239316239284 0.07692307692307684 0.07948717948717943
0.09444444444444436 0.09351851851851843 0.09444444444444436 0.0888888888888888 0.08796296296296287 0.09537037037037031 0.08703703703703694 0.17685185185185165 0.09351851851851847 0.08796296296296287
0.0928571428571428 0.08253968253968251 0.08650793650793646 0.08492063492063488 0.07857142857142851 0.07857142857142854 0.2492063492063491 0.07619047619047614 0.08333333333333327 0.08730158730158724
0.08962962962962963 0.1066666666666666 0.11037037037037033 0.09333333333333332 0.0918518518518518 0.1303703703703704 0.08296296296296293 0.08148148148148149 0.11185185185185179 0.10148148148148149
0.0953703703703703 0.08888888888888881 0.09074074074074065 0.08981481481481471 0.08703703703703694 0.09537037037037031 0.1787037037037035 0.08888888888888878 0.09351851851851846 0.09166666666666656
0.28133333333333316 0.055555555555555594 0.04755555555555559 0.08311111111111116 0.08266666666666674 0.062222222222222255 0.056444444444444485 0.12044444444444437 0.06088888888888892 0.14977777777777765
0.2949494949494949 0.08535353535353538 0.07020202020202031 0.08333333333333337 0.06616161616161623 0.052525252525252565 0.13232323232323248 0.052525252525252544 0.0565656565656566 0.10606060606060613
0.0916666666666666 0.09351851851851846 0.09166666666666659 0.09074074074074065 0.0944444444444444 0.09999999999999998 0.08981481481481471 0.16203703703703687 0.09444444444444434 0.09166666666666656
0.0954545454545455 0.05505050505050508 0.0873737373737374 0.06111111111111115 0.10353535353535359 0.07979797979797987 0.3116161616161615 0.05303030303030304 0.09494949494949506 0.0580808080808081
0.08194444444444444 0.17708333333333334 0.14930555555555555 0.07083333333333333 0.07847222222222222 0.0798611111111111 0.06944444444444445 0.07083333333333333 0.08541666666666667 0.13680555555555557
0.09074074074074065 0.0888888888888888 0.11388888888888887 0.10370370370370369 0.09814814814814815 0.10740740740740747 0.09907407407407402 0.08981481481481471 0.12037037037037056 0.08796296296296285
0.07698412698412693 0.08650793650793648 0.08412698412698405 0.08253968253968247 0.08174603174603169 0.07936507936507932 0.2682539682539682 0.07857142857142853 0.0849206349206349 0.0769841269841269
0.10694444444444444 0.10347222222222222 0.12708333333333333 0.11527777777777778 0.0875 0.09236111111111112 0.08888888888888889 0.08125 0.10625 0.09097222222222222
0.08412698412698406 0.10793650793650783 0.12222222222222215 0.10158730158730152 0.08492063492063488 0.11746031746031738 0.0817460317460317 0.07698412698412697 0.11190476190476188 0.11111111111111104
0.09743589743589731 0.10512820512820509 0.09487179487179477 0.10170940170940164 0.09487179487179481 0.11794871794871782 0.09658119658119652 0.08803418803418797 0.10256410256410248 0.10085470085470075
0.08632478632478623 0.08205128205128198 0.08290598290598282 0.09059829059829053 0.08376068376068371 0.10085470085470075 0.08119658119658113 0.22478632478632438 0.08547008547008539 0.08205128205128195
0.0669934640522875 0.06633986928104565 0.07124183006535939 0.06307189542483653 0.12483660130718939 0.08333333333333323 0.11111111111111097 0.2722222222222222 0.08986928104575155 0.050980392156862675
0.06577777777777781 0.12933333333333322 0.31466666666666654 0.0755555555555556 0.06088888888888892 0.0626666666666667 0.05422222222222226 0.05288888888888892 0.08133333333333338 0.10266666666666668
0.06977777777777783 0.07288888888888893 0.06622222222222227 0.0675555555555556 0.06622222222222227 0.13644444444444434 0.17733333333333323 0.16755555555555549 0.11022222222222217 0.06577777777777782
0.11736111111111111 0.07847222222222222 0.07847222222222222 0.07152777777777777 0.2659722222222222 0.07569444444444444 0.07430555555555556 0.07430555555555556 0.08611111111111111 0.07777777777777778
0.08888888888888874 0.07345679012345667 0.07407407407407393 0.0685185185185184 0.12592592592592577 0.07654320987654309 0.062345679012345556 0.24691358024691346 0.07777777777777765 0.1055555555555554
0.0970760233918128 0.10409356725146196 0.09824561403508765 0.06491228070175434 0.26900584795321636 0.0730994152046783 0.061988304093567245 0.06023391812865492 0.07485380116959063 0.09649122807017539
0.07692307692307684 0.0777777777777777 0.07692307692307684 0.08119658119658112 0.0777777777777777 0.09743589743589728 0.07692307692307684 0.2769230769230767 0.08034188034188026 0.07777777777777771
0.08376068376068369 0.15299145299145292 0.13589743589743575 0.08119658119658112 0.08034188034188025 0.07948717948717941 0.07692307692307684 0.0777777777777777 0.08632478632478624 0.14529914529914514
0.08235294117647043 0.07973856209150312 0.08692810457516327 0.08039215686274497 0.09150326797385606 0.08954248366013055 0.1777777777777776 0.12941176470588217 0.09673202614379073 0.0856209150326796
0.09803921568627436 0.09542483660130703 0.14771241830065343 0.09477124183006522 0.0967320261437907 0.10915032679738547 0.0836601307189541 0.07647058823529397 0.10261437908496718 0.095424836601307
0.11333333333333333 0.12518518518518518 0.10074074074074067 0.08296296296296296 0.157037037037037 0.08074074074074074 0.07629629629629626 0.08074074074074071 0.08592592592592593 0.09703703703703699
0.1029239766081871 0.0888888888888888 0.10701754385964911 0.06959064327485372 0.09707602339181284 0.10643274853801168 0.19532163742690065 0.0596491228070175 0.10175438596491228 0.07134502923976603
0.10092592592592589 0.09999999999999994 0.1046296296296296 0.10925925925925926 0.0981481481481481 0.09629629629629627 0.09351851851851846 0.09166666666666656 0.10370370370370371 0.10185185185185183
0.06876876876876878 0.12162162162162161 0.10960960960960961 0.12132132132132131 0.09129129129129131 0.12012012012012009 0.06516516516516523 0.08528528528528527 0.14174174174174167 0.0750750750750751
0.11984126984126973 0.12936507936507927 0.11190476190476183 0.08888888888888882 0.08412698412698408 0.09603174603174601 0.07380952380952376 0.07301587301587295 0.10079365079365073 0.12222222222222216
0.09583333333333334 0.08541666666666667 0.11944444444444445 0.09513888888888888 0.08472222222222223 0.09652777777777778 0.07777777777777778 0.07291666666666667 0.10972222222222222 0.1625
0.10994152046783615 0.07602339181286545 0.1251461988304094 0.08888888888888886 0.2228070175438597 0.08947368421052629 0.0637426900584795 0.06842105263157891 0.08479532163742684 0.07076023391812865
0.10085470085470082 0.09487179487179476 0.08974358974358965 0.08632478632478624 0.08547008547008542 0.09999999999999994 0.1606837606837605 0.08119658119658113 0.09401709401709397 0.10683760683760678
0.1006535947712417 0.07385620915032666 0.076470588235294 0.08039215686274494 0.24901960784313684 0.08300653594771228 0.0633986928104574 0.10392156862745076 0.09477124183006522 0.07450980392156852
0.08169934640522863 0.11895424836601293 0.09607843137254886 0.07516339869281032 0.06928104575163385 0.072549019607843 0.07124183006535935 0.06666666666666653 0.07385620915032666 0.27450980392156826
0.07124183006535935 0.07124183006535935 0.06405228758169922 0.07189542483660118 0.12026143790849649 0.0751633986928103 0.11241830065359455 0.26993464052287547 0.07581699346405214 0.0679738562091502
0.10277777777777773 0.10222222222222217 0.07722222222222211 0.07777777777777768 0.20444444444444435 0.06666666666666658 0.10166666666666656 0.10555555555555547 0.06722222222222211 0.09444444444444434
0.08819444444444445 0.14097222222222222 0.09375 0.06458333333333334 0.23055555555555557 0.07013888888888889 0.0625 0.06597222222222222 0.07361111111111111 0.10972222222222222
0.0829059829059828 0.08205128205128198 0.0854700854700854 0.08888888888888884 0.0811965811965811 0.08632478632478627 0.07948717948717943 0.24957264957264919 0.08376068376068367 0.08034188034188028
0.08703703703703693 0.08518518518518507 0.08796296296296284 0.16111111111111107 0.086111111111111 0.10277777777777776 0.08703703703703694 0.086111111111111 0.12592592592592602 0.09074074074074064
0.08376068376068369 0.11794871794871785 0.11282051282051271 0.10085470085470075 0.08461538461538454 0.09401709401709392 0.08632478632478625 0.08205128205128197 0.09401709401709393 0.14358974358974347
0.08930041152263378 0.07407407407407415 0.07613168724279842 0.068724279835391 0.09094650205761316 0.08353909465020581 0.1794238683127572 0.14403292181069954 0.0781893004115227 0.11563786008230452
0.06842105263157895 0.07251461988304088 0.07368421052631574 0.06783625730994151 0.06783625730994144 0.07719298245614034 0.32690058479532147 0.061403508771929786 0.075438596491228 0.10877192982456131
0.0817460317460317 0.07777777777777772 0.07936507936507932 0.1095238095238095 0.08333333333333327 0.09841269841269834 0.15873015873015858 0.13174603174603167 0.09841269841269831 0.08095238095238091
0.09703703703703706 0.07037037037037035 0.07111111111111107 0.13777777777777772 0.11259259259259259 0.09037037037037031 0.07111111111111108 0.2029629629629628 0.07777777777777771 0.06888888888888887
0.09848484848484854 0.14444444444444454 0.18181818181818185 0.08030303030303039 0.07171717171717178 0.09191919191919198 0.06666666666666671 0.06565656565656573 0.08636363636363649 0.11262626262626269
0.07777777777777765 0.07385620915032669 0.07385620915032665 0.22745098039215653 0.06928104575163384 0.09803921568627431 0.06666666666666653 0.17581699346405213 0.07450980392156852 0.06274509803921557
0.06725146198830405 0.09590643274853797 0.08596491228070173 0.07485380116959063 0.1479532163742688 0.13918128654970754 0.14619883040935652 0.0614035087719298 0.11169590643274847 0.06959064327485376
0.1 0.08333333333333333 0.11319444444444444 0.07569444444444444 0.07222222222222222 0.08263888888888889 0.24305555555555555 0.06805555555555555 0.08680555555555555 0.075
0.09861111111111111 0.09861111111111111 0.09375 0.12916666666666668 0.13402777777777777 0.09027777777777778 0.09236111111111112 0.07777777777777778 0.10347222222222222 0.08194444444444444
0.06962962962962962 0.0696296296296296 0.07333333333333333 0.07407407407407406 0.06814814814814814 0.07185185185185185 0.36148148148148096 0.0696296296296296 0.07481481481481476 0.06740740740740739
0.13939393939393946 0.11363636363636369 0.1343434343434344 0.08585858585858593 0.07171717171717178 0.08636363636363643 0.1313131313131314 0.06616161616161624 0.0964646464646465 0.07474747474747485
0.0763888888888889 0.07291666666666667 0.07083333333333333 0.10972222222222222 0.07777777777777778 0.08888888888888889 0.2652777777777778 0.09027777777777778 0.07569444444444444 0.07222222222222222
0.09607843137254887 0.0921568627450979 0.07581699346405214 0.07450980392156849 0.12287581699346385 0.09084967320261424 0.06862745098039202 0.21372549019607812 0.07843137254901948 0.08692810457516328
0.09743589743589734 0.0897435897435897 0.14871794871794863 0.10341880341880334 0.08974358974358965 0.10085470085470082 0.08547008547008542 0.08119658119658113 0.117094017094017 0.08632478632478624
0.13790849673202596 0.07189542483660115 0.07647058823529397 0.09019607843137241 0.12091503267973841 0.09150326797385606 0.06535947712418286 0.15620915032679716 0.09803921568627438 0.09150326797385608
0.10811965811965797 0.06495726495726488 0.0679487179487179 0.047435897435897385 0.19316239316239295 0.06196581196581189 0.21068376068376057 0.11880341880341866 0.05940170940170933 0.06752136752136745
0.08740740740740735 0.07333333333333333 0.10592592592592597 0.0785185185185185 0.0755555555555555 0.07481481481481479 0.2762962962962961 0.07407407407407406 0.077037037037037 0.07703703703703701
0.08680555555555555 0.10069444444444445 0.08958333333333333 0.11527777777777778 0.16666666666666666 0.09305555555555556 0.08402777777777778 0.08472222222222223 0.09652777777777778 0.08263888888888889
0.08641975308641964 0.07037037037037025 0.06358024691358014 0.07037037037037022 0.3623456790123455 0.07777777777777768 0.05925925925925915 0.05864197530864187 0.08456790123456775 0.06666666666666655
0.07863247863247855 0.07692307692307684 0.0777777777777777 0.07777777777777771 0.07692307692307684 0.08034188034188026 0.07692307692307684 0.2999999999999997 0.07692307692307684 0.0777777777777777
0.08958333333333333 0.07222222222222222 0.06875 0.13194444444444445 0.24722222222222223 0.0875 0.06458333333333334 0.06388888888888888 0.10069444444444445 0.07361111111111111
0.06581196581196573 0.07008547008547003 0.061965811965811926 0.07051282051282041 0.22307692307692295 0.06837606837606831 0.1440170940170938 0.1405982905982904 0.0773504273504273 0.07820512820512815
0.10264550264550255 0.07354497354497345 0.06455026455026448 0.0984126984126983 0.08624338624338615 0.08783068783068777 0.11587301587301575 0.20052910052910033 0.08201058201058194 0.08835978835978829
0.08290598290598283 0.08290598290598283 0.08376068376068367 0.09401709401709397 0.08034188034188026 0.08376068376068367 0.07863247863247858 0.24273504273504237 0.08717948717948712 0.08376068376068369
0.09646464646464654 0.09797979797979804 0.11414141414141421 0.07121212121212125 0.2712121212121211 0.07979797979797988 0.057070707070707126 0.06818181818181822 0.08181818181818191 0.06212121212121219
0.11785714285714287 0.0996031746031746 0.09246031746031744 0.06587301587301579 0.09642857142857138 0.09246031746031744 0.05119047619047619 0.05634920634920629 0.09404761904761898 0.23373015873015865
0.0877777777777777 0.07722222222222212 0.06777777777777771 0.15777777777777774 0.17388888888888884 0.1061111111111112 0.06833333333333323 0.08388888888888879 0.09944444444444442 0.07777777777777768
0.07516339869281032 0.07777777777777763 0.06993464052287568 0.07058823529411752 0.07843137254901947 0.11372549019607828 0.06928104575163384 0.2633986928104572 0.10522875816993449 0.07647058823529398
0.05362318840579719 0.07004830917874406 0.06956521739130443 0.07729468599033826 0.05700483091787447 0.07391304347826096 0.39613526570048313 0.06714975845410637 0.07439613526570056 0.0608695652173914
0.0717592592592593 0.07824074074074075 0.07546296296296298 0.2467592592592594 0.06666666666666668 0.07268518518518521 0.13148148148148148 0.08796296296296298 0.0851851851851852 0.0837962962962963
0.07444444444444438 0.08055555555555548 0.08444444444444439 0.11055555555555555 0.07277777777777766 0.14500000000000002 0.06388888888888879 0.185 0.10555555555555557 0.0777777777777777
0.07581699346405214 0.0640522875816992 0.06339869281045737 0.06405228758169922 0.40326797385620855 0.0679738562091502 0.06470588235294104 0.06209150326797373 0.06928104575163385 0.06535947712418289
0.09181286549707601 0.11578947368421044 0.07660818713450288 0.0660818713450292 0.10584795321637423 0.07543859649122804 0.06374269005847955 0.061403508771929786 0.08187134502923973 0.2614035087719298
0.06388888888888881 0.06444444444444436 0.06055555555555547 0.05999999999999991 0.059999999999999915 0.06999999999999991 0.41222222222222216 0.08166666666666657 0.06499999999999993 0.06222222222222214
0.08571428571428566 0.13888888888888878 0.11190476190476176 0.08730158730158726 0.09603174603174601 0.08809523809523809 0.09047619047619043 0.07777777777777774 0.08730158730158726 0.13650793650793638
0.09236111111111112 0.11736111111111111 0.14444444444444443 0.08611111111111111 0.14722222222222223 0.0875 0.07708333333333334 0.07361111111111111 0.08888888888888889 0.08541666666666667
0.07098765432098753 0.06296296296296285 0.06419753086419742 0.13456790123456774 0.0648148148148147 0.07777777777777768 0.3061728395061729 0.062345679012345556 0.09197530864197516 0.06419753086419742
0.09791666666666667 0.0875 0.11180555555555556 0.23680555555555555 0.07708333333333334 0.08194444444444444 0.07222222222222222 0.07569444444444444 0.08263888888888889 0.0763888888888889
0.0638888888888888 0.08222222222222215 0.06777777777777767 0.22555555555555548 0.06611111111111104 0.1066666666666667 0.06722222222222214 0.18611111111111112 0.06999999999999994 0.06444444444444436
0.0879365079365079 0.10476190476190471 0.0796825396825396 0.11777777777777766 0.07587301587301579 0.1123809523809523 0.19142857142857117 0.05999999999999994 0.10666666666666655 0.06349206349206342
