0.044444444444444495 0.039793281653746806 0.04211886304909565 0.037726098191214516 0.0369509043927649 0.039534883720930274 0.044702842377261034 0.03436692506459953 0.03927648578811374 0.04134366925064604 0.03126614987080107 0.042118863049095644 0.036692506459948364 0.04005167958656334 0.039018087855297194 0.0377260981912145 0.04056847545219642 0.04547803617571063 0.04082687338501296 0.04728682170542639 0.043410852713178336 0.044961240310077547 0.035917312661498745 0.03488372093023259 0.03953488372093028
0.03723723723723726 0.04204204204204205 0.04264264264264265 0.04534534534534537 0.04294294294294299 0.04264264264264266 0.03783783783783785 0.03573573573573577 0.038438438438438485 0.04234234234234239 0.035435435435435446 0.04414414414414418 0.036936936936936976 0.039339339339339384 0.03993993993993996 0.04324324324324329 0.038738738738738766 0.03873873873873878 0.039039039039039054 0.03963963963963966 0.04504504504504506 0.03783783783783787 0.03693693693693694 0.038738738738738794 0.039039039039039075
0.04313725490196071 0.04248366013071888 0.039215686274509734 0.03790849673202607 0.040196078431372476 0.038235294117646985 0.03790849673202608 0.038235294117647 0.041176470588235224 0.040196078431372476 0.031699346405228694 0.047058823529411695 0.04117647058823522 0.04150326797385614 0.03790849673202608 0.04019607843137248 0.045098039215686204 0.03660130718954242 0.03921568627450974 0.04248366013071888 0.037581699346405165 0.03954248366013065 0.039215686274509734 0.038235294117646985 0.043790849673202535
0.03703703703703698 0.042735042735042694 0.03903133903133898 0.036467236467236416 0.04102564102564097 0.04245014245014239 0.040455840455840414 0.035042735042734995 0.04586894586894583 0.0441595441595441 0.030484330484330434 0.045868945868945826 0.037321937321937275 0.04017094017094012 0.040170940170940125 0.042165242165242096 0.04102564102564098 0.04358974358974353 0.04444444444444441 0.034757834757834706 0.03988603988603983 0.04729344729344726 0.034757834757834706 0.03475783475783471 0.03903133903133899
0.04336917562724012 0.039784946236559114 0.04014336917562721 0.04050179211469531 0.04301075268817201 0.03763440860215051 0.03942652329749101 0.03835125448028671 0.042293906810035815 0.04265232974910391 0.035842293906810006 0.039784946236559114 0.04050179211469531 0.037275985663082406 0.04086021505376341 0.04193548387096771 0.04014336917562721 0.03906810035842291 0.03906810035842291 0.038351254480286714 0.03799283154121861 0.04157706093189961 0.03763440860215051 0.040860215053763416 0.04193548387096772
0.04942528735632182 0.04099616858237542 0.03831417624521069 0.038314176245210683 0.03984674329501911 0.04137931034482753 0.04061302681992334 0.04214559386973175 0.039463601532567 0.03793103448275858 0.03678160919540226 0.04214559386973175 0.038314176245210683 0.0386973180076628 0.04022988505747122 0.040996168582375446 0.03793103448275859 0.037931034482758585 0.03946360153256699 0.04329501915708806 0.03869731800766278 0.03908045977011492 0.03678160919540227 0.041379310344827544 0.03984674329501911
0.03713450292397656 0.04093567251461986 0.04327485380116957 0.035380116959064324 0.03859649122807015 0.03625730994152046 0.04210526315789472 0.03830409356725145 0.039766081871345005 0.04327485380116957 0.031578947368421054 0.0394736842105263 0.03801169590643272 0.036842105263157884 0.043567251461988296 0.040058479532163724 0.04269005847953213 0.042982456140350865 0.0415204678362573 0.042982456140350886 0.042690058479532146 0.03830409356725144 0.04502923976608187 0.03888888888888886 0.040350877192982415
0.0511111111111111 0.0447222222222222 0.03833333333333327 0.038055555555555516 0.03916666666666664 0.04138888888888884 0.04027777777777773 0.0419444444444444 0.04388888888888886 0.038611111111111054 0.03222222222222217 0.040833333333333284 0.03583333333333327 0.03888888888888885 0.04333333333333329 0.03666666666666662 0.03777777777777773 0.041944444444444416 0.03972222222222219 0.043611111111111066 0.0394444444444444 0.04138888888888886 0.03305555555555552 0.0380555555555555 0.039722222222222194
0.03672839506172834 0.04259259259259252 0.042901234567901174 0.037654320987654255 0.0407407407407407 0.03765432098765425 0.04074074074074068 0.034259259259259205 0.04043209876543205 0.04043209876543205 0.04166666666666661 0.041666666666666595 0.0438271604938271 0.04351851851851847 0.03703703703703697 0.04351851851851846 0.041666666666666616 0.041358024691357964 0.040740740740740675 0.0379629629629629 0.039506172839506096 0.036728395061728335 0.03487654320987648 0.035802469135802414 0.0459876543209876
0.037407407407407396 0.037037037037037035 0.04148148148148147 0.037777777777777764 0.03777777777777778 0.03962962962962962 0.037037037037037035 0.03851851851851851 0.04407407407407409 0.04037037037037037 0.04444444444444444 0.036666666666666674 0.04777777777777777 0.037777777777777764 0.0385185185185185 0.04074074074074072 0.04259259259259257 0.039259259259259265 0.03925925925925924 0.04074074074074075 0.04148148148148149 0.039629629629629626 0.03666666666666666 0.03851851851851851 0.044814814814814787
0.04022988505747121 0.03793103448275857 0.03984674329501911 0.039080459770114886 0.0390804597701149 0.0383141762452107 0.0390804597701149 0.042528735632183866 0.03754789272030648 0.04061302681992334 0.03946360153256702 0.03946360153256701 0.0390804597701149 0.04022988505747123 0.042528735632183866 0.04444444444444441 0.04022988505747123 0.03869731800766279 0.038314176245210683 0.041379310344827544 0.04137931034482753 0.041762452107279656 0.040229885057471236 0.03984674329501911 0.03869731800766279
0.037581699346405165 0.041830065359477066 0.04183006535947705 0.03562091503267967 0.03888888888888883 0.04084967320261431 0.038235294117647 0.03529411764705876 0.03692810457516334 0.044117647058823484 0.034640522875816926 0.03986928104575156 0.04052287581699338 0.04019607843137248 0.03758169934640517 0.044117647058823456 0.040849673202614296 0.04869281045751628 0.040522875816993396 0.038562091503267906 0.04215686274509797 0.043464052287581635 0.037908496732026085 0.0385620915032679 0.04117647058823523
0.040860215053763416 0.043727598566308215 0.04157706093189961 0.03906810035842291 0.03870967741935481 0.03978494623655911 0.03870967741935481 0.03870967741935481 0.03942652329749101 0.040860215053763416 0.03763440860215051 0.040860215053763416 0.03942652329749101 0.04157706093189961 0.04480286738351252 0.04372759856630821 0.03906810035842291 0.03906810035842291 0.03942652329749101 0.04014336917562721 0.04050179211469531 0.03655913978494621 0.03548387096774191 0.04050179211469531 0.03978494623655911
0.04148148148148148 0.038888888888888876 0.040370370370370355 0.039999999999999994 0.038148148148148146 0.03925925925925924 0.03999999999999999 0.03777777777777775 0.04185185185185187 0.03962962962962962 0.037777777777777764 0.04074074074074074 0.04074074074074072 0.03814814814814815 0.042222222222222223 0.03962962962962964 0.038888888888888876 0.03999999999999999 0.03925925925925926 0.03814814814814812 0.04407407407407407 0.04222222222222221 0.04185185185185185 0.038518518518518494 0.040370370370370355
0.03734567901234562 0.04135802469135797 0.04320987654320981 0.03858024691358018 0.04043209876543204 0.0364197530864197 0.04259259259259252 0.04197530864197525 0.037654320987654255 0.04444444444444439 0.035802469135802414 0.04382716049382711 0.03919753086419747 0.04197530864197526 0.039814814814814754 0.038888888888888834 0.040432098765432044 0.03888888888888883 0.03919753086419748 0.03703703703703697 0.03919753086419746 0.040123456790123385 0.03611111111111105 0.042283950617283884 0.04320987654320982
0.036336336336336386 0.04204204204204207 0.04234234234234236 0.04144144144144147 0.03783783783783787 0.042042042042042066 0.038138138138138156 0.037537537537537566 0.03903903903903908 0.039939939939939974 0.035135135135135144 0.04054054054054053 0.04234234234234238 0.041141141141141174 0.038138138138138156 0.03993993993993999 0.040840840840840865 0.040240240240240276 0.03783783783783788 0.040240240240240276 0.0453453453453454 0.03693693693693696 0.04084084084084087 0.04114114114114117 0.04264264264264267
0.03414634146341466 0.03550135501355016 0.04037940379403797 0.03495934959349596 0.039837398373983764 0.03739837398373986 0.04254742547425477 0.03631436314363146 0.03875338753387536 0.03821138211382116 0.031436314363143654 0.03712737127371276 0.03550135501355016 0.04065040650406507 0.03523035230352306 0.039566395663956665 0.035772357723577265 0.03550135501355016 0.04037940379403797 0.03523035230352305 0.03658536585365856 0.04037940379403797 0.10054200542005422 0.035772357723577265 0.04227642276422767
0.04236111111111111 0.03854166666666667 0.04131944444444444 0.03680555555555556 0.03923611111111111 0.03923611111111111 0.03993055555555555 0.03993055555555555 0.043055555555555555 0.03854166666666667 0.04722222222222222 0.04131944444444444 0.03993055555555555 0.04201388888888889 0.03576388888888889 0.040625 0.03715277777777778 0.04027777777777778 0.03888888888888889 0.04131944444444444 0.04097222222222222 0.03993055555555555 0.03854166666666667 0.03784722222222222 0.03923611111111111
0.0435729847494553 0.03834422657952068 0.042701525054466186 0.037472766884531564 0.03572984749455334 0.04161220043572981 0.045969498910675324 0.03834422657952067 0.03834422657952066 0.04052287581699342 0.03376906318082786 0.042919389978213485 0.03921568627450976 0.039869281045751596 0.041176470588235266 0.03681917211328972 0.04444444444444439 0.04466230936819168 0.041612200435729815 0.03572984749455334 0.042701525054466186 0.038779956427015205 0.04226579520697164 0.0387799564270152 0.03464052287581696
0.04050179211469531 0.03691756272401431 0.03691756272401431 0.042652329749103914 0.04157706093189961 0.03870967741935481 0.04050179211469531 0.04121863799283151 0.03978494623655911 0.03655913978494621 0.03620071684587811 0.039784946236559114 0.03942652329749101 0.04014336917562721 0.03906810035842291 0.04193548387096772 0.03763440860215051 0.041218637992831514 0.046236559139784916 0.03942652329749101 0.04014336917562721 0.04014336917562721 0.03870967741935481 0.041218637992831514 0.04336917562724011
0.039120370370370416 0.04166666666666667 0.04722222222222222 0.03912037037037039 0.037037037037037056 0.038425925925925926 0.04699074074074074 0.03171296296296297 0.03842592592592594 0.04560185185185187 0.031481481481481485 0.04074074074074075 0.03865740740740744 0.04375000000000001 0.04421296296296296 0.039583333333333345 0.04074074074074075 0.035879629629629664 0.041435185185185186 0.037962962962962955 0.038888888888888896 0.04166666666666668 0.039351851851851874 0.04467592592592596 0.03564814814814815
0.053801169590643245 0.03947368421052629 0.035964912280701714 0.039766081871345005 0.04883040935672512 0.04444444444444443 0.038888888888888855 0.04210526315789472 0.04005847953216371 0.035964912280701714 0.030116959064327486 0.038011695906432726 0.035380116959064324 0.03654970760233915 0.038596491228070164 0.040935672514619874 0.03888888888888888 0.04064327485380116 0.04473684210526314 0.05029239766081865 0.03859649122807017 0.03625730994152044 0.032456140350877176 0.04502923976608183 0.034210526315789455
0.037301587301587266 0.037698412698412676 0.041269841269841255 0.04285714285714285 0.04007936507936505 0.04285714285714283 0.03928571428571426 0.03809523809523807 0.039682539682539666 0.037698412698412676 0.03730158730158728 0.04007936507936505 0.04126984126984124 0.03849206349206347 0.042063492063492046 0.04206349206349204 0.041269841269841234 0.041666666666666644 0.04087301587301585 0.039682539682539666 0.037698412698412676 0.04087301587301584 0.03928571428571427 0.04007936507936505 0.04047619047619046
0.03874643874643869 0.03931623931623925 0.04301994301994298 0.038461538461538415 0.04529914529914526 0.04017094017094012 0.04074074074074069 0.03817663817663813 0.038461538461538415 0.042735042735042694 0.035042735042734995 0.035327635327635276 0.045299145299145256 0.042450142450142406 0.0407407407407407 0.04188034188034183 0.036467236467236416 0.04216524216524212 0.039316239316239274 0.03760683760683755 0.04188034188034183 0.03960113960113955 0.03618233618233614 0.040170940170940105 0.04074074074074072
0.041750841750841726 0.041750841750841726 0.03838383838383835 0.03838383838383835 0.04141414141414138 0.03939393939393937 0.04006734006734004 0.040067340067340036 0.042087542087542056 0.040740740740740716 0.034343434343434315 0.04074074074074071 0.03973063973063971 0.04141414141414138 0.03872053872053869 0.036026936026936004 0.041750841750841726 0.04040404040404037 0.03905723905723903 0.03838383838383836 0.04309764309764307 0.03703703703703701 0.040740740740740716 0.042760942760942736 0.041750841750841726
0.035069444444444445 0.04131944444444444 0.044444444444444446 0.03854166666666667 0.040625 0.03680555555555556 0.040625 0.03715277777777778 0.03888888888888889 0.042708333333333334 0.03611111111111111 0.040625 0.044444444444444446 0.03993055555555555 0.04479166666666667 0.041666666666666664 0.036458333333333336 0.04097222222222222 0.04131944444444444 0.0375 0.03958333333333333 0.04583333333333333 0.03784722222222222 0.035416666666666666 0.04131944444444444
0.03765432098765426 0.0416666666666666 0.038271604938271545 0.0395061728395061 0.03888888888888882 0.0379629629629629 0.04074074074074067 0.03827160493827155 0.04012345679012339 0.046913580246913514 0.04166666666666661 0.038888888888888834 0.04660493827160486 0.04043209876543204 0.039814814814814754 0.04351851851851846 0.04043209876543204 0.04259259259259253 0.03734567901234562 0.035802469135802414 0.04043209876543205 0.03888888888888884 0.0342592592592592 0.03888888888888884 0.040432098765432044
0.03888888888888889 0.0414351851851852 0.038194444444444475 0.039814814814814824 0.0402777777777778 0.03819444444444446 0.03935185185185187 0.03888888888888891 0.0428240740740741 0.03449074074074076 0.043055555555555576 0.03333333333333333 0.054861111111111104 0.038657407407407425 0.038425925925925926 0.04398148148148148 0.04467592592592595 0.0423611111111111 0.03310185185185187 0.04097222222222223 0.03495370370370372 0.03842592592592593 0.03217592592592593 0.03680555555555558 0.051851851851851864
0.03984674329501909 0.041762452107279635 0.03984674329501913 0.038697318007662795 0.03793103448275857 0.03754789272030647 0.03946360153256702 0.03946360153256702 0.037931034482758565 0.041762452107279635 0.035632183908045935 0.042145593869731754 0.042145593869731754 0.041379310344827544 0.0390804597701149 0.04061302681992332 0.03716475095785437 0.04214559386973175 0.04137931034482753 0.03793103448275858 0.039463601532567005 0.04444444444444443 0.040229885057471236 0.037931034482758585 0.04406130268199231
0.03799283154121861 0.03870967741935481 0.04014336917562721 0.03763440860215051 0.03870967741935481 0.04193548387096771 0.04014336917562721 0.03655913978494621 0.04157706093189961 0.03870967741935481 0.03333333333333331 0.04229390681003581 0.04121863799283151 0.03870967741935481 0.04086021505376341 0.04408602150537631 0.042652329749103914 0.04121863799283151 0.03870967741935481 0.03799283154121861 0.04121863799283151 0.03835125448028671 0.038351254480286714 0.04229390681003581 0.046594982078853014
0.03928571428571427 0.04047619047619046 0.03888888888888885 0.038492063492063466 0.03888888888888886 0.04285714285714284 0.03690476190476187 0.04087301587301584 0.03928571428571425 0.03769841269841267 0.06547619047619044 0.03928571428571426 0.038492063492063466 0.037698412698412676 0.03849206349206348 0.039682539682539666 0.04007936507936506 0.03730158730158728 0.039285714285714264 0.03888888888888887 0.03809523809523807 0.03849206349206345 0.036904761904761885 0.03928571428571426 0.03888888888888886
0.039463601532567 0.03984674329501911 0.03984674329501911 0.03984674329501911 0.044061302681992306 0.03754789272030647 0.03869731800766279 0.038697318007662795 0.039463601532567026 0.04061302681992333 0.0440613026819923 0.03793103448275858 0.04291187739463597 0.03946360153256701 0.03984674329501913 0.04061302681992333 0.040613026819923334 0.04214559386973176 0.03793103448275858 0.04022988505747124 0.03984674329501911 0.03754789272030647 0.03601532567049803 0.039463601532567005 0.043295019157088055
0.07023809523809524 0.044047619047619016 0.03730158730158728 0.04087301587301584 0.038492063492063466 0.04087301587301582 0.03769841269841266 0.038492063492063466 0.040476190476190436 0.03571428571428569 0.03611111111111108 0.03690476190476188 0.03571428571428569 0.03690476190476187 0.038492063492063466 0.03650793650793648 0.037698412698412676 0.039285714285714264 0.04087301587301587 0.05158730158730153 0.037301587301587266 0.03809523809523808 0.036111111111111094 0.03769841269841266 0.03650793650793649
0.04175084175084172 0.041077441077441046 0.04276094276094273 0.03838383838383836 0.03905723905723903 0.039057239057239033 0.04074074074074071 0.036363636363636334 0.04040404040404037 0.04006734006734004 0.03501683501683499 0.046127946127946094 0.03804713804713802 0.03468013468013465 0.03872053872053869 0.03872053872053869 0.04242424242424239 0.041750841750841726 0.040740740740740716 0.03939393939393936 0.041750841750841726 0.04208754208754206 0.03703703703703701 0.04478114478114475 0.03905723905723903
0.03888888888888889 0.037407407407407396 0.04111111111111109 0.04 0.0374074074074074 0.04148148148148148 0.03888888888888889 0.04037037037037037 0.03962962962962961 0.040370370370370376 0.04555555555555553 0.037777777777777764 0.04481481481481482 0.04259259259259259 0.04666666666666663 0.04037037037037036 0.036296296296296285 0.03888888888888888 0.03777777777777778 0.03814814814814815 0.037407407407407396 0.043333333333333335 0.03888888888888888 0.03518518518518516 0.04074074074074073
0.0383141762452107 0.04022988505747122 0.042145593869731754 0.03946360153256702 0.04022988505747122 0.04061302681992334 0.037931034482758585 0.0402298850574712 0.04367816091954019 0.041379310344827544 0.04061302681992333 0.03908045977011491 0.03793103448275859 0.0390804597701149 0.042528735632183866 0.0402298850574712 0.03908045977011489 0.04176245210727965 0.03831417624521068 0.04367816091954018 0.03831417624521067 0.040613026819923334 0.04022988505747122 0.03639846743295014 0.03793103448275858
0.04827586206896551 0.04022988505747123 0.0398467432950191 0.04291187739463597 0.04214559386973177 0.04176245210727965 0.037931034482758585 0.044444444444444384 0.03984674329501911 0.03831417624521067 0.03639846743295015 0.03601532567049804 0.03793103448275857 0.03908045977011488 0.04291187739463596 0.03754789272030649 0.03869731800766279 0.0436781609195402 0.039463601532567005 0.043678160919540174 0.040613026819923334 0.037931034482758565 0.03563218390804594 0.03716475095785436 0.03754789272030649
0.03814814814814814 0.039259259259259244 0.04148148148148146 0.03999999999999998 0.03888888888888887 0.039629629629629626 0.04259259259259259 0.04814814814814816 0.03814814814814814 0.03925925925925925 0.03962962962962961 0.03814814814814814 0.038888888888888896 0.038518518518518494 0.04037037037037037 0.03962962962962964 0.04037037037037035 0.042222222222222223 0.03777777777777778 0.037407407407407396 0.042222222222222223 0.03925925925925925 0.03814814814814815 0.042592592592592605 0.03925925925925926
0.039080459770114914 0.041379310344827544 0.0386973180076628 0.040229885057471236 0.04559386973180072 0.04252873563218387 0.041379310344827544 0.037931034482758585 0.03984674329501911 0.041379310344827544 0.037547892720306474 0.041762452107279684 0.04061302681992333 0.03831417624521068 0.03716475095785436 0.040229885057471215 0.03869731800766278 0.04022988505747122 0.03869731800766279 0.03908045977011491 0.042145593869731775 0.04291187739463597 0.036781609195402236 0.040613026819923334 0.03716475095785436
0.03991769547325108 0.041975308641975365 0.0386831275720165 0.04074074074074077 0.04032921810699593 0.03909465020576135 0.0386831275720165 0.04032921810699592 0.040740740740740786 0.03991769547325108 0.03744855967078193 0.04032921810699593 0.041563786008230505 0.041975308641975344 0.03909465020576136 0.041152263374485624 0.03950617283950623 0.040329218106995926 0.04115226337448563 0.039094650205761354 0.04115226337448565 0.04115226337448564 0.0386831275720165 0.037860082304526796 0.039094650205761354
0.038492063492063466 0.03968253968253965 0.04166666666666666 0.04126984126984125 0.03849206349206345 0.03928571428571427 0.03928571428571426 0.03809523809523807 0.04404761904761904 0.03968253968253965 0.03650793650793649 0.04007936507936504 0.03809523809523807 0.04206349206349202 0.03888888888888886 0.038492063492063466 0.041269841269841234 0.04007936507936506 0.03888888888888887 0.042460317460317455 0.04246031746031743 0.04285714285714285 0.040476190476190464 0.03849206349206345 0.038888888888888876
0.057088122605363986 0.04291187739463598 0.036398467432950166 0.03984674329501911 0.04214559386973177 0.04099616858237542 0.0383141762452107 0.04061302681992333 0.03869731800766279 0.03946360153256701 0.03639846743295016 0.03793103448275857 0.03601532567049806 0.03754789272030645 0.03984674329501909 0.03639846743295015 0.04022988505747121 0.03946360153256701 0.04022988505747122 0.050191570881225986 0.03946360153256699 0.03754789272030647 0.03678160919540227 0.03716475095785436 0.03831417624521069
0.03925925925925922 0.04185185185185185 0.04037037037037035 0.03777777777777777 0.04407407407407408 0.041111111111111105 0.03962962962962962 0.04074074074074072 0.040740740740740716 0.03962962962962963 0.03518518518518518 0.03962962962962961 0.03888888888888887 0.03925925925925925 0.041111111111111105 0.043703703703703696 0.03962962962962961 0.038888888888888896 0.041481481481481466 0.039999999999999994 0.03999999999999998 0.042222222222222223 0.035185185185185174 0.0422222222222222 0.03740740740740741
0.03925925925925925 0.04074074074074072 0.039999999999999994 0.04222222222222224 0.03851851851851851 0.03962962962962962 0.042222222222222223 0.041851851851851835 0.04037037037037036 0.03962962962962962 0.04074074074074074 0.03925925925925926 0.040740740740740716 0.03703703703703704 0.03925925925925925 0.03703703703703702 0.039629629629629626 0.03925925925925926 0.037407407407407396 0.03925925925925925 0.042592592592592585 0.0437037037037037 0.04037037037037035 0.03814814814814814 0.041111111111111105
0.0574074074074074 0.04740740740740742 0.03962962962962962 0.03925925925925925 0.03703703703703702 0.04037037037037035 0.03814814814814814 0.03999999999999998 0.03888888888888887 0.03814814814814815 0.035185185185185174 0.037777777777777764 0.03666666666666666 0.037777777777777764 0.03925925925925924 0.0374074074074074 0.0374074074074074 0.042222222222222223 0.03925925925925926 0.047037037037037016 0.04074074074074074 0.037777777777777785 0.038888888888888896 0.0396296296296296 0.03666666666666667
0.03872053872053869 0.03872053872053869 0.040740740740740716 0.04040404040404038 0.04006734006734004 0.03771043771043769 0.03939393939393936 0.039057239057239033 0.04175084175084172 0.04040404040404038 0.034343434343434315 0.03973063973063971 0.03973063973063971 0.04006734006734004 0.03872053872053869 0.040740740740740716 0.04141414141414139 0.041077441077441046 0.041750841750841726 0.04040404040404038 0.04309764309764307 0.04478114478114475 0.04074074074074071 0.035353535353535324 0.04107744107744105
0.039869281045751555 0.04477124183006531 0.04084967320261431 0.03888888888888882 0.040522875816993396 0.039869281045751555 0.04411764705882346 0.03954248366013064 0.04248366013071889 0.04444444444444436 0.03333333333333327 0.040522875816993396 0.04084967320261432 0.037254901960784244 0.037581699346405144 0.037581699346405165 0.042156862745097966 0.040522875816993396 0.03594771241830059 0.041176470588235224 0.04248366013071888 0.040196078431372476 0.036601307189542416 0.03954248366013065 0.03888888888888882
0.03619047619047612 0.03682539682539676 0.04222222222222215 0.03682539682539677 0.038095238095238036 0.03460317460317453 0.03873015873015867 0.03460317460317455 0.037777777777777716 0.034285714285714225 0.03460317460317454 0.03650793650793644 0.03650793650793644 0.03682539682539676 0.03777777777777772 0.039682539682539604 0.038095238095238036 0.038412698412698364 0.03619047619047612 0.038095238095238036 0.04063492063492058 0.036190476190476134 0.10317460317460304 0.04222222222222215 0.03492063492063487
0.036842105263157864 0.03830409356725143 0.04795321637426898 0.04035087719298246 0.038888888888888855 0.03830409356725146 0.03830409356725144 0.04035087719298244 0.037719298245614034 0.04210526315789473 0.033333333333333305 0.040058479532163724 0.039181286549707574 0.04035087719298246 0.03888888888888886 0.04327485380116956 0.03918128654970759 0.040350877192982436 0.04356725146198829 0.03947368421052631 0.04327485380116958 0.04122807017543857 0.03654970760233916 0.038888888888888876 0.04327485380116958
0.05111111111111113 0.03851851851851851 0.03851851851851851 0.039629629629629626 0.043703703703703724 0.04111111111111109 0.03925925925925924 0.04333333333333332 0.0385185185185185 0.039629629629629626 0.036666666666666646 0.03777777777777778 0.03814814814814814 0.03925925925925925 0.03888888888888887 0.04074074074074075 0.03851851851851852 0.042222222222222223 0.041111111111111105 0.04222222222222219 0.03888888888888887 0.03851851851851851 0.03666666666666664 0.03851851851851851 0.0385185185185185
0.033680555555555554 0.03854166666666667 0.03819444444444445 0.03715277777777778 0.035416666666666666 0.03819444444444445 0.03819444444444445 0.035069444444444445 0.035416666666666666 0.03923611111111111 0.03784722222222222 0.0375 0.03888888888888889 0.03819444444444445 0.03715277777777778 0.03819444444444445 0.03611111111111111 0.03784722222222222 0.03715277777777778 0.03715277777777778 0.03715277777777778 0.034722222222222224 0.10833333333333334 0.03576388888888889 0.03888888888888889
0.032816537467700295 0.03410852713178298 0.03824289405684758 0.04987080103359176 0.036175710594315284 0.03772609819121451 0.03514211886304913 0.06589147286821709 0.03385012919896644 0.04031007751937989 0.02713178294573646 0.04573643410852717 0.03565891472868221 0.04056847545219642 0.04056847545219642 0.036434108527131824 0.035917312661498745 0.03488372093023259 0.05374677002583983 0.03333333333333337 0.0369509043927649 0.03798449612403105 0.032558139534883755 0.07054263565891479 0.03385012919896644
0.04478114478114475 0.036363636363636334 0.0387205387205387 0.043771043771043745 0.04074074074074071 0.04444444444444441 0.036363636363636334 0.04848484848484845 0.04107744107744105 0.04309764309764307 0.03670033670033667 0.0397306397306397 0.03400673400673398 0.040067340067340036 0.040740740740740716 0.03737373737373735 0.036363636363636334 0.04175084175084172 0.04040404040404037 0.04478114478114475 0.03838383838383836 0.04006734006734004 0.036363636363636334 0.03939393939393936 0.036026936026936
0.03611111111111111 0.03958333333333333 0.04131944444444444 0.04097222222222222 0.043402777777777776 0.04236111111111111 0.03923611111111111 0.03958333333333333 0.03819444444444445 0.04236111111111111 0.03680555555555556 0.04201388888888889 0.03854166666666667 0.040625 0.040625 0.03854166666666667 0.03993055555555555 0.043402777777777776 0.04131944444444444 0.03576388888888889 0.03854166666666667 0.04479166666666667 0.03888888888888889 0.03715277777777778 0.03993055555555555
0.03814814814814812 0.03962962962962964 0.03851851851851851 0.03962962962962962 0.03666666666666665 0.03925925925925925 0.03592592592592591 0.04592592592592593 0.04037037037037036 0.041111111111111105 0.04037037037037036 0.03925925925925923 0.043703703703703724 0.03851851851851852 0.03851851851851851 0.037777777777777764 0.04037037037037036 0.03925925925925924 0.04111111111111109 0.04037037037037038 0.039629629629629605 0.04370370370370369 0.037777777777777764 0.046666666666666676 0.03777777777777777
0.02907801418439718 0.03073286052009455 0.03522458628841609 0.029787234042553207 0.028368794326241144 0.030732860520094555 0.03569739952718678 0.030969267139479915 0.032151300236406624 0.03167848699763593 0.02955082742316783 0.02836879432624113 0.03096926713947991 0.033333333333333326 0.031205673758865248 0.028605200945626484 0.033096926713948 0.03569739952718676 0.030023640661938543 0.03309692671394801 0.033806146572104005 0.0304964539007092 0.24278959810874706 0.03333333333333334 0.031205673758865248
0.03201058201058197 0.03439153439153434 0.04232804232804228 0.035449735449735405 0.0378306878306878 0.03306878306878303 0.03571428571428567 0.033333333333333305 0.03677248677248673 0.03280423280423275 0.06164021164021158 0.0317460317460317 0.036243386243386216 0.03968253968253965 0.035714285714285685 0.036243386243386196 0.039153439153439114 0.03333333333333329 0.03862433862433858 0.035185185185185146 0.04126984126984123 0.032539682539682487 0.1029100529100528 0.042063492063492025 0.039947089947089905
0.03716475095785435 0.044061302681992306 0.039080459770114886 0.03793103448275858 0.042145593869731754 0.03984674329501911 0.039846743295019124 0.03984674329501913 0.04137931034482753 0.039080459770114886 0.037547892720306474 0.04061302681992333 0.04022988505747123 0.04444444444444442 0.037931034482758565 0.04252873563218387 0.03946360153256702 0.03869731800766279 0.03984674329501911 0.0390804597701149 0.03984674329501911 0.04252873563218387 0.037931034482758585 0.038697318007662775 0.04022988505747122
0.04351851851851847 0.04351851851851845 0.036728395061728335 0.034876543209876494 0.03611111111111105 0.04135802469135797 0.03950617283950612 0.040123456790123385 0.03827160493827153 0.0401234567901234 0.06944444444444435 0.03641975308641971 0.03981481481481475 0.035802469135802414 0.039197530864197465 0.03888888888888883 0.03672839506172834 0.03672839506172835 0.04104938271604932 0.042283950617283884 0.03734567901234562 0.041666666666666595 0.03425925925925919 0.036111111111111045 0.0401234567901234
0.03754789272030647 0.039463601532567026 0.04597701149425284 0.03869731800766279 0.042911877394635985 0.0390804597701149 0.03601532567049804 0.03793103448275858 0.04137931034482752 0.04406130268199229 0.03678160919540226 0.04022988505747123 0.03946360153256702 0.04137931034482755 0.039463601532567 0.03793103448275858 0.03793103448275858 0.04214559386973176 0.044444444444444384 0.03716475095785436 0.04214559386973176 0.042911877394635985 0.03639846743295015 0.03869731800766281 0.03984674329501913
0.039057239057239033 0.042760942760942736 0.03703703703703701 0.042087542087542056 0.03771043771043768 0.04141414141414139 0.04276094276094273 0.036026936026936 0.0397306397306397 0.041750841750841726 0.035353535353535324 0.0397306397306397 0.041750841750841726 0.04444444444444441 0.037373737373737344 0.04208754208754206 0.04006734006734004 0.04006734006734004 0.0387205387205387 0.03804713804713802 0.04074074074074071 0.04478114478114475 0.03872053872053869 0.038047138047138024 0.03973063973063971
0.036182336182336135 0.04017094017094012 0.035612535612535565 0.04700854700854696 0.03532763532763528 0.04074074074074068 0.04415954415954411 0.052421652421652386 0.036182336182336135 0.0384615384615384 0.04472934472934467 0.03817663817663813 0.0447293447293447 0.03874643874643869 0.03988603988603984 0.036467236467236416 0.03931623931623928 0.03760683760683755 0.03903133903133898 0.035042735042734995 0.03760683760683757 0.039601139601139534 0.03418803418803414 0.04814814814814813 0.04045584045584039
0.03492063492063486 0.04412698412698407 0.040634920634920586 0.0393650793650793 0.03619047619047613 0.04158730158730152 0.045396825396825345 0.037142857142857075 0.03841269841269836 0.037777777777777716 0.034285714285714225 0.04317460317460311 0.03587301587301581 0.03809523809523804 0.03968253968253962 0.03968253968253962 0.04158730158730152 0.042222222222222154 0.03968253968253961 0.04126984126984121 0.04285714285714279 0.04158730158730152 0.04603174603174598 0.03682539682539677 0.041587301587301534
0.03692810457516333 0.03888888888888882 0.0428104575163398 0.03627450980392151 0.037581699346405165 0.03921568627450973 0.03954248366013065 0.03823529411764699 0.040196078431372476 0.04509803921568621 0.0362745098039215 0.04346405228758164 0.04150326797385614 0.042810457516339794 0.040522875816993396 0.04281045751633979 0.03986928104575156 0.040849673202614296 0.03856209150326791 0.03725490196078425 0.03692810457516334 0.04444444444444438 0.036274509803921495 0.04084967320261431 0.0428104575163398
0.03814814814814815 0.03962962962962963 0.03962962962962963 0.03851851851851851 0.040740740740740716 0.037407407407407396 0.04296296296296297 0.03703703703703702 0.041481481481481466 0.041851851851851835 0.042962962962962974 0.04222222222222221 0.04185185185185185 0.03740740740740741 0.03740740740740741 0.03999999999999997 0.03666666666666665 0.04222222222222222 0.041111111111111084 0.038888888888888876 0.03962962962962962 0.04518518518518518 0.037037037037037035 0.03777777777777775 0.04222222222222222
0.046360153256704985 0.039080459770114886 0.038314176245210683 0.04137931034482756 0.042145593869731775 0.04099616858237543 0.03831417624521069 0.039463601532567005 0.03908045977011489 0.04176245210727966 0.03563218390804593 0.03793103448275859 0.03754789272030649 0.03793103448275858 0.0406130268199233 0.03946360153256702 0.043295019157088076 0.039080459770114914 0.04214559386973176 0.047126436781609125 0.0390804597701149 0.0390804597701149 0.03601532567049804 0.04137931034482752 0.03678160919540225
0.039846743295019124 0.03908045977011491 0.04061302681992333 0.04176245210727964 0.040229885057471236 0.0406130268199233 0.039463601532567005 0.03984674329501911 0.03984674329501912 0.04099616858237545 0.03524904214559384 0.03984674329501912 0.04061302681992334 0.039846743295019124 0.04137931034482754 0.0390804597701149 0.04329501915708808 0.04176245210727966 0.03984674329501911 0.04061302681992333 0.03754789272030645 0.04214559386973176 0.03716475095785437 0.040996168582375446 0.038314176245210683
0.034603174603174545 0.03968253968253962 0.04317460317460312 0.03904761904761898 0.04253968253968248 0.03841269841269836 0.0409523809523809 0.03968253968253962 0.03841269841269836 0.049523809523809456 0.03492063492063486 0.04063492063492057 0.039999999999999925 0.039047619047618984 0.03904761904761898 0.03777777777777771 0.039999999999999925 0.042222222222222154 0.04539682539682533 0.03492063492063486 0.04253968253968247 0.04825396825396819 0.032063492063492 0.03873015873015866 0.03841269841269836
0.036296296296296285 0.03777777777777777 0.040740740740740744 0.03777777777777778 0.041481481481481494 0.041111111111111105 0.03851851851851851 0.04222222222222221 0.03962962962962961 0.04222222222222224 0.034814814814814805 0.039259259259259244 0.04037037037037036 0.03925925925925925 0.044074074074074064 0.04222222222222224 0.03962962962962964 0.044444444444444446 0.04296296296296294 0.04259259259259258 0.03703703703703701 0.03962962962962961 0.03518518518518517 0.03999999999999997 0.04074074074074073
0.03678160919540224 0.040229885057471215 0.04252873563218386 0.04061302681992333 0.03946360153256702 0.039463601532567005 0.03869731800766281 0.04252873563218388 0.04176245210727965 0.039846743295019096 0.038314176245210683 0.04137931034482756 0.03716475095785437 0.04061302681992333 0.03793103448275858 0.03793103448275857 0.04137931034482756 0.03793103448275858 0.04252873563218386 0.039080459770114914 0.039080459770114886 0.04367816091954019 0.04329501915708808 0.038314176245210683 0.039463601532567005
0.05517241379310346 0.039463601532567 0.03678160919540226 0.04176245210727966 0.04022988505747123 0.04482758620689648 0.03754789272030646 0.043295019157088055 0.03754789272030647 0.03754789272030647 0.034865900383141725 0.03984674329501911 0.03639846743295015 0.03869731800766279 0.04252873563218383 0.03639846743295014 0.037931034482758565 0.044444444444444405 0.04099616858237546 0.04597701149425282 0.038697318007662795 0.03869731800766279 0.035632183908045935 0.03678160919540226 0.037931034482758585
0.036917562724014315 0.03763440860215051 0.03906810035842291 0.048028673835125414 0.03763440860215051 0.03978494623655911 0.03906810035842291 0.04265232974910391 0.04265232974910391 0.04193548387096772 0.03512544802867381 0.042293906810035815 0.03476702508960571 0.03906810035842291 0.03763440860215051 0.04086021505376341 0.03835125448028671 0.04050179211469531 0.03799283154121861 0.039426523297491016 0.039426523297491016 0.04157706093189961 0.035842293906810006 0.05304659498207882 0.03870967741935481
0.03978494623655911 0.04301075268817201 0.03835125448028671 0.03655913978494621 0.03978494623655911 0.03906810035842291 0.03835125448028671 0.04157706093189961 0.04336917562724011 0.03906810035842291 0.041218637992831514 0.03835125448028671 0.04587813620071682 0.040860215053763416 0.041218637992831514 0.03835125448028671 0.04372759856630821 0.04050179211469531 0.03548387096774191 0.04014336917562721 0.03799283154121861 0.037275985663082406 0.03870967741935481 0.04086021505376341 0.04050179211469531
0.03942652329749101 0.04157706093189961 0.03942652329749101 0.037275985663082406 0.03942652329749101 0.04050179211469531 0.03870967741935481 0.04193548387096771 0.03763440860215051 0.03978494623655911 0.03942652329749101 0.03870967741935481 0.04050179211469531 0.03906810035842291 0.03978494623655911 0.04408602150537631 0.03978494623655911 0.04050179211469532 0.03942652329749101 0.03978494623655911 0.04050179211469532 0.042293906810035815 0.04193548387096772 0.04050179211469531 0.03799283154121861
0.036458333333333336 0.03819444444444445 0.03819444444444445 0.04201388888888889 0.03819444444444445 0.03784722222222222 0.040625 0.044444444444444446 0.041666666666666664 0.03715277777777778 0.04236111111111111 0.03819444444444445 0.040625 0.04097222222222222 0.03923611111111111 0.03888888888888889 0.04375 0.0375 0.03819444444444445 0.03923611111111111 0.03888888888888889 0.04618055555555556 0.036458333333333336 0.04479166666666667 0.03993055555555555
0.03756613756613752 0.04497354497354494 0.048412698412698366 0.03359788359788356 0.043386243386243355 0.0386243386243386 0.04576719576719574 0.03227513227513223 0.042328042328042305 0.042063492063492025 0.031216931216931174 0.042063492063492025 0.03518518518518512 0.04391534391534387 0.03915343915343913 0.03835978835978831 0.03968253968253965 0.045238095238095195 0.03941798941798938 0.036243386243386196 0.03941798941798939 0.045238095238095216 0.03677248677248674 0.035449735449735405 0.04365079365079363
0.0386831275720165 0.038683127572016494 0.039506172839506214 0.040329218106995926 0.040740740740740786 0.041152263374485645 0.040740740740740786 0.039917695473251066 0.041975308641975365 0.041563786008230484 0.04032921810699593 0.04032921810699593 0.040740740740740786 0.039917695473251066 0.039094650205761354 0.0407407407407408 0.039094650205761354 0.0386831275720165 0.03950617283950621 0.0386831275720165 0.03950617283950622 0.040740740740740786 0.0386831275720165 0.04074074074074077 0.03991769547325108
0.036601307189542416 0.03692810457516333 0.03627450980392151 0.05163398692810451 0.042156862745097966 0.038235294117646985 0.037908496732026085 0.04738562091503262 0.03758169934640515 0.03823529411764698 0.0320261437908496 0.041503267973856124 0.03496732026143783 0.038235294117646985 0.03823529411764698 0.038562091503267906 0.036601307189542416 0.036601307189542416 0.04346405228758164 0.038888888888888806 0.04313725490196071 0.041830065359477045 0.03496732026143785 0.0598039215686274 0.038235294117646985
0.034285714285714225 0.0431746031746031 0.04317460317460311 0.04158730158730153 0.037777777777777716 0.03841269841269834 0.039999999999999945 0.04031746031746026 0.039682539682539625 0.03968253968253962 0.034285714285714225 0.03873015873015866 0.04190476190476183 0.0393650793650793 0.03777777777777772 0.04317460317460311 0.03904761904761899 0.04380952380952375 0.04190476190476186 0.03936507936507931 0.03904761904761899 0.04730158730158722 0.03746031746031739 0.03714285714285708 0.04158730158730153
