0.06060606060606061 0.030303030303030304 0.09090909090909091 0.030303030303030304 0.15151515151515152 0.030303030303030304 0.15151515151515152 0.030303030303030304 0.06060606060606061 0.030303030303030304 0.06060606060606061 0.06060606060606061 0.030303030303030304 0.09090909090909091 0.09090909090909091
0.1111111111111111 0.037037037037037035 0.037037037037037035 0.037037037037037035 0.037037037037037035 0.07407407407407407 0.037037037037037035 0.1111111111111111 0.037037037037037035 0.037037037037037035 0.037037037037037035 0.18518518518518517 0.037037037037037035 0.14814814814814814 0.037037037037037035
0.041666666666666664 0.041666666666666664 0.08333333333333333 0.041666666666666664 0.041666666666666664 0.041666666666666664 0.16666666666666666 0.041666666666666664 0.16666666666666666 0.041666666666666664 0.08333333333333333 0.041666666666666664 0.041666666666666664 0.08333333333333333 0.041666666666666664
0.034482758620689655 0.10344827586206896 0.034482758620689655 0.1724137931034483 0.034482758620689655 0.034482758620689655 0.10344827586206896 0.034482758620689655 0.10344827586206896 0.034482758620689655 0.034482758620689655 0.13793103448275862 0.034482758620689655 0.034482758620689655 0.06896551724137931
0.047619047619047616 0.047619047619047616 0.047619047619047616 0.14285714285714285 0.19047619047619047 0.047619047619047616 0.047619047619047616 0.047619047619047616 0.047619047619047616 0.047619047619047616 0.047619047619047616 0.09523809523809523 0.047619047619047616 0.047619047619047616 0.047619047619047616
0.05263157894736842 0.10526315789473684 0.05263157894736842 0.05263157894736842 0.10526315789473684 0.10526315789473684 0.05263157894736842 0.05263157894736842 0.05263157894736842 0.05263157894736842 0.10526315789473684 0.05263157894736842 0.05263157894736842 0.05263157894736842 0.05263157894736842
0.03571428571428571 0.03571428571428571 0.07142857142857142 0.07142857142857142 0.14285714285714285 0.07142857142857142 0.03571428571428571 0.03571428571428571 0.03571428571428571 0.03571428571428571 0.03571428571428571 0.07142857142857142 0.10714285714285714 0.14285714285714285 0.07142857142857142
0.1 0.16666666666666666 0.03333333333333333 0.03333333333333333 0.2 0.03333333333333333 0.03333333333333333 0.03333333333333333 0.03333333333333333 0.03333333333333333 0.1 0.06666666666666667 0.03333333333333333 0.06666666666666667 0.03333333333333333
0.038461538461538464 0.038461538461538464 0.038461538461538464 0.038461538461538464 0.038461538461538464 0.038461538461538464 0.23076923076923078 0.07692307692307693 0.11538461538461539 0.038461538461538464 0.038461538461538464 0.11538461538461539 0.038461538461538464 0.038461538461538464 0.07692307692307693
0.05 0.05 0.1 0.05 0.05 0.05 0.05 0.05 0.15 0.05 0.05 0.05 0.05 0.1 0.1
0.05263157894736842 0.10526315789473684 0.10526315789473684 0.05263157894736842 0.05263157894736842 0.05263157894736842 0.05263157894736842 0.05263157894736842 0.05263157894736842 0.10526315789473684 0.05263157894736842 0.05263157894736842 0.05263157894736842 0.05263157894736842 0.10526315789473684
0.041666666666666664 0.08333333333333333 0.041666666666666664 0.041666666666666664 0.125 0.16666666666666666 0.041666666666666664 0.08333333333333333 0.041666666666666664 0.041666666666666664 0.041666666666666664 0.041666666666666664 0.041666666666666664 0.125 0.041666666666666664
0.047619047619047616 0.09523809523809523 0.047619047619047616 0.09523809523809523 0.047619047619047616 0.047619047619047616 0.047619047619047616 0.047619047619047616 0.09523809523809523 0.047619047619047616 0.09523809523809523 0.14285714285714285 0.047619047619047616 0.047619047619047616 0.047619047619047616
0.05 0.05 0.05 0.05 0.05 0.1 0.1 0.1 0.05 0.05 0.1 0.05 0.05 0.05 0.1
0.038461538461538464 0.07692307692307693 0.038461538461538464 0.11538461538461539 0.15384615384615385 0.038461538461538464 0.07692307692307693 0.038461538461538464 0.038461538461538464 0.038461538461538464 0.038461538461538464 0.15384615384615385 0.038461538461538464 0.038461538461538464 0.07692307692307693
0.07407407407407407 0.1111111111111111 0.037037037037037035 0.037037037037037035 0.037037037037037035 0.18518518518518517 0.037037037037037035 0.1111111111111111 0.07407407407407407 0.037037037037037035 0.037037037037037035 0.037037037037037035 0.037037037037037035 0.1111111111111111 0.037037037037037035
0.03225806451612903 0.03225806451612903 0.0967741935483871 0.03225806451612903 0.03225806451612903 0.0967741935483871 0.03225806451612903 0.0967741935483871 0.0967741935483871 0.03225806451612903 0.03225806451612903 0.06451612903225806 0.06451612903225806 0.16129032258064516 0.0967741935483871
0.045454545454545456 0.18181818181818182 0.045454545454545456 0.045454545454545456 0.045454545454545456 0.045454545454545456 0.045454545454545456 0.045454545454545456 0.09090909090909091 0.045454545454545456 0.045454545454545456 0.045454545454545456 0.045454545454545456 0.045454545454545456 0.18181818181818182
0.14634146341463414 0.12195121951219512 0.24390243902439024 0.04878048780487805 0.024390243902439025 0.04878048780487805 0.024390243902439025 0.0975609756097561 0.024390243902439025 0.04878048780487805 0.024390243902439025 0.04878048780487805 0.024390243902439025 0.024390243902439025 0.04878048780487805
0.047619047619047616 0.047619047619047616 0.047619047619047616 0.09523809523809523 0.09523809523809523 0.047619047619047616 0.047619047619047616 0.09523809523809523 0.047619047619047616 0.14285714285714285 0.047619047619047616 0.09523809523809523 0.047619047619047616 0.047619047619047616 0.047619047619047616
0.07894736842105263 0.02631578947368421 0.02631578947368421 0.02631578947368421 0.07894736842105263 0.07894736842105263 0.02631578947368421 0.07894736842105263 0.07894736842105263 0.02631578947368421 0.02631578947368421 0.2894736842105263 0.02631578947368421 0.05263157894736842 0.07894736842105263
0.03571428571428571 0.03571428571428571 0.03571428571428571 0.14285714285714285 0.03571428571428571 0.07142857142857142 0.07142857142857142 0.03571428571428571 0.10714285714285714 0.03571428571428571 0.14285714285714285 0.03571428571428571 0.07142857142857142 0.07142857142857142 0.07142857142857142
0.05555555555555555 0.05555555555555555 0.05555555555555555 0.05555555555555555 0.05555555555555555 0.05555555555555555 0.05555555555555555 0.05555555555555555 0.05555555555555555 0.05555555555555555 0.05555555555555555 0.05555555555555555 0.1111111111111111 0.1111111111111111 0.1111111111111111
0.034482758620689655 0.06896551724137931 0.10344827586206896 0.034482758620689655 0.13793103448275862 0.034482758620689655 0.1724137931034483 0.10344827586206896 0.034482758620689655 0.034482758620689655 0.034482758620689655 0.034482758620689655 0.034482758620689655 0.034482758620689655 0.10344827586206896
0.043478260869565216 0.043478260869565216 0.043478260869565216 0.08695652173913043 0.043478260869565216 0.17391304347826086 0.13043478260869565 0.08695652173913043 0.043478260869565216 0.08695652173913043 0.043478260869565216 0.043478260869565216 0.043478260869565216 0.043478260869565216 0.043478260869565216
0.045454545454545456 0.13636363636363635 0.045454545454545456 0.045454545454545456 0.045454545454545456 0.13636363636363635 0.045454545454545456 0.09090909090909091 0.09090909090909091 0.045454545454545456 0.045454545454545456 0.045454545454545456 0.045454545454545456 0.045454545454545456 0.09090909090909091
0.11538461538461539 0.07692307692307693 0.07692307692307693 0.07692307692307693 0.038461538461538464 0.038461538461538464 0.038461538461538464 0.038461538461538464 0.038461538461538464 0.038461538461538464 0.038461538461538464 0.07692307692307693 0.07692307692307693 0.038461538461538464 0.19230769230769232
0.02631578947368421 0.13157894736842105 0.10526315789473684 0.07894736842105263 0.05263157894736842 0.02631578947368421 0.10526315789473684 0.02631578947368421 0.23684210526315788 0.02631578947368421 0.05263157894736842 0.02631578947368421 0.02631578947368421 0.05263157894736842 0.02631578947368421
0.05263157894736842 0.05263157894736842 0.05263157894736842 0.10526315789473684 0.05263157894736842 0.05263157894736842 0.05263157894736842 0.05263157894736842 0.05263157894736842 0.05263157894736842 0.10526315789473684 0.10526315789473684 0.10526315789473684 0.05263157894736842 0.05263157894736842
0.047619047619047616 0.09523809523809523 0.047619047619047616 0.047619047619047616 0.09523809523809523 0.047619047619047616 0.047619047619047616 0.047619047619047616 0.09523809523809523 0.047619047619047616 0.047619047619047616 0.047619047619047616 0.047619047619047616 0.047619047619047616 0.19047619047619047
0.1111111111111111 0.05555555555555555 0.05555555555555555 0.05555555555555555 0.05555555555555555 0.05555555555555555 0.05555555555555555 0.05555555555555555 0.05555555555555555 0.05555555555555555 0.05555555555555555 0.1111111111111111 0.05555555555555555 0.1111111111111111 0.05555555555555555
0.05263157894736842 0.05263157894736842 0.05263157894736842 0.05263157894736842 0.10526315789473684 0.05263157894736842 0.15789473684210525 0.05263157894736842 0.10526315789473684 0.05263157894736842 0.05263157894736842 0.05263157894736842 0.05263157894736842 0.05263157894736842 0.05263157894736842
0.05555555555555555 0.05555555555555555 0.05555555555555555 0.05555555555555555 0.05555555555555555 0.05555555555555555 0.05555555555555555 0.05555555555555555 0.05555555555555555 0.05555555555555555 0.16666666666666666 0.05555555555555555 0.1111111111111111 0.05555555555555555 0.05555555555555555
0.043478260869565216 0.043478260869565216 0.17391304347826086 0.13043478260869565 0.043478260869565216 0.043478260869565216 0.043478260869565216 0.08695652173913043 0.08695652173913043 0.043478260869565216 0.043478260869565216 0.043478260869565216 0.08695652173913043 0.043478260869565216 0.043478260869565216
0.05 0.05 0.05 0.05 0.05 0.05 0.05 0.05 0.05 0.15 0.05 0.05 0.2 0.05 0.05
0.05263157894736842 0.05263157894736842 0.05263157894736842 0.05263157894736842 0.10526315789473684 0.10526315789473684 0.05263157894736842 0.05263157894736842 0.15789473684210525 0.05263157894736842 0.05263157894736842 0.05263157894736842 0.05263157894736842 0.05263157894736842 0.05263157894736842
0.05263157894736842 0.10526315789473684 0.05263157894736842 0.05263157894736842 0.05263157894736842 0.05263157894736842 0.10526315789473684 0.05263157894736842 0.05263157894736842 0.05263157894736842 0.10526315789473684 0.05263157894736842 0.10526315789473684 0.05263157894736842 0.05263157894736842
0.05 0.2 0.05 0.05 0.1 0.05 0.05 0.05 0.05 0.1 0.05 0.05 0.05 0.05 0.05
0.05263157894736842 0.05263157894736842 0.05263157894736842 0.05263157894736842 0.05263157894736842 0.05263157894736842 0.10526315789473684 0.05263157894736842 0.05263157894736842 0.05263157894736842 0.05263157894736842 0.21052631578947367 0.05263157894736842 0.05263157894736842 0.05263157894736842
0.058823529411764705 0.058823529411764705 0.058823529411764705 0.058823529411764705 0.11764705882352941 0.058823529411764705 0.058823529411764705 0.058823529411764705 0.058823529411764705 0.058823529411764705 0.058823529411764705 0.058823529411764705 0.058823529411764705 0.058823529411764705 0.11764705882352941
0.05555555555555555 0.05555555555555555 0.05555555555555555 0.05555555555555555 0.05555555555555555 0.05555555555555555 0.05555555555555555 0.05555555555555555 0.1111111111111111 0.05555555555555555 0.05555555555555555 0.05555555555555555 0.05555555555555555 0.16666666666666666 0.05555555555555555
0.05263157894736842 0.05263157894736842 0.05263157894736842 0.10526315789473684 0.05263157894736842 0.05263157894736842 0.05263157894736842 0.05263157894736842 0.05263157894736842 0.05263157894736842 0.15789473684210525 0.10526315789473684 0.05263157894736842 0.05263157894736842 0.05263157894736842
0.05 0.1 0.05 0.05 0.15 0.05 0.05 0.05 0.05 0.05 0.05 0.05 0.05 0.05 0.15
0.1 0.05 0.2 0.1 0.05 0.05 0.05 0.05 0.05 0.05 0.05 0.05 0.05 0.05 0.05
0.05 0.05 0.05 0.05 0.1 0.05 0.1 0.05 0.05 0.05 0.15 0.05 0.05 0.1 0.05
0.043478260869565216 0.13043478260869565 0.043478260869565216 0.043478260869565216 0.043478260869565216 0.13043478260869565 0.043478260869565216 0.043478260869565216 0.043478260869565216 0.043478260869565216 0.043478260869565216 0.08695652173913043 0.043478260869565216 0.08695652173913043 0.13043478260869565
0.041666666666666664 0.08333333333333333 0.041666666666666664 0.041666666666666664 0.041666666666666664 0.125 0.041666666666666664 0.041666666666666664 0.041666666666666664 0.041666666666666664 0.08333333333333333 0.041666666666666664 0.041666666666666664 0.08333333333333333 0.20833333333333334
0.08 0.04 0.08 0.04 0.04 0.12 0.04 0.08 0.04 0.04 0.04 0.08 0.04 0.2 0.04
0.07142857142857142 0.03571428571428571 0.03571428571428571 0.03571428571428571 0.03571428571428571 0.03571428571428571 0.07142857142857142 0.07142857142857142 0.03571428571428571 0.03571428571428571 0.07142857142857142 0.25 0.14285714285714285 0.03571428571428571 0.03571428571428571
0.05 0.05 0.05 0.05 0.05 0.05 0.1 0.05 0.05 0.05 0.2 0.05 0.1 0.05 0.05
0.045454545454545456 0.045454545454545456 0.09090909090909091 0.09090909090909091 0.09090909090909091 0.045454545454545456 0.045454545454545456 0.045454545454545456 0.045454545454545456 0.045454545454545456 0.045454545454545456 0.045454545454545456 0.045454545454545456 0.22727272727272727 0.045454545454545456
0.09090909090909091 0.06060606060606061 0.06060606060606061 0.030303030303030304 0.030303030303030304 0.030303030303030304 0.06060606060606061 0.15151515151515152 0.09090909090909091 0.21212121212121213 0.030303030303030304 0.06060606060606061 0.030303030303030304 0.030303030303030304 0.030303030303030304
0.043478260869565216 0.043478260869565216 0.043478260869565216 0.08695652173913043 0.043478260869565216 0.043478260869565216 0.043478260869565216 0.08695652173913043 0.043478260869565216 0.13043478260869565 0.043478260869565216 0.08695652173913043 0.17391304347826086 0.043478260869565216 0.043478260869565216
0.045454545454545456 0.045454545454545456 0.09090909090909091 0.13636363636363635 0.045454545454545456 0.045454545454545456 0.13636363636363635 0.045454545454545456 0.045454545454545456 0.09090909090909091 0.045454545454545456 0.045454545454545456 0.045454545454545456 0.045454545454545456 0.09090909090909091
0.05 0.05 0.1 0.15 0.05 0.05 0.05 0.05 0.05 0.15 0.05 0.05 0.05 0.05 0.05
0.02702702702702703 0.02702702702702703 0.02702702702702703 0.02702702702702703 0.02702702702702703 0.13513513513513514 0.02702702702702703 0.02702702702702703 0.05405405405405406 0.08108108108108109 0.02702702702702703 0.05405405405405406 0.02702702702702703 0.40540540540540543 0.02702702702702703
0.0625 0.03125 0.03125 0.03125 0.03125 0.03125 0.03125 0.03125 0.0625 0.09375 0.03125 0.09375 0.03125 0.375 0.03125
0.05263157894736842 0.05263157894736842 0.05263157894736842 0.05263157894736842 0.05263157894736842 0.05263157894736842 0.15789473684210525 0.05263157894736842 0.05263157894736842 0.05263157894736842 0.05263157894736842 0.05263157894736842 0.05263157894736842 0.05263157894736842 0.15789473684210525
0.07692307692307693 0.07692307692307693 0.038461538461538464 0.038461538461538464 0.038461538461538464 0.038461538461538464 0.038461538461538464 0.07692307692307693 0.11538461538461539 0.038461538461538464 0.038461538461538464 0.038461538461538464 0.11538461538461539 0.15384615384615385 0.07692307692307693
0.05263157894736842 0.05263157894736842 0.10526315789473684 0.05263157894736842 0.05263157894736842 0.10526315789473684 0.05263157894736842 0.05263157894736842 0.05263157894736842 0.05263157894736842 0.05263157894736842 0.10526315789473684 0.05263157894736842 0.10526315789473684 0.05263157894736842
0.043478260869565216 0.13043478260869565 0.08695652173913043 0.043478260869565216 0.043478260869565216 0.043478260869565216 0.13043478260869565 0.043478260869565216 0.043478260869565216 0.043478260869565216 0.043478260869565216 0.043478260869565216 0.043478260869565216 0.13043478260869565 0.08695652173913043
0.10344827586206896 0.06896551724137931 0.034482758620689655 0.06896551724137931 0.06896551724137931 0.06896551724137931 0.034482758620689655 0.13793103448275862 0.034482758620689655 0.20689655172413793 0.034482758620689655 0.034482758620689655 0.034482758620689655 0.034482758620689655 0.034482758620689655
0.04 0.04 0.04 0.04 0.16 0.12 0.08 0.08 0.04 0.08 0.04 0.04 0.04 0.04 0.12
0.041666666666666664 0.125 0.08333333333333333 0.125 0.08333333333333333 0.08333333333333333 0.041666666666666664 0.08333333333333333 0.041666666666666664 0.041666666666666664 0.041666666666666664 0.041666666666666664 0.041666666666666664 0.041666666666666664 0.08333333333333333
0.1 0.05 0.05 0.05 0.05 0.1 0.05 0.05 0.05 0.05 0.1 0.05 0.05 0.1 0.1
0.05263157894736842 0.10526315789473684 0.05263157894736842 0.05263157894736842 0.05263157894736842 0.05263157894736842 0.05263157894736842 0.05263157894736842 0.10526315789473684 0.05263157894736842 0.10526315789473684 0.05263157894736842 0.10526315789473684 0.05263157894736842 0.05263157894736842
0.05263157894736842 0.05263157894736842 0.15789473684210525 0.05263157894736842 0.05263157894736842 0.05263157894736842 0.05263157894736842 0.05263157894736842 0.05263157894736842 0.05263157894736842 0.05263157894736842 0.10526315789473684 0.05263157894736842 0.05263157894736842 0.10526315789473684
0.04 0.12 0.12 0.04 0.2 0.08 0.04 0.04 0.04 0.04 0.08 0.04 0.04 0.04 0.04
0.05 0.05 0.05 0.05 0.05 0.05 0.05 0.05 0.05 0.05 0.2 0.05 0.1 0.05 0.1
0.05263157894736842 0.10526315789473684 0.10526315789473684 0.05263157894736842 0.10526315789473684 0.05263157894736842 0.05263157894736842 0.05263157894736842 0.05263157894736842 0.05263157894736842 0.05263157894736842 0.05263157894736842 0.05263157894736842 0.10526315789473684 0.05263157894736842
0.05263157894736842 0.05263157894736842 0.05263157894736842 0.05263157894736842 0.05263157894736842 0.05263157894736842 0.05263157894736842 0.05263157894736842 0.05263157894736842 0.05263157894736842 0.2631578947368421 0.05263157894736842 0.05263157894736842 0.05263157894736842 0.05263157894736842
0.047619047619047616 0.047619047619047616 0.047619047619047616 0.09523809523809523 0.047619047619047616 0.047619047619047616 0.047619047619047616 0.09523809523809523 0.14285714285714285 0.14285714285714285 0.047619047619047616 0.047619047619047616 0.047619047619047616 0.047619047619047616 0.047619047619047616
0.09523809523809523 0.047619047619047616 0.047619047619047616 0.09523809523809523 0.14285714285714285 0.047619047619047616 0.09523809523809523 0.047619047619047616 0.047619047619047616 0.047619047619047616 0.047619047619047616 0.047619047619047616 0.09523809523809523 0.047619047619047616 0.047619047619047616
0.09523809523809523 0.047619047619047616 0.19047619047619047 0.047619047619047616 0.14285714285714285 0.047619047619047616 0.047619047619047616 0.047619047619047616 0.047619047619047616 0.047619047619047616 0.047619047619047616 0.047619047619047616 0.047619047619047616 0.047619047619047616 0.047619047619047616
0.09090909090909091 0.045454545454545456 0.045454545454545456 0.045454545454545456 0.045454545454545456 0.045454545454545456 0.09090909090909091 0.13636363636363635 0.045454545454545456 0.13636363636363635 0.045454545454545456 0.045454545454545456 0.045454545454545456 0.09090909090909091 0.045454545454545456
0.03125 0.09375 0.125 0.125 0.03125 0.125 0.0625 0.09375 0.03125 0.03125 0.03125 0.03125 0.09375 0.03125 0.0625
0.058823529411764705 0.058823529411764705 0.058823529411764705 0.058823529411764705 0.058823529411764705 0.058823529411764705 0.058823529411764705 0.058823529411764705 0.11764705882352941 0.058823529411764705 0.058823529411764705 0.058823529411764705 0.11764705882352941 0.058823529411764705 0.058823529411764705
0.041666666666666664 0.08333333333333333 0.041666666666666664 0.041666666666666664 0.08333333333333333 0.041666666666666664 0.08333333333333333 0.041666666666666664 0.041666666666666664 0.20833333333333334 0.041666666666666664 0.08333333333333333 0.041666666666666664 0.08333333333333333 0.041666666666666664
0.04 0.12 0.04 0.04 0.04 0.12 0.04 0.08 0.16 0.04 0.04 0.04 0.08 0.04 0.08
0.043478260869565216 0.043478260869565216 0.08695652173913043 0.043478260869565216 0.043478260869565216 0.043478260869565216 0.043478260869565216 0.043478260869565216 0.043478260869565216 0.043478260869565216 0.08695652173913043 0.08695652173913043 0.08695652173913043 0.17391304347826086 0.08695652173913043
0.041666666666666664 0.08333333333333333 0.08333333333333333 0.041666666666666664 0.041666666666666664 0.08333333333333333 0.041666666666666664 0.08333333333333333 0.08333333333333333 0.041666666666666664 0.041666666666666664 0.08333333333333333 0.041666666666666664 0.041666666666666664 0.16666666666666666
0.047619047619047616 0.09523809523809523 0.047619047619047616 0.047619047619047616 0.09523809523809523 0.19047619047619047 0.047619047619047616 0.09523809523809523 0.047619047619047616 0.047619047619047616 0.047619047619047616 0.047619047619047616 0.047619047619047616 0.047619047619047616 0.047619047619047616
0.041666666666666664 0.125 0.041666666666666664 0.16666666666666666 0.041666666666666664 0.125 0.041666666666666664 0.125 0.041666666666666664 0.041666666666666664 0.041666666666666664 0.041666666666666664 0.041666666666666664 0.041666666666666664 0.041666666666666664
0.037037037037037035 0.18518518518518517 0.14814814814814814 0.037037037037037035 0.1111111111111111 0.037037037037037035 0.037037037037037035 0.037037037037037035 0.037037037037037035 0.037037037037037035 0.1111111111111111 0.037037037037037035 0.07407407407407407 0.037037037037037035 0.037037037037037035
0.03333333333333333 0.06666666666666667 0.03333333333333333 0.03333333333333333 0.03333333333333333 0.03333333333333333 0.1 0.03333333333333333 0.03333333333333333 0.06666666666666667 0.13333333333333333 0.1 0.16666666666666666 0.03333333333333333 0.1
0.11764705882352941 0.058823529411764705 0.058823529411764705 0.058823529411764705 0.058823529411764705 0.058823529411764705 0.058823529411764705 0.058823529411764705 0.058823529411764705 0.058823529411764705 0.058823529411764705 0.11764705882352941 0.058823529411764705 0.058823529411764705 0.058823529411764705
0.2708333333333333 0.020833333333333332 0.041666666666666664 0.020833333333333332 0.020833333333333332 0.020833333333333332 0.041666666666666664 0.020833333333333332 0.041666666666666664 0.020833333333333332 0.08333333333333333 0.20833333333333334 0.020833333333333332 0.14583333333333334 0.020833333333333332
0.18181818181818182 0.09090909090909091 0.09090909090909091 0.045454545454545456 0.045454545454545456 0.09090909090909091 0.045454545454545456 0.045454545454545456 0.045454545454545456 0.09090909090909091 0.045454545454545456 0.045454545454545456 0.045454545454545456 0.045454545454545456 0.045454545454545456
0.05 0.05 0.05 0.05 0.1 0.05 0.05 0.05 0.1 0.05 0.05 0.2 0.05 0.05 0.05
0.05263157894736842 0.05263157894736842 0.05263157894736842 0.05263157894736842 0.15789473684210525 0.05263157894736842 0.05263157894736842 0.05263157894736842 0.05263157894736842 0.05263157894736842 0.05263157894736842 0.05263157894736842 0.05263157894736842 0.10526315789473684 0.10526315789473684
0.041666666666666664 0.16666666666666666 0.08333333333333333 0.041666666666666664 0.041666666666666664 0.08333333333333333 0.08333333333333333 0.08333333333333333 0.08333333333333333 0.08333333333333333 0.041666666666666664 0.041666666666666664 0.041666666666666664 0.041666666666666664 0.041666666666666664
0.07142857142857142 0.03571428571428571 0.03571428571428571 0.03571428571428571 0.07142857142857142 0.03571428571428571 0.07142857142857142 0.14285714285714285 0.03571428571428571 0.14285714285714285 0.07142857142857142 0.03571428571428571 0.03571428571428571 0.14285714285714285 0.03571428571428571
0.07142857142857142 0.03571428571428571 0.07142857142857142 0.10714285714285714 0.07142857142857142 0.07142857142857142 0.07142857142857142 0.03571428571428571 0.03571428571428571 0.07142857142857142 0.17857142857142858 0.03571428571428571 0.07142857142857142 0.03571428571428571 0.03571428571428571
0.05263157894736842 0.10526315789473684 0.05263157894736842 0.05263157894736842 0.05263157894736842 0.05263157894736842 0.05263157894736842 0.05263157894736842 0.05263157894736842 0.05263157894736842 0.15789473684210525 0.05263157894736842 0.10526315789473684 0.05263157894736842 0.05263157894736842
0.1111111111111111 0.05555555555555555 0.05555555555555555 0.05555555555555555 0.05555555555555555 0.05555555555555555 0.05555555555555555 0.1111111111111111 0.1111111111111111 0.05555555555555555 0.05555555555555555 0.05555555555555555 0.05555555555555555 0.05555555555555555 0.05555555555555555
0.045454545454545456 0.045454545454545456 0.045454545454545456 0.045454545454545456 0.09090909090909091 0.045454545454545456 0.18181818181818182 0.09090909090909091 0.045454545454545456 0.09090909090909091 0.045454545454545456 0.09090909090909091 0.045454545454545456 0.045454545454545456 0.045454545454545456
0.058823529411764705 0.058823529411764705 0.058823529411764705 0.058823529411764705 0.058823529411764705 0.058823529411764705 0.11764705882352941 0.11764705882352941 0.058823529411764705 0.058823529411764705 0.058823529411764705 0.058823529411764705 0.058823529411764705 0.058823529411764705 0.058823529411764705
0.07692307692307693 0.038461538461538464 0.07692307692307693 0.038461538461538464 0.07692307692307693 0.07692307692307693 0.038461538461538464 0.15384615384615385 0.038461538461538464 0.038461538461538464 0.038461538461538464 0.15384615384615385 0.07692307692307693 0.038461538461538464 0.038461538461538464
0.21428571428571427 0.023809523809523808 0.023809523809523808 0.047619047619047616 0.023809523809523808 0.23809523809523808 0.023809523809523808 0.047619047619047616 0.07142857142857142 0.023809523809523808 0.14285714285714285 0.023809523809523808 0.023809523809523808 0.023809523809523808 0.047619047619047616
0.11764705882352941 0.11764705882352941 0.058823529411764705 0.058823529411764705 0.058823529411764705 0.058823529411764705 0.058823529411764705 0.058823529411764705 0.058823529411764705 0.058823529411764705 0.058823529411764705 0.058823529411764705 0.058823529411764705 0.058823529411764705 0.058823529411764705
0.045454545454545456 0.045454545454545456 0.09090909090909091 0.045454545454545456 0.045454545454545456 0.045454545454545456 0.045454545454545456 0.09090909090909091 0.045454545454545456 0.09090909090909091 0.045454545454545456 0.09090909090909091 0.09090909090909091 0.09090909090909091 0.09090909090909091
0.2894736842105263 0.07894736842105263 0.05263157894736842 0.02631578947368421 0.07894736842105263 0.02631578947368421 0.10526315789473684 0.02631578947368421 0.02631578947368421 0.02631578947368421 0.07894736842105263 0.05263157894736842 0.05263157894736842 0.02631578947368421 0.05263157894736842
0.2857142857142857 0.03571428571428571 0.03571428571428571 0.03571428571428571 0.03571428571428571 0.03571428571428571 0.07142857142857142 0.03571428571428571 0.07142857142857142 0.10714285714285714 0.07142857142857142 0.03571428571428571 0.03571428571428571 0.07142857142857142 0.03571428571428571
0.05555555555555555 0.05555555555555555 0.1111111111111111 0.05555555555555555 0.16666666666666666 0.05555555555555555 0.05555555555555555 0.05555555555555555 0.05555555555555555 0.05555555555555555 0.05555555555555555 0.05555555555555555 0.05555555555555555 0.05555555555555555 0.05555555555555555
0.09090909090909091 0.045454545454545456 0.045454545454545456 0.045454545454545456 0.045454545454545456 0.045454545454545456 0.09090909090909091 0.045454545454545456 0.045454545454545456 0.18181818181818182 0.045454545454545456 0.045454545454545456 0.045454545454545456 0.09090909090909091 0.09090909090909091
0.05263157894736842 0.05263157894736842 0.05263157894736842 0.05263157894736842 0.05263157894736842 0.05263157894736842 0.05263157894736842 0.10526315789473684 0.05263157894736842 0.15789473684210525 0.05263157894736842 0.05263157894736842 0.10526315789473684 0.05263157894736842 0.05263157894736842
0.1111111111111111 0.05555555555555555 0.05555555555555555 0.05555555555555555 0.05555555555555555 0.1111111111111111 0.05555555555555555 0.05555555555555555 0.05555555555555555 0.05555555555555555 0.05555555555555555 0.1111111111111111 0.05555555555555555 0.05555555555555555 0.05555555555555555
0.08 0.04 0.04 0.08 0.04 0.04 0.04 0.08 0.04 0.24 0.04 0.04 0.04 0.04 0.12
0.32142857142857145 0.07142857142857142 0.10714285714285714 0.03571428571428571 0.03571428571428571 0.07142857142857142 0.03571428571428571 0.03571428571428571 0.03571428571428571 0.07142857142857142 0.03571428571428571 0.03571428571428571 0.03571428571428571 0.03571428571428571 0.03571428571428571
0.041666666666666664 0.08333333333333333 0.08333333333333333 0.041666666666666664 0.041666666666666664 0.08333333333333333 0.08333333333333333 0.041666666666666664 0.041666666666666664 0.041666666666666664 0.08333333333333333 0.041666666666666664 0.08333333333333333 0.08333333333333333 0.125
0.21212121212121213 0.09090909090909091 0.030303030303030304 0.030303030303030304 0.030303030303030304 0.030303030303030304 0.06060606060606061 0.030303030303030304 0.030303030303030304 0.030303030303030304 0.030303030303030304 0.030303030303030304 0.21212121212121213 0.030303030303030304 0.12121212121212122
0.21739130434782608 0.043478260869565216 0.043478260869565216 0.043478260869565216 0.13043478260869565 0.043478260869565216 0.043478260869565216 0.08695652173913043 0.043478260869565216 0.043478260869565216 0.043478260869565216 0.043478260869565216 0.043478260869565216 0.08695652173913043 0.043478260869565216
0.0625 0.0625 0.0625 0.0625 0.0625 0.0625 0.0625 0.125 0.0625 0.0625 0.0625 0.0625 0.0625 0.0625 0.0625
0.3333333333333333 0.041666666666666664 0.041666666666666664 0.08333333333333333 0.041666666666666664 0.041666666666666664 0.041666666666666664 0.041666666666666664 0.041666666666666664 0.08333333333333333 0.041666666666666664 0.041666666666666664 0.041666666666666664 0.041666666666666664 0.041666666666666664
0.05263157894736842 0.10526315789473684 0.05263157894736842 0.05263157894736842 0.05263157894736842 0.15789473684210525 0.05263157894736842 0.10526315789473684 0.05263157894736842 0.05263157894736842 0.05263157894736842 0.05263157894736842 0.05263157894736842 0.05263157894736842 0.05263157894736842
0.07692307692307693 0.07692307692307693 0.038461538461538464 0.07692307692307693 0.038461538461538464 0.038461538461538464 0.07692307692307693 0.11538461538461539 0.038461538461538464 0.07692307692307693 0.07692307692307693 0.07692307692307693 0.07692307692307693 0.07692307692307693 0.038461538461538464
0.04 0.08 0.04 0.04 0.04 0.12 0.04 0.08 0.04 0.04 0.28 0.04 0.04 0.04 0.04
0.05714285714285714 0.02857142857142857 0.11428571428571428 0.08571428571428572 0.02857142857142857 0.02857142857142857 0.02857142857142857 0.02857142857142857 0.08571428571428572 0.2 0.02857142857142857 0.17142857142857143 0.05714285714285714 0.02857142857142857 0.02857142857142857
0.05555555555555555 0.05555555555555555 0.05555555555555555 0.05555555555555555 0.05555555555555555 0.05555555555555555 0.05555555555555555 0.1111111111111111 0.05555555555555555 0.16666666666666666 0.05555555555555555 0.05555555555555555 0.05555555555555555 0.05555555555555555 0.05555555555555555
0.05555555555555555 0.05555555555555555 0.05555555555555555 0.16666666666666666 0.05555555555555555 0.05555555555555555 0.05555555555555555 0.05555555555555555 0.05555555555555555 0.05555555555555555 0.05555555555555555 0.1111111111111111 0.05555555555555555 0.05555555555555555 0.05555555555555555
0.08333333333333333 0.125 0.041666666666666664 0.041666666666666664 0.125 0.041666666666666664 0.08333333333333333 0.041666666666666664 0.08333333333333333 0.041666666666666664 0.08333333333333333 0.041666666666666664 0.08333333333333333 0.041666666666666664 0.041666666666666664
0.05555555555555555 0.05555555555555555 0.05555555555555555 0.05555555555555555 0.05555555555555555 0.05555555555555555 0.05555555555555555 0.05555555555555555 0.05555555555555555 0.1111111111111111 0.1111111111111111 0.05555555555555555 0.05555555555555555 0.05555555555555555 0.1111111111111111
0.058823529411764705 0.058823529411764705 0.058823529411764705 0.058823529411764705 0.058823529411764705 0.058823529411764705 0.058823529411764705 0.058823529411764705 0.11764705882352941 0.058823529411764705 0.11764705882352941 0.058823529411764705 0.058823529411764705 0.058823529411764705 0.058823529411764705
0.05263157894736842 0.05263157894736842 0.05263157894736842 0.05263157894736842 0.05263157894736842 0.05263157894736842 0.05263157894736842 0.05263157894736842 0.10526315789473684 0.15789473684210525 0.05263157894736842 0.05263157894736842 0.05263157894736842 0.10526315789473684 0.05263157894736842
0.05 0.1 0.1 0.1 0.05 0.05 0.05 0.05 0.05 0.05 0.05 0.1 0.05 0.05 0.1
0.058823529411764705 0.058823529411764705 0.058823529411764705 0.058823529411764705 0.058823529411764705 0.058823529411764705 0.058823529411764705 0.058823529411764705 0.058823529411764705 0.17647058823529413 0.058823529411764705 0.058823529411764705 0.058823529411764705 0.058823529411764705 0.058823529411764705
0.23333333333333334 0.03333333333333333 0.06666666666666667 0.03333333333333333 0.03333333333333333 0.03333333333333333 0.06666666666666667 0.1 0.06666666666666667 0.03333333333333333 0.06666666666666667 0.03333333333333333 0.06666666666666667 0.1 0.03333333333333333
0.3333333333333333 0.037037037037037035 0.07407407407407407 0.07407407407407407 0.037037037037037035 0.037037037037037035 0.037037037037037035 0.037037037037037035 0.037037037037037035 0.07407407407407407 0.037037037037037035 0.037037037037037035 0.07407407407407407 0.037037037037037035 0.037037037037037035
0.058823529411764705 0.058823529411764705 0.058823529411764705 0.058823529411764705 0.058823529411764705 0.058823529411764705 0.058823529411764705 0.058823529411764705 0.058823529411764705 0.058823529411764705 0.11764705882352941 0.058823529411764705 0.058823529411764705 0.058823529411764705 0.11764705882352941
0.07407407407407407 0.037037037037037035 0.037037037037037035 0.037037037037037035 0.037037037037037035 0.037037037037037035 0.1111111111111111 0.07407407407407407 0.07407407407407407 0.2962962962962963 0.037037037037037035 0.037037037037037035 0.037037037037037035 0.037037037037037035 0.037037037037037035
0.09523809523809523 0.047619047619047616 0.047619047619047616 0.047619047619047616 0.09523809523809523 0.09523809523809523 0.047619047619047616 0.19047619047619047 0.047619047619047616 0.047619047619047616 0.047619047619047616 0.047619047619047616 0.047619047619047616 0.047619047619047616 0.047619047619047616
0.058823529411764705 0.058823529411764705 0.058823529411764705 0.058823529411764705 0.11764705882352941 0.058823529411764705 0.058823529411764705 0.058823529411764705 0.058823529411764705 0.058823529411764705 0.058823529411764705 0.058823529411764705 0.058823529411764705 0.058823529411764705 0.11764705882352941
0.05263157894736842 0.05263157894736842 0.10526315789473684 0.05263157894736842 0.05263157894736842 0.05263157894736842 0.05263157894736842 0.10526315789473684 0.10526315789473684 0.10526315789473684 0.05263157894736842 0.05263157894736842 0.05263157894736842 0.05263157894736842 0.05263157894736842
0.047619047619047616 0.09523809523809523 0.047619047619047616 0.047619047619047616 0.09523809523809523 0.047619047619047616 0.047619047619047616 0.047619047619047616 0.047619047619047616 0.047619047619047616 0.047619047619047616 0.09523809523809523 0.047619047619047616 0.047619047619047616 0.19047619047619047
0.05263157894736842 0.05263157894736842 0.05263157894736842 0.05263157894736842 0.05263157894736842 0.10526315789473684 0.05263157894736842 0.05263157894736842 0.10526315789473684 0.10526315789473684 0.05263157894736842 0.05263157894736842 0.05263157894736842 0.05263157894736842 0.10526315789473684
0.05555555555555555 0.1111111111111111 0.05555555555555555 0.05555555555555555 0.05555555555555555 0.05555555555555555 0.05555555555555555 0.05555555555555555 0.05555555555555555 0.05555555555555555 0.1111111111111111 0.05555555555555555 0.05555555555555555 0.05555555555555555 0.1111111111111111
0.05555555555555555 0.05555555555555555 0.05555555555555555 0.05555555555555555 0.05555555555555555 0.05555555555555555 0.05555555555555555 0.05555555555555555 0.05555555555555555 0.05555555555555555 0.05555555555555555 0.1111111111111111 0.16666666666666666 0.05555555555555555 0.05555555555555555
0.02564102564102564 0.05128205128205128 0.05128205128205128 0.02564102564102564 0.02564102564102564 0.02564102564102564 0.10256410256410256 0.02564102564102564 0.05128205128205128 0.07692307692307693 0.1794871794871795 0.10256410256410256 0.07692307692307693 0.1282051282051282 0.05128205128205128
0.03333333333333333 0.03333333333333333 0.2 0.13333333333333333 0.03333333333333333 0.16666666666666666 0.06666666666666667 0.03333333333333333 0.03333333333333333 0.03333333333333333 0.03333333333333333 0.06666666666666667 0.06666666666666667 0.03333333333333333 0.03333333333333333
0.03333333333333333 0.03333333333333333 0.03333333333333333 0.03333333333333333 0.2 0.06666666666666667 0.1 0.06666666666666667 0.03333333333333333 0.06666666666666667 0.03333333333333333 0.06666666666666667 0.1 0.03333333333333333 0.1
0.09523809523809523 0.09523809523809523 0.047619047619047616 0.047619047619047616 0.047619047619047616 0.047619047619047616 0.047619047619047616 0.09523809523809523 0.047619047619047616 0.047619047619047616 0.047619047619047616 0.09523809523809523 0.047619047619047616 0.14285714285714285 0.047619047619047616
0.043478260869565216 0.08695652173913043 0.043478260869565216 0.043478260869565216 0.08695652173913043 0.08695652173913043 0.08695652173913043 0.043478260869565216 0.043478260869565216 0.043478260869565216 0.21739130434782608 0.043478260869565216 0.043478260869565216 0.043478260869565216 0.043478260869565216
0.08333333333333333 0.08333333333333333 0.041666666666666664 0.041666666666666664 0.08333333333333333 0.041666666666666664 0.041666666666666664 0.041666666666666664 0.16666666666666666 0.041666666666666664 0.041666666666666664 0.08333333333333333 0.041666666666666664 0.08333333333333333 0.08333333333333333
0.05555555555555555 0.05555555555555555 0.05555555555555555 0.05555555555555555 0.05555555555555555 0.05555555555555555 0.05555555555555555 0.05555555555555555 0.05555555555555555 0.05555555555555555 0.16666666666666666 0.05555555555555555 0.1111111111111111 0.05555555555555555 0.05555555555555555
0.05555555555555555 0.05555555555555555 0.05555555555555555 0.05555555555555555 0.16666666666666666 0.05555555555555555 0.05555555555555555 0.05555555555555555 0.05555555555555555 0.05555555555555555 0.05555555555555555 0.05555555555555555 0.05555555555555555 0.1111111111111111 0.05555555555555555
0.045454545454545456 0.045454545454545456 0.09090909090909091 0.045454545454545456 0.09090909090909091 0.045454545454545456 0.09090909090909091 0.09090909090909091 0.09090909090909091 0.09090909090909091 0.045454545454545456 0.045454545454545456 0.09090909090909091 0.045454545454545456 0.045454545454545456
0.09090909090909091 0.045454545454545456 0.09090909090909091 0.045454545454545456 0.045454545454545456 0.045454545454545456 0.045454545454545456 0.045454545454545456 0.045454545454545456 0.045454545454545456 0.045454545454545456 0.045454545454545456 0.13636363636363635 0.18181818181818182 0.045454545454545456
0.1 0.1 0.05 0.1 0.05 0.1 0.05 0.05 0.05 0.05 0.05 0.05 0.05 0.1 0.05
0.041666666666666664 0.16666666666666666 0.125 0.041666666666666664 0.08333333333333333 0.041666666666666664 0.041666666666666664 0.041666666666666664 0.041666666666666664 0.08333333333333333 0.08333333333333333 0.041666666666666664 0.041666666666666664 0.041666666666666664 0.08333333333333333
