0.1927536231884059 0.056521739130434866 0.2995169082125604 0.367632850241546 0.08357487922705323
0.11944444444444448 0.11759259259259264 0.1907407407407407 0.41759259259259246 0.15462962962962978
0.11888888888888872 0.1088888888888887 0.1255555555555554 0.5244444444444448 0.12222222222222201
0.3366013071895421 0.10588235294117633 0.18692810457516318 0.08169934640522863 0.28888888888888864
0.18253968253968236 0.07857142857142853 0.4039682539682539 0.22857142857142843 0.1063492063492063
0.29824561403508754 0.13216374269005834 0.2941520467836258 0.16198830409356718 0.11345029239766075
0.13535353535353542 0.14343434343434355 0.3151515151515154 0.1424242424242426 0.26363636363636384
0.24074074074074045 0.12469135802469113 0.28395061728395027 0.14938271604938247 0.20123456790123434
0.13086419753086398 0.1185185185185183 0.16296296296296267 0.4691358024691356 0.11851851851851827
0.4450617283950616 0.07530864197530854 0.2870370370370368 0.06851851851851838 0.12407407407407395
0.07444444444444437 0.10833333333333334 0.2466666666666667 0.45666666666666683 0.11388888888888893
0.08263888888888889 0.14722222222222223 0.075 0.06875 0.6263888888888889
0.3088888888888889 0.10222222222222206 0.32555555555555543 0.10444444444444426 0.15888888888888866
0.14938271604938247 0.13086419753086398 0.4358024691358023 0.12098765432098742 0.16296296296296275
0.5023809523809523 0.16111111111111098 0.1063492063492063 0.1158730158730158 0.11428571428571424
0.23395061728395058 0.07777777777777765 0.20617283950617282 0.06296296296296285 0.4191358024691356
0.0648148148148147 0.15123456790123438 0.14753086419753067 0.06481481481481469 0.5716049382716054
0.16363636363636386 0.2696969696969699 0.2353535353535354 0.14646464646464666 0.18484848484848498
0.3155555555555556 0.11999999999999983 0.19888888888888875 0.1766666666666665 0.18888888888888877
0.25833333333333336 0.20347222222222222 0.16111111111111112 0.15902777777777777 0.21805555555555556
0.48015873015873023 0.09603174603174602 0.14047619047619037 0.1269841269841269 0.15634920634920618
0.20505050505050512 0.2909090909090912 0.3020202020202021 0.10303030303030306 0.09898989898989902
0.616339869281046 0.0836601307189541 0.11307189542483645 0.08235294117647043 0.10457516339869266
0.2981481481481481 0.16666666666666646 0.16851851851851832 0.16666666666666646 0.19999999999999987
0.5132275132275133 0.06878306878306871 0.2671957671957669 0.06455026455026447 0.08624338624338619
0.13518518518518524 0.19351851851851853 0.28981481481481475 0.12777777777777782 0.25370370370370365
0.09247311827956983 0.08422939068100353 0.6663082437275986 0.060931899641577025 0.09605734767025088
0.28376068376068336 0.1589743589743588 0.29059829059829034 0.1196581196581196 0.14700854700854682
0.2683760683760681 0.14957264957264943 0.327350427350427 0.09914529914529904 0.15555555555555545
0.09777777777777777 0.08148148148148147 0.46370370370370345 0.08074074074074075 0.2762962962962962
0.16725146198830404 0.16315789473684197 0.1005847953216374 0.3116959064327484 0.2573099415204677
0.16363636363636375 0.40202020202020206 0.13131313131313146 0.18484848484848493 0.11818181818181832
0.44761904761904747 0.1587301587301587 0.18888888888888894 0.06587301587301583 0.13888888888888903
0.0691358024691357 0.09629629629629617 0.07098765432098754 0.6012345679012352 0.16234567901234548
0.35 0.14722222222222223 0.20416666666666666 0.14722222222222223 0.15138888888888888
0.21851851851851822 0.14197530864197508 0.24567901234567868 0.12222222222222198 0.2716049382716046
0.36222222222222217 0.10777777777777761 0.2844444444444444 0.10666666666666652 0.1388888888888887
0.21812865497076023 0.14152046783625727 0.15321637426900572 0.115204678362573 0.3719298245614035
0.45641025641025634 0.1256410256410255 0.18205128205128185 0.12393162393162385 0.11196581196581186
0.28888888888888886 0.13472222222222222 0.20416666666666666 0.1388888888888889 0.23333333333333334
0.26666666666666666 0.19722222222222222 0.1638888888888889 0.18055555555555555 0.19166666666666668
0.22962962962962966 0.23703703703703713 0.14999999999999997 0.12592592592592602 0.2574074074074073
0.4092592592592592 0.1407407407407408 0.13796296296296298 0.13611111111111115 0.1759259259259259
0.14652777777777778 0.12083333333333333 0.39305555555555555 0.11527777777777778 0.22430555555555556
0.434006734006734 0.08249158249158244 0.12390572390572399 0.07373737373737368 0.2858585858585859
0.061507936507936456 0.06349206349206345 0.6063492063492065 0.15674603174603166 0.11190476190476197
0.34074074074074034 0.1740740740740738 0.14074074074074044 0.2024691358024689 0.14197530864197508
0.4111111111111111 0.11794871794871785 0.1307692307692307 0.10256410256410248 0.2376068376068375
0.10256410256410248 0.48717948717948734 0.12564102564102553 0.10256410256410252 0.18205128205128188
0.27460317460317424 0.13227513227513218 0.08518518518518513 0.2534391534391532 0.2544973544973543
0.2010101010101011 0.097979797979798 0.48686868686868695 0.1202020202020203 0.09393939393939392
0.3267361111111111 0.19583333333333333 0.32013888888888886 0.0798611111111111 0.07743055555555556
0.14583333333333334 0.12777777777777777 0.1486111111111111 0.2625 0.31527777777777777
0.11728395061728375 0.22098765432098721 0.15925925925925896 0.2086419753086416 0.29382716049382673
0.125 0.125 0.125 0.5 0.125
0.5965811965811968 0.08119658119658113 0.1290598290598289 0.082051282051282 0.11111111111111108
0.12777777777777757 0.1588888888888887 0.17222222222222205 0.29888888888888887 0.24222222222222228
0.3888888888888889 0.09537037037037031 0.23055555555555549 0.09814814814814808 0.1870370370370371
0.2148148148148146 0.14691358024691337 0.16296296296296273 0.15308641975308612 0.3222222222222219
0.11888888888888872 0.433333333333333 0.10999999999999985 0.2211111111111109 0.11666666666666647
0.10317460317460314 0.4253968253968252 0.11190476190476183 0.2523809523809524 0.1071428571428571
0.11728395061728371 0.12222222222222198 0.15308641975308618 0.49382716049382713 0.11358024691358003
0.16111111111111096 0.25777777777777766 0.3033333333333334 0.13222222222222202 0.14555555555555535
0.21975308641975277 0.12839506172839485 0.17037037037037012 0.15308641975308615 0.3283950617283945
0.5119658119658117 0.08376068376068369 0.21282051282051262 0.09829059829059822 0.09316239316239308
0.1476190476190475 0.3142857142857139 0.1603174603174602 0.1619047619047618 0.2158730158730157
0.4513888888888889 0.12638888888888888 0.14722222222222223 0.12638888888888888 0.1486111111111111
0.11358024691358003 0.14444444444444418 0.11851851851851827 0.5049382716049382 0.1185185185185183
0.13555555555555537 0.2288888888888891 0.3122222222222222 0.14333333333333315 0.17999999999999988
0.1622222222222222 0.25444444444444436 0.31777777777777777 0.08666666666666657 0.1788888888888889
0.45308641975308633 0.14691358024691328 0.13703703703703682 0.12962962962962937 0.1333333333333331
0.24166666666666667 0.1763888888888889 0.2111111111111111 0.1597222222222222 0.2111111111111111
0.22 0.2033333333333334 0.21555555555555547 0.16777777777777764 0.19333333333333325
0.24222222222222234 0.09999999999999983 0.13444444444444426 0.39999999999999936 0.12333333333333317
0.4564814814814816 0.12592592592592594 0.11759259259259258 0.10555555555555551 0.19444444444444445
0.5341880341880341 0.11880341880341867 0.1136752136752136 0.10683760683760674 0.12649572649572635
0.16825396825396813 0.10158730158730155 0.43412698412698386 0.15158730158730144 0.1444444444444443
0.11111111111111105 0.09920634920634919 0.5952380952380956 0.09603174603174597 0.09841269841269834
0.35259259259259224 0.08222222222222221 0.29333333333333306 0.1066666666666667 0.16518518518518507
0.1111111111111109 0.1111111111111109 0.11728395061728374 0.3037037037037032 0.3567901234567895
0.2049382716049383 0.1432098765432097 0.09753086419753071 0.3074074074074074 0.24691358024691348
0.18650793650793643 0.12063492063492054 0.24682539682539684 0.27222222222222225 0.17380952380952366
0.17777777777777773 0.19925925925925914 0.34148148148148116 0.1437037037037036 0.13777777777777764
0.11444444444444428 0.11333333333333315 0.10888888888888874 0.4166666666666662 0.24666666666666662
0.1074074074074074 0.0944444444444444 0.5018518518518519 0.09537037037037027 0.20092592592592587
0.08550724637681166 0.7318840579710149 0.06521739130434791 0.05652173913043489 0.0608695652173914
0.16068376068376053 0.35982905982905933 0.10085470085470079 0.27350427350427314 0.10512820512820503
0.13333333333333333 0.1375 0.1375 0.4527777777777778 0.1388888888888889
0.4333333333333332 0.09074074074074064 0.19074074074074077 0.09629629629629627 0.18888888888888888
0.11666666666666649 0.4833333333333333 0.12888888888888875 0.11444444444444424 0.1566666666666665
0.1604938271604939 0.05761316872427989 0.6658436213991767 0.05720164609053503 0.05884773662551445
0.2606060606060606 0.13636363636363646 0.27626262626262615 0.053535353535353554 0.27323232323232327
0.08174603174603172 0.3587301587301586 0.08492063492063487 0.07698412698412695 0.39761904761904737
0.13209876543209853 0.18518518518518495 0.13086419753086398 0.12962962962962937 0.42222222222222205
0.12916666666666668 0.08125 0.09930555555555555 0.2875 0.4027777777777778
0.4148148148148143 0.1654320987654318 0.13580246913580224 0.11728395061728371 0.16666666666666644
0.40769230769230747 0.17777777777777756 0.1273504273504272 0.12393162393162382 0.16324786324786308
0.11520467836257296 0.49005847953216364 0.17953216374269 0.07368421052631573 0.14152046783625724
0.1659259259259258 0.10814814814814813 0.48444444444444457 0.11629629629629622 0.12518518518518512
0.48650793650793644 0.12619047619047608 0.15238095238095228 0.09523809523809519 0.13968253968253955
0.15555555555555545 0.31269841269841236 0.15873015873015867 0.1507936507936507 0.2222222222222221
0.4355555555555554 0.12444444444444427 0.16111111111111096 0.11111111111111094 0.1677777777777776
0.11481481481481458 0.11481481481481458 0.1358024691358022 0.5000000000000001 0.1345679012345677
0.11444444444444428 0.10888888888888872 0.5522222222222226 0.10444444444444427 0.11999999999999986
0.11604938271604917 0.21851851851851808 0.11975308641975284 0.3876543209876538 0.15802469135802447
0.1579365079365078 0.10873015873015868 0.5325396825396825 0.10158730158730155 0.09920634920634917
0.3933333333333333 0.2429629629629628 0.12518518518518512 0.08222222222222221 0.15629629629629616
0.1166666666666665 0.12888888888888872 0.12666666666666654 0.4833333333333333 0.14444444444444424
0.5012345679012347 0.1259259259259257 0.13209876543209856 0.1111111111111109 0.12962962962962937
0.22136752136752103 0.24273504273504226 0.1777777777777775 0.23418803418803374 0.12393162393162381
0.32839506172839456 0.1296296296296294 0.1333333333333331 0.16543209876543186 0.2432098765432095
0.11234567901234546 0.11234567901234546 0.1111111111111109 0.5530864197530875 0.1111111111111109
0.098989898989899 0.5969696969696964 0.09595959595959597 0.10606060606060616 0.10202020202020205
0.10000000000000003 0.12121212121212133 0.2979797979797981 0.3000000000000001 0.18080808080808095
0.14848484848484866 0.15757575757575773 0.3212121212121212 0.1484848484848485 0.2242424242424244
0.16428571428571412 0.17777777777777765 0.30793650793650784 0.1642857142857142 0.18571428571428555
0.08796296296296285 0.49814814814814834 0.14166666666666672 0.10833333333333334 0.1638888888888888
0.09743589743589741 0.5598290598290598 0.12136752136752123 0.08717948717948709 0.13418803418803407
0.5202020202020201 0.0808080808080809 0.15404040404040406 0.14090909090909096 0.10404040404040411
0.18888888888888877 0.20476190476190462 0.21428571428571425 0.20317460317460304 0.1888888888888888
0.1484126984126983 0.5753968253968252 0.10158730158730152 0.08015873015873012 0.09444444444444443
0.5474074074074077 0.09481481481481477 0.13037037037037028 0.11777777777777773 0.10962962962962959
0.4074074074074074 0.12839506172839485 0.1481481481481479 0.12222222222222198 0.1938271604938269
0.09914529914529907 0.14017094017094006 0.31111111111111067 0.3572649572649568 0.09230769230769227
0.07857142857142849 0.6484126984126989 0.08253968253968247 0.07857142857142849 0.11190476190476184
0.14141414141414152 0.1393939393939395 0.20404040404040416 0.2323232323232324 0.282828282828283
0.15128205128205116 0.222222222222222 0.2632478632478629 0.1905982905982904 0.17264957264957248
0.6626984126984137 0.07380952380952377 0.09841269841269835 0.07301587301587295 0.09206349206349203
0.13571428571428562 0.15634920634920624 0.17539682539682525 0.10793650793650787 0.42460317460317454
0.09019607843137241 0.15620915032679716 0.27124183006535907 0.3686274509803916 0.11372549019607828
0.4128205128205124 0.08547008547008543 0.25128205128205083 0.08205128205128198 0.16837606837606828
0.12121212121212126 0.1777777777777779 0.24040404040404056 0.21313131313131323 0.2474747474747476
0.5222222222222223 0.10476190476190467 0.21640211640211618 0.0592592592592592 0.09735449735449729
0.06555555555555546 0.081111111111111 0.18666666666666676 0.4316666666666666 0.23500000000000007
0.22380952380952376 0.14444444444444438 0.1476190476190475 0.14285714285714277 0.34126984126984083
0.054999999999999924 0.32166666666666693 0.0638888888888888 0.05888888888888881 0.5005555555555555
0.21728395061728362 0.3481481481481477 0.14320987654320963 0.13086419753086395 0.1604938271604935
0.07863247863247858 0.08034188034188025 0.08376068376068366 0.08205128205128197 0.6752136752136757
0.2040935672514621 0.04122807017543858 0.1909356725146199 0.21198830409356723 0.35175438596491226
0.5766666666666673 0.09999999999999983 0.1077777777777776 0.09999999999999983 0.11555555555555538
0.24722222222222226 0.17129629629629628 0.32777777777777767 0.1333333333333333 0.12037037037037034
0.10052910052910043 0.17354497354497342 0.14682539682539664 0.13862433862433846 0.4404761904761903
0.24555555555555558 0.12444444444444426 0.31999999999999995 0.11666666666666645 0.19333333333333333
0.44444444444444453 0.1539682539682538 0.13095238095238088 0.11666666666666661 0.15396825396825387
0.2814814814814811 0.18765432098765414 0.20740740740740718 0.1444444444444442 0.17901234567901203
0.30317460317460304 0.21190476190476187 0.11111111111111108 0.11984126984126975 0.25396825396825395
0.24747474747474776 0.4030303030303029 0.1 0.09898989898989898 0.15050505050505067
0.20308641975308628 0.0771604938271604 0.4098765432098765 0.2006172839506171 0.10925925925925917
0.1555555555555555 0.22857142857142848 0.29841269841269813 0.1555555555555554 0.16190476190476177
0.21419753086419754 0.07160493827160483 0.10493827160493814 0.3969135802469134 0.21234567901234555
0.1133333333333333 0.5133333333333332 0.12296296296296289 0.11629629629629626 0.13407407407407404
0.28611111111111126 0.05722222222222214 0.06777777777777771 0.05555555555555547 0.5333333333333337
0.1111111111111109 0.1111111111111109 0.1148148148148146 0.5098765432098767 0.15308641975308615
0.24722222222222223 0.14444444444444443 0.24444444444444444 0.13333333333333333 0.23055555555555557
0.11164021164021153 0.18042328042328026 0.09047619047619045 0.06825396825396816 0.549206349206349
0.0939393939393939 0.6252525252525243 0.09393939393939392 0.09191919191919189 0.09494949494949495
0.25555555555555554 0.1861111111111112 0.1990740740740741 0.16018518518518518 0.1990740740740741
0.14285714285714277 0.14285714285714277 0.14285714285714277 0.14761904761904754 0.4238095238095235
0.40625 0.10277777777777777 0.16875 0.09236111111111112 0.2298611111111111
0.26844444444444426 0.424 0.16177777777777774 0.06533333333333337 0.0804444444444445
0.10069444444444445 0.041666666666666664 0.08472222222222223 0.2881944444444444 0.4847222222222222
0.31428571428571395 0.1841269841269841 0.16666666666666657 0.15555555555555545 0.17936507936507923
0.1564814814814815 0.1287037037037037 0.16759259259259263 0.3944444444444446 0.1527777777777779
0.0948412698412698 0.05079365079365075 0.22976190476190478 0.12142857142857133 0.5031746031746035
0.06172839506172829 0.27222222222222225 0.07407407407407396 0.06851851851851841 0.523456790123457
0.21666666666666667 0.19027777777777777 0.20555555555555555 0.1638888888888889 0.22361111111111112
0.4129629629629631 0.18425925925925937 0.1370370370370371 0.11851851851851847 0.1472222222222223
0.12222222222222198 0.5012345679012348 0.12098765432098742 0.13209876543209853 0.12345679012345655
0.14722222222222223 0.28194444444444444 0.20555555555555555 0.13333333333333333 0.23194444444444445
0.1042735042735042 0.09059829059829053 0.3623931623931619 0.3547008547008542 0.08803418803418794
0.1888888888888888 0.29481481481481453 0.13999999999999993 0.11629629629629627 0.25999999999999973
0.06601307189542471 0.2705882352941173 0.07124183006535932 0.19150326797385592 0.4006535947712414
0.3155555555555555 0.1444444444444442 0.15555555555555536 0.12222222222222204 0.2622222222222222
0.06358024691358012 0.27283950617283953 0.06728395061728384 0.06604938271604929 0.5302469135802472
0.2761904761904763 0.0984126984126984 0.3063492063492064 0.19206349206349185 0.12698412698412692
0.07569444444444444 0.06944444444444445 0.0763888888888889 0.2125 0.5659722222222222
0.09903381642512078 0.10434782608695649 0.07777777777777789 0.14106280193236712 0.5777777777777777
0.21794871794871765 0.11196581196581189 0.09743589743589734 0.0777777777777777 0.49487179487179456
0.1685185185185183 0.3296296296296293 0.16666666666666646 0.16851851851851832 0.16666666666666646
0.13095238095238085 0.07142857142857138 0.0825396825396825 0.07222222222222219 0.6428571428571433
0.16296296296296298 0.14629629629629626 0.12685185185185185 0.20833333333333326 0.35555555555555557
0.07320261437908482 0.06862745098039202 0.16928104575163377 0.18562091503267944 0.5032679738562095
0.14814814814814795 0.1716049382716047 0.21851851851851825 0.1654320987654318 0.29629629629629584
0.1909722222222222 0.2125 0.10625 0.3527777777777778 0.1375
0.06161616161616165 0.21161616161616148 0.05707070707070711 0.1535353535353536 0.5161616161616163
0.11629629629629627 0.1599999999999999 0.11259259259259255 0.522962962962963 0.08814814814814811
0.07066666666666672 0.46311111111111103 0.07422222222222227 0.1759999999999999 0.21599999999999994
0.10833333333333331 0.23796296296296293 0.08842592592592596 0.4847222222222222 0.08055555555555557
0.17777777777777778 0.33055555555555555 0.15 0.15694444444444444 0.18472222222222223
0.37083333333333335 0.14583333333333334 0.15138888888888888 0.14166666666666666 0.19027777777777777
0.31746031746031733 0.15952380952380943 0.2444444444444446 0.09761904761904755 0.18095238095238086
0.14444444444444438 0.14285714285714277 0.14285714285714277 0.42698412698412674 0.14285714285714277
0.125 0.125 0.12638888888888888 0.49722222222222223 0.12638888888888888
0.1492063492063491 0.14444444444444435 0.14761904761904754 0.40793650793650754 0.15079365079365067
0.1320987654320985 0.4370370370370367 0.12222222222222202 0.13086419753086398 0.17777777777777745
0.29000000000000004 0.1377777777777776 0.2388888888888889 0.18333333333333313 0.14999999999999986
0.5407407407407414 0.11234567901234546 0.11358024691358003 0.11234567901234546 0.12098765432098742
0.16825396825396816 0.325396825396825 0.16825396825396816 0.16507936507936502 0.1730158730158729
0.05499999999999991 0.09444444444444439 0.2655555555555555 0.1577777777777779 0.4272222222222221
0.1908496732026141 0.17385620915032654 0.08366013071895415 0.062091503267973726 0.48954248366013053
0.10092592592592585 0.29629629629629634 0.38611111111111135 0.09907407407407402 0.11759259259259267
0.16507936507936508 0.16825396825396813 0.17142857142857132 0.3285714285714282 0.16666666666666657
0.07089947089947082 0.08730158730158723 0.635978835978836 0.08624338624338618 0.11957671957671946
0.06470588235294104 0.5869281045751636 0.13790849673202593 0.07385620915032666 0.13660130718954225
0.5252525252525251 0.11616161616161623 0.11515151515151527 0.1111111111111111 0.13232323232323248
0.14603174603174593 0.3222222222222218 0.16190476190476177 0.15396825396825384 0.21587301587301574
0.12098765432098742 0.5160493827160496 0.12716049382716027 0.11728395061728374 0.1185185185185183
0.13194444444444445 0.1375 0.1361111111111111 0.4486111111111111 0.14583333333333334
0.23333333333333334 0.22727272727272746 0.16969696969696987 0.13131313131313144 0.23838383838383853
0.37222222222222223 0.14444444444444432 0.15999999999999984 0.13444444444444426 0.18888888888888877
0.44197530864197515 0.13827160493827134 0.14320987654320963 0.1370370370370368 0.13950617283950595
0.25555555555555554 0.15833333333333333 0.16944444444444445 0.1638888888888889 0.25277777777777777
0.1647342995169083 0.14009661835748796 0.3140096618357488 0.22801932367149752 0.15314009661835754
0.12638888888888888 0.12916666666666668 0.12916666666666668 0.44166666666666665 0.1736111111111111
0.27361111111111114 0.1527777777777778 0.15555555555555556 0.15555555555555556 0.2625
0.14285714285714277 0.14285714285714277 0.14285714285714277 0.42698412698412674 0.14444444444444435
0.3047619047619044 0.16190476190476177 0.17619047619047606 0.16666666666666663 0.19047619047619038
0.08555555555555558 0.13472222222222222 0.2775000000000001 0.4033333333333334 0.09888888888888887
0.14722222222222223 0.13472222222222222 0.14444444444444443 0.42777777777777776 0.14583333333333334
0.09118773946360152 0.1417624521072798 0.2038314176245212 0.40881226053639874 0.1544061302681993
0.5705555555555556 0.0777777777777777 0.09611111111111104 0.08333333333333325 0.17222222222222233
0.07111111111111101 0.3566666666666667 0.09722222222222218 0.37833333333333347 0.09666666666666662
0.12323232323232332 0.11313131313131322 0.39696969696969714 0.12626262626262635 0.24040404040404054
0.2256410256410253 0.08717948717948712 0.181196581196581 0.34871794871794826 0.1572649572649571
0.215079365079365 0.0817460317460317 0.3809523809523811 0.08730158730158731 0.23492063492063514
0.125 0.125 0.125 0.49722222222222223 0.12777777777777777
0.4652777777777778 0.125 0.13055555555555556 0.12916666666666668 0.15
0.10925925925925925 0.3824074074074073 0.18425925925925932 0.21018518518518517 0.11388888888888887
0.25462962962962965 0.23425925925925933 0.1648148148148149 0.12222222222222229 0.2240740740740741
0.2422222222222222 0.13777777777777755 0.2499999999999998 0.1388888888888887 0.23111111111111113
0.14285714285714277 0.14285714285714277 0.14285714285714277 0.4285714285714284 0.14285714285714277
0.15158730158730144 0.3476190476190474 0.28809523809523807 0.08333333333333329 0.12936507936507924
0.16666666666666655 0.18571428571428564 0.2746031746031744 0.16984126984126974 0.2031746031746031
0.24930555555555556 0.23055555555555557 0.1451388888888889 0.19131944444444443 0.18368055555555557
0.2802469135802466 0.13086419753086398 0.22345679012345648 0.12962962962962937 0.2358024691358022
0.17979797979797993 0.22020202020202045 0.3454545454545455 0.12323232323232335 0.13131313131313144
0.12936507936507932 0.11984126984126971 0.4793650793650792 0.10396825396825389 0.16746031746031736
0.10277777777777773 0.5879629629629631 0.09722222222222218 0.10833333333333338 0.10370370370370365
0.13333333333333333 0.25972222222222224 0.33055555555555555 0.12777777777777777 0.1486111111111111
0.07629629629629628 0.09481481481481477 0.48740740740740734 0.1555555555555554 0.18592592592592583
0.08796296296296285 0.0972222222222222 0.489814814814815 0.16574074074074058 0.15925925925925932
0.5546296296296294 0.10185185185185179 0.12962962962962965 0.09351851851851843 0.12037037037037047
0.3311111111111111 0.17222222222222205 0.16222222222222205 0.14444444444444426 0.18999999999999995
0.09166666666666659 0.184259259259259 0.1712962962962962 0.4564814814814814 0.09629629629629623
0.16148148148148128 0.14666666666666653 0.2711111111111108 0.14518518518518514 0.27555555555555533
0.33636363636363625 0.0929292929292929 0.3292929292929293 0.0929292929292929 0.14848484848484855
0.13194444444444445 0.12916666666666668 0.1361111111111111 0.4625 0.14027777777777778
0.14444444444444438 0.14444444444444438 0.1476190476190475 0.21428571428571416 0.3492063492063487
0.39861111111111114 0.14166666666666666 0.15138888888888888 0.1486111111111111 0.1597222222222222
0.2064327485380116 0.08771929824561399 0.21403508771929816 0.32923976608187117 0.16257309941520456
0.09696969696969703 0.3585858585858585 0.19696969696969696 0.23282828282828294 0.1146464646464647
0.12222222222222215 0.5317460317460317 0.14682539682539675 0.10634920634920629 0.09285714285714282
0.1456790123456788 0.11975308641975285 0.48641975308641966 0.11604938271604917 0.13209876543209856
0.5820512820512823 0.09914529914529907 0.09230769230769223 0.09829059829059822 0.1282051282051281
0.12777777777777777 0.48194444444444445 0.13055555555555556 0.12916666666666668 0.13055555555555556
0.12469135802469113 0.2691358024691354 0.12222222222222201 0.2962962962962959 0.18765432098765406
0.09999999999999983 0.10222222222222206 0.1488888888888887 0.45888888888888857 0.18999999999999986
0.2625 0.07569444444444444 0.4638888888888889 0.08680555555555555 0.1111111111111111
0.4379084967320261 0.1568627450980391 0.13986928104575144 0.09150326797385608 0.17385620915032662
0.09722222222222218 0.09629629629629621 0.09629629629629617 0.5398148148148149 0.1703703703703703
0.16507936507936494 0.2190476190476191 0.40158730158730155 0.115079365079365 0.09920634920634915
0.21313131313131325 0.42929292929292917 0.12929292929292938 0.10101010101010098 0.12727272727272743
0.12525252525252537 0.24949494949494963 0.22222222222222243 0.2141414141414142 0.18888888888888913
0.16481481481481472 0.4361111111111111 0.15462962962962964 0.1027777777777778 0.14166666666666666
0.10111111111111094 0.5966666666666676 0.09999999999999983 0.10111111111111093 0.10111111111111094
0.13125 0.06805555555555555 0.4076388888888889 0.12430555555555556 0.26875
0.17777777777777756 0.27843137254901923 0.10980392156862726 0.10196078431372532 0.33202614379084927
0.10222222222222203 0.10222222222222206 0.18999999999999975 0.4866666666666666 0.11888888888888868
0.10202020202020208 0.45151515151515115 0.09292929292929289 0.16464646464646468 0.18888888888888897
0.16018518518518526 0.0953703703703703 0.20370370370370372 0.3768518518518518 0.1638888888888889
0.14444444444444443 0.39305555555555555 0.15555555555555556 0.12916666666666668 0.17777777777777778
0.10092592592592589 0.09074074074074065 0.21851851851851845 0.3648148148148146 0.22500000000000003
0.09153439153439147 0.29947089947089917 0.31005291005290964 0.1534391534391533 0.14550264550264538
0.11666666666666647 0.544444444444445 0.11222222222222206 0.11222222222222206 0.11444444444444428
0.14343434343434353 0.20101010101010117 0.25151515151515175 0.17878787878787897 0.22525252525252543
0.08461538461538454 0.0811965811965811 0.5581196581196582 0.08205128205128197 0.194017094017094
0.125 0.125 0.125 0.4986111111111111 0.12638888888888888
0.09595959595959597 0.09595959595959594 0.38383838383838387 0.12525252525252537 0.29898989898989914
0.3316239316239314 0.21282051282051262 0.17008547008546995 0.10769230769230764 0.17777777777777767
0.08148148148148139 0.21269841269841241 0.40105820105820084 0.21375661375661356 0.09100529100529094
0.10208333333333333 0.18888888888888888 0.1625 0.4111111111111111 0.13541666666666666
0.13194444444444445 0.13194444444444445 0.1361111111111111 0.4597222222222222 0.14027777777777778
0.0795555555555556 0.3595555555555556 0.3168888888888889 0.16133333333333325 0.08266666666666674
0.14920634920634912 0.287301587301587 0.19365079365079355 0.15714285714285708 0.2126984126984126
0.17320261437908474 0.08235294117647045 0.3915032679738557 0.15098039215686251 0.20196078431372527
0.13188405797101455 0.06570048309178754 0.5816425120772949 0.10531400966183582 0.11545893719806764
0.0948148148148148 0.1259259259259259 0.3155555555555552 0.30740740740740713 0.15629629629629627
0.09907407407407401 0.09907407407407405 0.13518518518518519 0.5583333333333333 0.10833333333333335
0.39444444444444443 0.12777777777777777 0.21944444444444444 0.12777777777777777 0.13055555555555556
0.08209876543209867 0.6308641975308649 0.07345679012345664 0.1425925925925924 0.07098765432098753
0.12690058479532154 0.20175438596491221 0.0830409356725146 0.3783625730994151 0.20994152046783618
0.09851851851851848 0.11481481481481479 0.15703703703703686 0.5214814814814814 0.10814814814814808
0.09537037037037034 0.09722222222222218 0.6101851851851852 0.09166666666666656 0.10555555555555551
0.2682539682539682 0.08571428571428565 0.4579365079365078 0.08730158730158728 0.10079365079365071
0.08148148148148147 0.6229629629629629 0.08296296296296292 0.12518518518518512 0.08740740740740739
0.3839506172839503 0.1444444444444442 0.18518518518518495 0.13580246913580227 0.15061728395061702
0.33737373737373744 0.13232323232323243 0.274747474747475 0.10909090909090915 0.1464646464646466
0.09572649572649562 0.45384615384615384 0.08974358974358965 0.1076923076923076 0.25299145299145265
0.14141414141414155 0.21919191919191947 0.12828282828282841 0.2323232323232324 0.27878787878787875
0.07629629629629629 0.174074074074074 0.08814814814814809 0.5229629629629633 0.13851851851851857
0.12851851851851842 0.2814814814814815 0.23629629629629634 0.20148148148148148 0.15222222222222212
0.24027777777777778 0.2777777777777778 0.14583333333333334 0.1388888888888889 0.19722222222222222
0.10222222222222206 0.09999999999999983 0.19333333333333305 0.481111111111111 0.12333333333333316
0.5999999999999999 0.0725925925925926 0.1003703703703703 0.058518518518518456 0.16851851851851832
0.32111111111111107 0.09777777777777771 0.39555555555555544 0.08777777777777769 0.09777777777777774
0.1361111111111111 0.3763888888888889 0.1625 0.14305555555555555 0.18194444444444444
0.03693693693693696 0.1465465465465466 0.5834834834834836 0.038738738738738766 0.19429429429429426
0.38730158730158687 0.14285714285714277 0.17619047619047615 0.14444444444444438 0.14920634920634912
0.21010101010101018 0.39595959595959584 0.14343434343434355 0.12121212121212128 0.1292929292929294
0.09722222222222222 0.6203703703703706 0.09444444444444436 0.09351851851851849 0.09444444444444436
0.1111111111111109 0.5530864197530874 0.1111111111111109 0.11358024691358003 0.1111111111111109
0.1575757575757577 0.11010101010101017 0.20707070707070716 0.39191919191919194 0.13333333333333344
0.5308641975308648 0.11358024691358003 0.11728395061728375 0.11358024691358003 0.12469135802469113
0.4466666666666662 0.20555555555555532 0.142222222222222 0.10333333333333317 0.10222222222222206
0.12666666666666654 0.4088888888888885 0.1233333333333332 0.1566666666666665 0.18444444444444436
0.1432098765432096 0.43333333333333307 0.13827160493827137 0.1481481481481479 0.13703703703703682
0.4566666666666666 0.11222222222222208 0.1822222222222221 0.12555555555555536 0.12333333333333317
0.23240740740740726 0.1694444444444444 0.21944444444444444 0.16018518518518526 0.21851851851851853
0.36296296296296304 0.08796296296296285 0.14259259259259255 0.26111111111111096 0.14537037037037034
0.07192982456140351 0.6011695906432747 0.11286549707602331 0.10818713450292393 0.10584795321637423
0.249206349206349 0.16825396825396813 0.2476190476190474 0.16507936507936502 0.16984126984126977
0.14074074074074072 0.46574074074074057 0.15648148148148136 0.0888888888888888 0.1481481481481482
0.1527777777777778 0.14444444444444443 0.14722222222222223 0.2 0.35555555555555557
0.35555555555555557 0.12777777777777777 0.1486111111111111 0.1597222222222222 0.20833333333333334
0.14285714285714277 0.14444444444444438 0.14285714285714277 0.42698412698412674 0.14285714285714277
0.4527777777777778 0.13055555555555556 0.15416666666666667 0.12777777777777777 0.13472222222222222
0.1188888888888887 0.4088888888888887 0.11333333333333316 0.23777777777777767 0.12111111111111093
0.12444444444444427 0.1155555555555554 0.1166666666666665 0.5244444444444446 0.11888888888888872
0.10592592592592584 0.10666666666666669 0.09407407407407406 0.5955555555555556 0.09777777777777777
0.09333333333333334 0.3992592592592591 0.08666666666666667 0.10074074074074076 0.3199999999999997
0.14285714285714277 0.4222222222222219 0.1476190476190475 0.14285714285714277 0.14444444444444438
0.12222222222222198 0.4913580246913581 0.1333333333333331 0.11975308641975288 0.1333333333333331
0.1111111111111109 0.11234567901234546 0.11481481481481458 0.5074074074074075 0.15432098765432073
0.2999999999999997 0.1587301587301586 0.23015873015873006 0.1619047619047618 0.14920634920634912
0.11604938271604914 0.11234567901234546 0.3382716049382712 0.3123456790123453 0.1209876543209874
0.09722222222222218 0.5768518518518522 0.12499999999999996 0.09166666666666659 0.10925925925925932
0.08174603174603168 0.6341269841269849 0.11666666666666661 0.08968253968253964 0.07777777777777772
0.11984126984126973 0.11825396825396815 0.1269841269841269 0.5325396825396826 0.10238095238095231
0.1549382716049381 0.08580246913580232 0.5401234567901235 0.061728395061728274 0.15740740740740727
0.14188034188034168 0.09316239316239311 0.4743589743589743 0.10598290598290588 0.1846153846153844
0.42307692307692296 0.17521367521367504 0.1829059829059827 0.0999999999999999 0.11880341880341867
0.1444444444444442 0.17444444444444435 0.17888888888888874 0.12666666666666646 0.37555555555555553
0.3597222222222222 0.13333333333333333 0.12638888888888888 0.22916666666666666 0.15138888888888888
0.12916666666666668 0.12638888888888888 0.125 0.49166666666666664 0.12777777777777777
0.3666666666666664 0.19135802469135774 0.1716049382716047 0.12222222222222198 0.14814814814814795
0.32380952380952344 0.17142857142857132 0.1698412698412697 0.1539682539682539 0.18095238095238086
0.4714285714285713 0.12301587301587294 0.16825396825396813 0.08492063492063488 0.15238095238095234
0.11616161616161629 0.28888888888888914 0.11919191919191928 0.35353535353535354 0.12222222222222236
0.12222222222222198 0.233333333333333 0.21234567901234533 0.12222222222222198 0.30987654320987607
0.32444444444444415 0.09999999999999994 0.1237037037037037 0.2785185185185182 0.17333333333333323
0.1361111111111111 0.14166666666666666 0.3861111111111111 0.13194444444444445 0.20416666666666666
0.1252525252525253 0.1666666666666668 0.13434343434343451 0.3676767676767676 0.20606060606060622
0.058333333333333334 0.3722222222222223 0.058333333333333307 0.4166666666666667 0.09444444444444444
0.25972222222222224 0.14027777777777778 0.2916666666666667 0.1625 0.14583333333333334
0.212037037037037 0.09351851851851846 0.16296296296296287 0.37500000000000006 0.1564814814814815
0.3393162393162389 0.21965811965811935 0.1256410256410255 0.14017094017094006 0.17521367521367504
0.40833333333333355 0.09907407407407405 0.21018518518518522 0.09166666666666656 0.1907407407407407
0.539506172839507 0.11234567901234546 0.11358024691358003 0.11728395061728371 0.11728395061728374
0.10111111111111093 0.10333333333333314 0.10333333333333317 0.5900000000000009 0.10222222222222203
0.12638888888888888 0.49722222222222223 0.12638888888888888 0.125 0.125
0.1080808080808081 0.4626262626262625 0.15555555555555567 0.10606060606060613 0.1676767676767678
0.3877777777777776 0.1744444444444443 0.1711111111111109 0.11555555555555538 0.15111111111111092
0.14285714285714277 0.14603174603174593 0.14285714285714277 0.4238095238095235 0.14444444444444438
0.125 0.4930555555555556 0.13055555555555556 0.125 0.12638888888888888
0.11358024691358004 0.11358024691358003 0.11481481481481458 0.5456790123456798 0.11234567901234546
0.2814814814814812 0.07481481481481479 0.0911111111111111 0.3348148148148144 0.21777777777777763
0.276190476190476 0.28412698412698395 0.1460317460317459 0.14603174603174593 0.14761904761904754
0.1703703703703701 0.16296296296296275 0.2234567901234566 0.16296296296296273 0.28024691358024645
0.45999999999999996 0.13851851851851843 0.15851851851851848 0.08592592592592593 0.15703703703703695
0.34691358024691316 0.24444444444444416 0.1444444444444442 0.12098765432098746 0.1432098765432096
0.13333333333333316 0.1277777777777776 0.29333333333333333 0.14333333333333312 0.30222222222222217
0.15432098765432073 0.14197530864197505 0.2703703703703701 0.1456790123456788 0.28765432098765387
0.32727272727272727 0.11818181818181826 0.21212121212121235 0.10909090909090917 0.23333333333333336
0.3031746031746032 0.09206349206349203 0.10555555555555551 0.3634920634920634 0.1357142857142856
0.5019607843137257 0.06862745098039202 0.28300653594771197 0.06601307189542469 0.08039215686274497
0.41358024691358 0.11358024691358003 0.11975308641975285 0.20246913580246878 0.150617283950617
0.0870370370370369 0.5509259259259262 0.11944444444444437 0.08796296296296285 0.15462962962962962
0.11666666666666664 0.10462962962962968 0.3064814814814815 0.19907407407407404 0.27314814814814825
0.35 0.125 0.14444444444444443 0.17222222222222222 0.20833333333333334
0.1111111111111109 0.11234567901234546 0.1111111111111109 0.5530864197530874 0.11234567901234546
0.37222222222222223 0.1361111111111111 0.19305555555555556 0.15833333333333333 0.14027777777777778
0.3101851851851851 0.09074074074074064 0.31574074074074066 0.1629629629629629 0.12037037037037047
0.231111111111111 0.0844444444444444 0.17629629629629623 0.413333333333333 0.0948148148148148
0.16222222222222207 0.18888888888888872 0.12666666666666646 0.38999999999999996 0.13222222222222202
0.12222222222222236 0.14343434343434355 0.11313131313131322 0.4838383838383836 0.13737373737373754
0.3950617283950615 0.13086419753086395 0.1790123456790121 0.1419753086419751 0.15308641975308618
0.14920634920634915 0.15873015873015864 0.15317460317460302 0.1119047619047618 0.4269841269841271
0.10238095238095231 0.5706349206349208 0.1023809523809523 0.09444444444444439 0.1301587301587301
0.08034188034188028 0.08290598290598285 0.08205128205128195 0.09059829059829053 0.6641025641025645
0.215432098765432 0.08024691358024678 0.14691358024691348 0.3611111111111111 0.19629629629629622
0.28777777777777785 0.1444444444444442 0.2644444444444443 0.14999999999999983 0.1533333333333332
0.125 0.3875 0.23333333333333334 0.12777777777777777 0.12638888888888888
0.07843137254901948 0.7019607843137253 0.08039215686274494 0.07385620915032667 0.06535947712418287
0.08148148148148149 0.07185185185185182 0.18814814814814795 0.2637037037037036 0.39481481481481423
0.3049382716049382 0.07325102880658442 0.25267489711934155 0.0481481481481482 0.32098765432098764
0.11851851851851827 0.12222222222222201 0.11358024691358004 0.5333333333333339 0.11234567901234546
0.1577777777777776 0.14333333333333317 0.1555555555555554 0.3355555555555557 0.2077777777777777
0.14567901234567873 0.19629629629629602 0.23456790123456756 0.15308641975308612 0.27037037037037004
0.5468253968253971 0.09206349206349201 0.10873015873015866 0.15634920634920624 0.09603174603174597
0.11919191919191924 0.5373737373737372 0.12121212121212133 0.10707070707070714 0.11515151515151523
0.47870370370370374 0.1694444444444444 0.1074074074074074 0.09537037037037031 0.1490740740740742
0.33066666666666655 0.2866666666666666 0.17022222222222214 0.0715555555555556 0.14088888888888876
0.10000000000000003 0.1040404040404041 0.10202020202020205 0.5898989898989895 0.10404040404040406
0.11358024691358003 0.533333333333334 0.11604938271604914 0.11851851851851827 0.1185185185185183
0.10303030303030306 0.48282828282828283 0.15252525252525265 0.10808080808080814 0.15353535353535366
0.12777777777777777 0.4888888888888889 0.12916666666666668 0.12638888888888888 0.12777777777777777
0.18253968253968245 0.09206349206349203 0.1230158730158729 0.3912698412698412 0.21111111111111108
0.2525252525252528 0.09090909090909087 0.1161616161616162 0.3232323232323233 0.21717171717171738
0.09012345679012346 0.5670781893004114 0.06954732510288072 0.1090534979423868 0.1641975308641975
0.12345679012345655 0.5246913580246918 0.12222222222222201 0.1111111111111109 0.11851851851851831
0.06499999999999992 0.06055555555555547 0.19222222222222232 0.29444444444444434 0.3877777777777778
0.14074074074074053 0.1777777777777776 0.16172839506172812 0.2086419753086417 0.3111111111111107
0.1283950617283948 0.1432098765432096 0.19753086419753055 0.3975308641975305 0.13333333333333308
