0.038492063492063466 0.11269841269841269 0.06587301587301582 0.051984126984126945 0.2047619047619048 0.05595238095238091 0.10515873015873015 0.10396825396825392 0.1976190476190476 0.06349206349206346
0.072549019607843 0.156862745098039 0.07385620915032665 0.0875816993464051 0.08692810457516328 0.08496732026143777 0.09934640522875797 0.18366013071895398 0.08300653594771225 0.07124183006535935
0.07185185185185182 0.285185185185185 0.07407407407407407 0.07481481481481476 0.0962962962962963 0.07259259259259256 0.08296296296296296 0.0837037037037037 0.0837037037037037 0.0748148148148148
0.06243386243386235 0.1058201058201057 0.06084656084656074 0.07936507936507928 0.09100529100529085 0.07354497354497345 0.07724867724867716 0.3132275132275128 0.06402116402116394 0.07248677248677242
0.10370370370370367 0.08333333333333323 0.08611111111111101 0.08888888888888877 0.08703703703703693 0.08518518518518506 0.08518518518518506 0.12129629629629625 0.1148148148148148 0.1444444444444444
0.059090909090909124 0.05656565656565661 0.09242424242424246 0.09898989898989902 0.15454545454545462 0.07828282828282836 0.09696969696969707 0.0631313131313132 0.17020202020202035 0.1297979797979798
0.09629629629629623 0.086111111111111 0.08703703703703693 0.11388888888888887 0.11574074074074081 0.14166666666666672 0.08703703703703693 0.08981481481481471 0.08796296296296288 0.09444444444444433
0.05497076023391813 0.13274853801169578 0.08771929824561403 0.07368421052631575 0.1029239766081871 0.07953216374269001 0.20701754385964907 0.06549707602339182 0.13801169590643275 0.05789473684210523
0.06342592592592593 0.06064814814814817 0.07129629629629632 0.06712962962962964 0.1393518518518519 0.12870370370370374 0.11388888888888883 0.07083333333333336 0.18287037037037035 0.10185185185185189
0.08055555555555556 0.07361111111111111 0.07777777777777778 0.08333333333333333 0.08888888888888889 0.09583333333333334 0.23333333333333334 0.1 0.07777777777777778 0.08888888888888889
0.08290598290598283 0.24444444444444408 0.08290598290598283 0.08205128205128197 0.08461538461538455 0.08547008547008539 0.08119658119658113 0.0923076923076922 0.08119658119658113 0.08290598290598283
0.06956521739130442 0.07729468599033829 0.08647342995169088 0.07294685990338176 0.14685990338164262 0.0980676328502416 0.10579710144927541 0.15942028985507253 0.10386473429951698 0.07971014492753632
0.07380952380952377 0.07857142857142853 0.09285714285714282 0.09682539682539677 0.12857142857142856 0.08888888888888882 0.1158730158730157 0.08809523809523805 0.15714285714285708 0.07936507936507932
0.07619047619047613 0.15634920634920618 0.07777777777777774 0.07936507936507933 0.09206349206349201 0.13730158730158717 0.08412698412698408 0.14682539682539675 0.07539682539682535 0.07460317460317456
0.07777777777777771 0.08034188034188026 0.0777777777777777 0.08974358974358966 0.10427350427350415 0.2435897435897433 0.08376068376068369 0.08547008547008539 0.07948717948717943 0.0777777777777777
0.0825396825396825 0.07777777777777778 0.09206349206349203 0.08968253968253964 0.142063492063492 0.10158730158730152 0.1293650793650792 0.09523809523809518 0.10079365079365075 0.08888888888888886
0.0711111111111111 0.08222222222222221 0.07999999999999999 0.07407407407407407 0.11703703703703694 0.2029629629629628 0.0911111111111111 0.13259259259259254 0.07185185185185179 0.07703703703703703
0.04782608695652183 0.04830917874396143 0.1859903381642512 0.05362318840579717 0.20676328502415453 0.05603864734299526 0.06183574879227062 0.05797101449275369 0.2048309178743959 0.07681159420289861
0.06473429951690829 0.05555555555555564 0.06231884057971023 0.0618357487922706 0.0724637681159421 0.1154589371980677 0.335265700483092 0.0855072463768117 0.0579710144927537 0.08888888888888899
0.08425925925925914 0.08333333333333323 0.09074074074074069 0.10370370370370371 0.09259259259259255 0.1398148148148148 0.09629629629629625 0.086111111111111 0.13796296296296293 0.08518518518518509
0.056444444444444485 0.20933333333333318 0.0595555555555556 0.04933333333333337 0.17511111111111105 0.12533333333333324 0.08222222222222228 0.13422222222222216 0.054666666666666704 0.05377777777777781
0.06772486772486765 0.04814814814814808 0.05396825396825389 0.3116402116402112 0.09576719576719568 0.1296296296296295 0.05820105820105814 0.07883597883597876 0.07830687830687824 0.07777777777777768
0.09145299145299142 0.09658119658119653 0.10427350427350418 0.09572649572649566 0.09829059829059819 0.105128205128205 0.10598290598290588 0.1017094017094016 0.10256410256410248 0.09829059829059823
0.30256410256410227 0.0777777777777777 0.07692307692307684 0.07777777777777771 0.07692307692307684 0.0777777777777777 0.07948717948717939 0.07692307692307684 0.07692307692307684 0.07692307692307684
0.03786008230452679 0.04032921810699593 0.19135802469135804 0.20534979423868313 0.1222222222222222 0.09876543209876537 0.08600823045267489 0.05020576131687246 0.12469135802469129 0.04320987654320992
0.22307692307692267 0.08632478632478624 0.09059829059829055 0.08547008547008539 0.08290598290598283 0.08376068376068367 0.09059829059829051 0.08290598290598282 0.08632478632478627 0.08803418803418796
0.06740740740740739 0.06814814814814814 0.11925925925925919 0.11777777777777773 0.06888888888888887 0.06962962962962962 0.1688888888888887 0.0725925925925926 0.17999999999999988 0.06740740740740739
0.07539682539682535 0.07460317460317456 0.2222222222222222 0.07857142857142851 0.11587301587301575 0.10317460317460322 0.08174603174603169 0.08492063492063485 0.07698412698412693 0.08650793650793646
0.07460317460317456 0.17460317460317443 0.07619047619047614 0.07619047619047614 0.08730158730158728 0.0992063492063491 0.08333333333333329 0.14285714285714274 0.09761904761904759 0.08809523809523802
0.06374269005847953 0.05847953216374267 0.06198830409356724 0.07017543859649121 0.06432748538011691 0.0637426900584795 0.07426900584795318 0.11286549707602332 0.1298245614035087 0.30058479532163734
0.05169082125603874 0.04589371980676335 0.2439613526570047 0.2652173913043477 0.06183574879227064 0.04879227053140105 0.06376811594202908 0.060386473429951765 0.07391304347826096 0.08454106280193247
0.04879227053140105 0.047342995169082205 0.08164251207729477 0.41111111111111087 0.06473429951690834 0.11400966183574879 0.07971014492753636 0.051207729468599084 0.04879227053140105 0.05265700483091796
0.05858585858585862 0.0494949494949495 0.3414141414141412 0.06313131313131318 0.06262626262626268 0.0661616161616162 0.07676767676767683 0.07828282828282834 0.09646464646464652 0.1070707070707071
0.08333333333333323 0.24722222222222223 0.08333333333333323 0.08333333333333323 0.08425925925925913 0.08333333333333323 0.08333333333333323 0.08518518518518509 0.08333333333333323 0.08333333333333323
0.16587301587301573 0.07777777777777771 0.09444444444444443 0.0944444444444444 0.08571428571428569 0.09682539682539677 0.09523809523809518 0.10158730158730148 0.08888888888888886 0.09920634920634917
0.11180555555555556 0.08402777777777778 0.09305555555555556 0.08472222222222223 0.08472222222222223 0.09027777777777778 0.15138888888888888 0.1284722222222222 0.08402777777777778 0.0875
0.05502645502645498 0.14576719576719557 0.030423280423280383 0.21534391534391528 0.04761904761904759 0.03756613756613752 0.07248677248677243 0.23386243386243372 0.04338624338624337 0.1185185185185184
0.07222222222222216 0.07222222222222219 0.0857142857142857 0.07460317460317456 0.09444444444444439 0.27142857142857146 0.09206349206349201 0.08253968253968257 0.07539682539682532 0.07936507936507933
0.04482758620689651 0.037931034482758585 0.07279693486590035 0.3409961685823756 0.07164750957854404 0.04827586206896547 0.06628352490421455 0.07279693486590039 0.07088122605363983 0.17356321839080466
0.0755555555555555 0.06888888888888886 0.20074074074074055 0.07407407407407406 0.0911111111111111 0.1362962962962962 0.09481481481481484 0.07999999999999997 0.09629629629629632 0.08222222222222221
0.07555555555555554 0.07185185185185183 0.16296296296296287 0.07629629629629629 0.15777777777777774 0.07851851851851847 0.12888888888888886 0.0807407407407407 0.08666666666666664 0.08074074074074072
0.06388888888888888 0.06666666666666667 0.07013888888888889 0.07222222222222222 0.09722222222222222 0.10972222222222222 0.10833333333333334 0.07708333333333334 0.19236111111111112 0.1423611111111111
0.07830687830687823 0.06507936507936503 0.06984126984126977 0.07407407407407401 0.10846560846560838 0.07089947089947081 0.08201058201058192 0.16825396825396807 0.08095238095238086 0.20211640211640194
0.05847953216374267 0.05847953216374269 0.09883040935672513 0.06023391812865499 0.11929824561403504 0.10116959064327483 0.07426900584795318 0.09298245614035083 0.08713450292397656 0.24912280701754388
0.18472222222222223 0.0625 0.23333333333333334 0.06388888888888888 0.07430555555555556 0.10277777777777777 0.07083333333333333 0.06458333333333334 0.07847222222222222 0.06458333333333334
0.21468253968253953 0.04007936507936507 0.14603174603174607 0.17698412698412694 0.051587301587301564 0.04603174603174603 0.0912698412698412 0.053968253968253964 0.07817460317460309 0.10119047619047619
0.06535947712418287 0.0614379084967319 0.14705882352941163 0.07189542483660118 0.0660130718954247 0.18366013071895398 0.07516339869281032 0.06535947712418287 0.1967320261437908 0.06732026143790834
0.05050505050505052 0.052525252525252544 0.07222222222222227 0.06414141414141421 0.1030303030303031 0.1005050505050506 0.0631313131313132 0.08838383838383847 0.15959595959595965 0.24595959595959607
0.06740740740740739 0.06888888888888885 0.07333333333333333 0.1044444444444444 0.21185185185185174 0.17037037037037023 0.08518518518518518 0.07629629629629628 0.07333333333333333 0.06888888888888887
0.08425925925925916 0.08333333333333323 0.08518518518518509 0.08425925925925913 0.09999999999999996 0.22592592592592592 0.08425925925925916 0.08425925925925914 0.08425925925925914 0.08425925925925913
0.05079365079365071 0.17354497354497334 0.05132275132275124 0.052380952380952306 0.15396825396825378 0.1798941798941797 0.05502645502645496 0.08677248677248674 0.06772486772486763 0.12857142857142845
0.1343915343915343 0.25555555555555515 0.05555555555555548 0.06613756613756605 0.05873015873015864 0.059788359788359724 0.05925925925925918 0.1999999999999998 0.055555555555555476 0.05502645502645493
0.09090909090909087 0.09090909090909087 0.0929292929292929 0.0929292929292929 0.09090909090909087 0.0929292929292929 0.09090909090909087 0.09090909090909087 0.1222222222222223 0.14444444444444451
0.06405228758169923 0.06666666666666654 0.06797385620915018 0.09607843137254887 0.10130718954248352 0.1941176470588233 0.13594771241830048 0.12941176470588217 0.06732026143790837 0.07712418300653578
0.046153846153846136 0.04700854700854699 0.18418803418803398 0.05042735042735039 0.05641025641025639 0.05085470085470079 0.05982905982905974 0.06239316239316233 0.05726495726495722 0.3854700854700854
0.06797385620915021 0.06535947712418287 0.07516339869281032 0.08039215686274494 0.1026143790849672 0.2973856209150323 0.09281045751633972 0.06928104575163387 0.07124183006535934 0.07777777777777764
0.03981481481481474 0.036111111111111045 0.18734567901234572 0.06543209876543202 0.10709876543209877 0.1509259259259259 0.19783950617283957 0.06697530864197523 0.051851851851851774 0.09660493827160492
0.07592592592592581 0.06975308641975299 0.22592592592592575 0.08024691358024681 0.07654320987654306 0.08950617283950607 0.11666666666666653 0.08456790123456777 0.0876543209876542 0.09320987654320978
0.0691358024691357 0.06172839506172829 0.2790123456790123 0.07839506172839493 0.10987654320987635 0.07716049382716039 0.07469135802469123 0.0802469135802468 0.08703703703703694 0.08271604938271593
0.06549707602339176 0.061988304093567224 0.08771929824561399 0.07543859649122804 0.07309941520467833 0.075438596491228 0.07602339181286549 0.15204678362573085 0.1982456140350876 0.13450292397660812
0.2888888888888888 0.07460317460317455 0.08253968253968248 0.07777777777777774 0.07777777777777774 0.08015873015873012 0.08968253968253968 0.08095238095238089 0.07222222222222219 0.07539682539682535
0.059999999999999894 0.056666666666666574 0.0888888888888888 0.10166666666666663 0.3205555555555558 0.0627777777777777 0.10833333333333327 0.0716666666666666 0.06222222222222216 0.06722222222222214
0.09074074074074064 0.09166666666666659 0.09629629629629623 0.08981481481481471 0.09351851851851846 0.09537037037037031 0.10277777777777782 0.10185185185185183 0.1018518518518518 0.13611111111111113
0.05046296296296294 0.044444444444444384 0.0574074074074074 0.055555555555555566 0.09074074074074087 0.05972222222222223 0.06250000000000001 0.39166666666666666 0.06759259259259257 0.11990740740740732
0.21805555555555556 0.0798611111111111 0.09652777777777778 0.08194444444444444 0.08611111111111111 0.08055555555555556 0.06805555555555555 0.09444444444444444 0.10138888888888889 0.09305555555555556
0.0825396825396825 0.07619047619047617 0.19126984126984128 0.0904761904761904 0.08809523809523803 0.09285714285714282 0.09444444444444443 0.09365079365079365 0.0968253968253968 0.09365079365079361
0.061952861952861905 0.038047138047138024 0.06666666666666662 0.05757575757575754 0.05656565656565653 0.11144781144781152 0.08080808080808076 0.06565656565656562 0.09932659932659929 0.3619528619528619
0.04927536231884067 0.04492753623188414 0.11400966183574879 0.056521739130434887 0.23236714975845413 0.1304347826086957 0.08695652173913053 0.057971014492753714 0.09613526570048317 0.13140096618357486
0.04541062801932375 0.2410628019323671 0.04492753623188414 0.046376811594202975 0.05507246376811603 0.277294685990338 0.0507246376811595 0.1391304347826087 0.04782608695652181 0.052173913043478334
0.15757575757575765 0.05404040404040407 0.13888888888888884 0.07979797979797985 0.07070707070707079 0.14444444444444443 0.06616161616161624 0.09242424242424255 0.08535353535353543 0.1106060606060607
0.047111111111111145 0.2733333333333332 0.05155555555555559 0.054666666666666704 0.0675555555555556 0.27599999999999986 0.059111111111111156 0.06355555555555559 0.05155555555555559 0.055555555555555594
0.037254901960784244 0.08562091503267961 0.037581699346405165 0.0424836601307189 0.06666666666666657 0.2575163398692813 0.0447712418300653 0.22777777777777775 0.04248366013071888 0.1578431372549018
0.2257309941520468 0.09532163742690059 0.05789473684210524 0.08654970760233921 0.05847953216374269 0.14385964912280685 0.10058479532163739 0.05789473684210524 0.0660818713450292 0.10760233918128645
0.08547008547008539 0.07692307692307684 0.10512820512820512 0.08290598290598282 0.09401709401709393 0.08119658119658113 0.09316239316239311 0.09059829059829053 0.09914529914529904 0.19145299145299113
0.08205128205128197 0.08034188034188025 0.17606837606837583 0.09487179487179481 0.08376068376068369 0.0854700854700854 0.10854700854700852 0.08461538461538456 0.11452991452991441 0.08974358974358965
0.09829059829059822 0.08205128205128198 0.09316239316239308 0.09230769230769226 0.09316239316239308 0.1538461538461537 0.11623931623931612 0.09658119658119652 0.08547008547008536 0.08888888888888882
0.09481481481481484 0.18518518518518512 0.07629629629629628 0.07925925925925927 0.11925925925925915 0.08740740740740738 0.0881481481481481 0.0911111111111111 0.08296296296296299 0.09555555555555553
0.06944444444444445 0.06527777777777778 0.17430555555555555 0.07152777777777777 0.14722222222222223 0.11041666666666666 0.08472222222222223 0.07916666666666666 0.12777777777777777 0.07013888888888889
0.07777777777777772 0.22698412698412704 0.10714285714285714 0.08095238095238091 0.09523809523809518 0.07698412698412695 0.08333333333333326 0.07857142857142854 0.09920634920634915 0.07380952380952374
0.1272222222222222 0.13388888888888886 0.07555555555555547 0.06833333333333325 0.10277777777777772 0.060555555555555446 0.13222222222222219 0.06777777777777767 0.10333333333333332 0.12833333333333333
0.08015873015873012 0.07460317460317457 0.08809523809523807 0.08809523809523803 0.07936507936507932 0.09047619047619047 0.08412698412698408 0.1333333333333332 0.10714285714285705 0.1746031746031745
0.0794871794871794 0.14700854700854687 0.08034188034188025 0.10427350427350422 0.11282051282051274 0.1418803418803417 0.08974358974358967 0.08547008547008537 0.07948717948717941 0.07948717948717943
0.07539682539682534 0.07698412698412693 0.14206349206349195 0.14206349206349195 0.09603174603174598 0.08015873015873012 0.08015873015873011 0.08095238095238091 0.14365079365079356 0.0825396825396825
0.05964912280701755 0.06725146198830403 0.2157894736842103 0.06257309941520466 0.07368421052631577 0.07602339181286545 0.135672514619883 0.06315789473684211 0.1771929824561402 0.06900584795321635
0.06740740740740739 0.07111111111111107 0.20518518518518516 0.07629629629629628 0.09333333333333332 0.07777777777777772 0.10888888888888888 0.07259259259259257 0.1533333333333332 0.07407407407407404
0.060185185185185196 0.058333333333333334 0.08842592592592594 0.08888888888888893 0.10648148148148148 0.13101851851851848 0.07731481481481481 0.0833333333333334 0.0912037037037037 0.21481481481481476
0.2150793650793651 0.04563492063492061 0.05436507936507932 0.05873015873015871 0.0603174603174603 0.12936507936507938 0.05952380952380947 0.08253968253968251 0.0678571428571428 0.2265873015873015
0.05847953216374267 0.06374269005847953 0.06608187134502921 0.06315789473684207 0.07777777777777772 0.10818713450292396 0.0637426900584795 0.18830409356725145 0.0807017543859649 0.2298245614035087
0.0679012345679011 0.0648148148148147 0.11666666666666654 0.06666666666666655 0.08888888888888877 0.11172839506172824 0.08086419753086406 0.09444444444444434 0.08518518518518504 0.22283950617283957
0.08376068376068369 0.08034188034188028 0.15555555555555536 0.12222222222222211 0.08974358974358966 0.08205128205128198 0.12735042735042726 0.08547008547008539 0.08803418803418797 0.08547008547008542
0.06274509803921555 0.06470588235294104 0.29738562091503223 0.07124183006535935 0.06535947712418287 0.06209150326797371 0.11830065359477102 0.06732026143790835 0.1313725490196077 0.0594771241830064
0.08425925925925914 0.086111111111111 0.09259259259259252 0.13888888888888884 0.08796296296296285 0.08703703703703691 0.1157407407407408 0.08981481481481471 0.13240740740740728 0.08518518518518507
0.07936507936507932 0.05502645502645495 0.07671957671957663 0.08412698412698405 0.07195767195767187 0.08148148148148139 0.06984126984126977 0.14656084656084642 0.09682539682539676 0.23809523809523783
0.03506172839506169 0.03901234567901231 0.03580246913580243 0.03827160493827157 0.040740740740740716 0.09111111111111105 0.04271604938271602 0.06790123456790122 0.03456790123456788 0.5748148148148147
0.09658119658119656 0.08461538461538454 0.0837606837606837 0.10427350427350422 0.09743589743589738 0.1017094017094016 0.09145299145299136 0.10683760683760674 0.1145299145299144 0.11880341880341871
0.10392156862745083 0.072549019607843 0.09281045751633973 0.09738562091503253 0.09215686274509786 0.09346405228758156 0.09869281045751623 0.10065359477124165 0.08300653594771228 0.16535947712418284
0.07189542483660118 0.07777777777777764 0.09019607843137242 0.08496732026143777 0.0856209150326796 0.09411764705882339 0.0849673202614378 0.09019607843137242 0.13986928104575144 0.18039215686274493
0.05132275132275125 0.053968253968253894 0.08994708994708986 0.0973544973544973 0.05978835978835972 0.22275132275132248 0.1555555555555554 0.06931216931216923 0.08148148148148138 0.11851851851851841
0.041228070175438565 0.035672514619883015 0.13274853801169587 0.12719298245614036 0.044736842105263144 0.1014619883040935 0.06871345029239762 0.09883040935672513 0.07426900584795319 0.2751461988304095
0.042760942760942736 0.08013468013468009 0.05589225589225586 0.08619528619528614 0.06531986531986528 0.08552188552188547 0.31986531986531985 0.17239057239057248 0.041077441077441046 0.050841750841750806
0.09206349206349203 0.15238095238095223 0.07936507936507928 0.1253968253968253 0.08492063492063488 0.08730158730158728 0.12142857142857137 0.08968253968253966 0.0833333333333333 0.08412698412698405
0.08095238095238091 0.08888888888888884 0.08730158730158727 0.07698412698412692 0.08888888888888886 0.09285714285714282 0.07777777777777774 0.10952380952380945 0.1793650793650792 0.11746031746031738
0.08271604938271591 0.06358024691358014 0.07962962962962952 0.08703703703703691 0.1364197530864196 0.07716049382716036 0.13518518518518505 0.0876543209876542 0.10123456790123443 0.14938271604938252
0.06728395061728382 0.06172839506172829 0.07530864197530851 0.07098765432098753 0.07901234567901223 0.07777777777777767 0.07098765432098753 0.09012345679012332 0.08518518518518506 0.3216049382716048
0.30185185185185176 0.06111111111111099 0.0882716049382715 0.07777777777777767 0.09320987654320972 0.09629629629629617 0.07283950617283937 0.07654320987654308 0.06543209876543199 0.06666666666666655
0.054273504273504226 0.11837606837606825 0.061538461538461486 0.06752136752136745 0.13504273504273495 0.21581196581196582 0.05811965811965804 0.0645299145299145 0.13803418803418785 0.08675213675213667
0.07189542483660118 0.13006535947712397 0.07647058823529397 0.12287581699346384 0.07189542483660115 0.0882352941176469 0.1457516339869279 0.14248366013071875 0.06862745098039201 0.08169934640522862
0.06319444444444444 0.06388888888888888 0.14652777777777778 0.075 0.075 0.10347222222222222 0.1875 0.06875 0.15 0.06666666666666667
0.03783783783783787 0.03213213213213216 0.10810810810810807 0.0495495495495496 0.10810810810810809 0.06936936936936938 0.16636636636636631 0.2693693693693694 0.055255255255255264 0.10390390390390387
0.1277777777777777 0.08796296296296283 0.09074074074074068 0.09166666666666656 0.10833333333333334 0.10740740740740737 0.09444444444444439 0.09259259259259252 0.09999999999999996 0.09907407407407405
0.1555555555555553 0.10326797385620896 0.06209150326797373 0.06993464052287567 0.11045751633986912 0.23071895424836578 0.06862745098039202 0.072549019607843 0.062091503267973726 0.06470588235294103
0.2954732510288066 0.05473251028806587 0.06337448559670786 0.052263374485596766 0.1049382716049383 0.06255144032921817 0.055555555555555615 0.20411522633744847 0.05102880658436218 0.055967078189300475
0.0777777777777777 0.07692307692307684 0.0777777777777777 0.08034188034188028 0.09230769230769226 0.27863247863247836 0.08290598290598283 0.07863247863247856 0.0777777777777777 0.07692307692307684
0.0794871794871794 0.14615384615384602 0.08290598290598283 0.1940170940170937 0.08119658119658114 0.08547008547008536 0.07948717948717943 0.08376068376068367 0.08461538461538451 0.08290598290598286
0.13412698412698404 0.07619047619047614 0.07380952380952377 0.11666666666666659 0.0880952380952381 0.12936507936507932 0.09920634920634919 0.13809523809523802 0.07142857142857138 0.07301587301587295
0.07692307692307684 0.3068376068376065 0.07692307692307684 0.07692307692307684 0.07692307692307684 0.07692307692307684 0.07692307692307684 0.07777777777777771 0.07692307692307684 0.07692307692307684
0.05802469135802457 0.05740740740740729 0.25123456790123455 0.059876543209876426 0.0722222222222221 0.06049382716049372 0.08765432098765423 0.06111111111111099 0.22407407407407431 0.06790123456790112
0.08074074074074071 0.1377777777777777 0.07851851851851849 0.11999999999999993 0.10370370370370367 0.1111111111111111 0.1074074074074074 0.08518518518518517 0.09555555555555557 0.07999999999999999
0.0640522875816992 0.06274509803921556 0.26732026143790816 0.09934640522875801 0.09346405228758152 0.0660130718954247 0.12679738562091483 0.0640522875816992 0.09019607843137242 0.0660130718954247
0.0733333333333333 0.3488888888888884 0.06740740740740739 0.06814814814814814 0.07111111111111108 0.06814814814814814 0.06814814814814812 0.09851851851851855 0.06888888888888887 0.06740740740740739
0.0849206349206349 0.08253968253968247 0.09841269841269838 0.08809523809523807 0.09444444444444443 0.09920634920634915 0.08809523809523806 0.12777777777777763 0.08730158730158728 0.14920634920634912
0.27111111111111097 0.1259259259259259 0.07185185185185183 0.07555555555555553 0.0837037037037037 0.077037037037037 0.07777777777777775 0.07407407407407406 0.07111111111111108 0.07185185185185182
0.22865497076023397 0.13625730994152038 0.0771929824561403 0.07251461988304092 0.071345029239766 0.08011695906432746 0.07894736842105263 0.10643274853801164 0.06900584795321633 0.07953216374269001
0.07301587301587298 0.27857142857142847 0.07222222222222216 0.07301587301587296 0.0817460317460317 0.12063492063492057 0.08095238095238089 0.07619047619047613 0.07222222222222217 0.07142857142857138
0.39555555555555494 0.06666666666666665 0.06888888888888887 0.06666666666666665 0.06740740740740739 0.06666666666666665 0.06666666666666665 0.06740740740740739 0.06666666666666665 0.06740740740740739
0.13703703703703696 0.07555555555555553 0.08074074074074072 0.07777777777777774 0.10296296296296294 0.15185185185185182 0.10888888888888884 0.08592592592592593 0.09111111111111114 0.08814814814814814
0.054666666666666704 0.05200000000000004 0.1982222222222222 0.07777777777777782 0.07066666666666671 0.08311111111111116 0.12755555555555545 0.183111111111111 0.06266666666666672 0.09022222222222227
0.12287581699346384 0.06928104575163387 0.072549019607843 0.0882352941176469 0.13594771241830048 0.13856209150326776 0.0745098039215685 0.16209150326797359 0.0660130718954247 0.0699346405228757
0.06888888888888887 0.23259259259259255 0.07037037037037035 0.07703703703703704 0.10148148148148142 0.15259259259259245 0.07629629629629628 0.08222222222222217 0.06962962962962962 0.06888888888888887
0.05679012345679001 0.05864197530864187 0.07098765432098754 0.06419753086419741 0.07901234567901225 0.2259259259259258 0.07098765432098753 0.11172839506172827 0.08888888888888878 0.17283950617283925
0.07569444444444444 0.07083333333333333 0.08958333333333333 0.0763888888888889 0.1326388888888889 0.075 0.15833333333333333 0.13680555555555557 0.08125 0.10347222222222222
0.14126984126984116 0.07619047619047614 0.07857142857142853 0.07857142857142851 0.09047619047619045 0.22777777777777797 0.07619047619047614 0.07936507936507933 0.07777777777777772 0.07380952380952377
0.07777777777777775 0.0785714285714285 0.10079365079365075 0.1071428571428571 0.09920634920634917 0.13809523809523797 0.08174603174603172 0.08412698412698409 0.11190476190476184 0.12063492063492054
0.11190476190476187 0.07460317460317457 0.07857142857142851 0.08809523809523809 0.11507936507936499 0.15952380952380932 0.10793650793650783 0.0849206349206349 0.07539682539682535 0.10396825396825393
0.05679012345679001 0.05617283950617273 0.08703703703703689 0.05802469135802457 0.09135802469135798 0.0722222222222221 0.09012345679012329 0.05740740740740729 0.3709876543209875 0.05987654320987642
0.08425925925925913 0.08425925925925916 0.08333333333333323 0.08981481481481467 0.08333333333333323 0.22037037037037044 0.10370370370370363 0.08333333333333323 0.08333333333333323 0.08425925925925913
0.07863247863247855 0.07863247863247856 0.11794871794871782 0.08717948717948715 0.08888888888888884 0.0794871794871794 0.07863247863247856 0.07863247863247858 0.23504273504273476 0.07692307692307684
0.07539682539682534 0.30079365079365084 0.08174603174603173 0.07539682539682532 0.07777777777777772 0.07857142857142854 0.07698412698412692 0.08253968253968251 0.07380952380952377 0.07698412698412695
0.07380952380952376 0.07460317460317453 0.1174603174603174 0.0793650793650793 0.10793650793650794 0.08412698412698408 0.10396825396825389 0.07698412698412692 0.20476190476190462 0.07698412698412696
0.06814814814814811 0.06740740740740739 0.07185185185185185 0.06814814814814814 0.10222222222222226 0.26370370370370355 0.11703703703703691 0.08518518518518517 0.07851851851851856 0.07777777777777775
0.11333333333333333 0.05644444444444448 0.0755555555555556 0.0764444444444445 0.17955555555555544 0.08133333333333338 0.14311111111111094 0.0884444444444445 0.11155555555555559 0.07422222222222227
0.07460317460317453 0.07380952380952377 0.07936507936507933 0.07857142857142854 0.07777777777777772 0.08253968253968248 0.08095238095238089 0.08571428571428569 0.08650793650793645 0.28015873015873016
0.09145299145299138 0.0794871794871794 0.08888888888888881 0.0923076923076922 0.10170940170940164 0.09145299145299142 0.0957264957264957 0.0957264957264957 0.08717948717948709 0.17606837606837578
0.08148148148148149 0.08370370370370372 0.09259259259259257 0.0962962962962963 0.09111111111111113 0.10888888888888888 0.09629629629629627 0.10814814814814808 0.09481481481481477 0.14666666666666653
0.07857142857142853 0.07619047619047614 0.16904761904761892 0.08253968253968245 0.08730158730158728 0.08015873015873008 0.0912698412698412 0.09999999999999996 0.14365079365079356 0.09126984126984122
0.06666666666666665 0.26148148148148137 0.10518518518518519 0.0733333333333333 0.07925925925925924 0.06740740740740739 0.07259259259259258 0.07111111111111108 0.13555555555555546 0.06740740740740739
0.07385620915032666 0.0679738562091502 0.0810457516339868 0.07843137254901948 0.07450980392156849 0.07450980392156847 0.07843137254901947 0.09411764705882335 0.0816993464052286 0.2954248366013068
0.07703703703703701 0.0711111111111111 0.07259259259259258 0.07259259259259257 0.07629629629629628 0.07777777777777774 0.1029629629629629 0.15777777777777763 0.07185185185185182 0.21999999999999992
0.06234567901234556 0.06666666666666655 0.10802469135802455 0.07901234567901219 0.07160493827160481 0.07777777777777765 0.0796296296296295 0.09691358024691342 0.07654320987654309 0.2814814814814815
0.06535947712418287 0.06470588235294104 0.06928104575163384 0.07124183006535935 0.09607843137254887 0.1379084967320259 0.09738562091503253 0.09019607843137238 0.12418300653594751 0.18366013071895404
0.0794871794871794 0.07948717948717943 0.07777777777777771 0.08034188034188028 0.09145299145299138 0.2581196581196578 0.07777777777777771 0.08205128205128195 0.07863247863247856 0.09487179487179485
0.056060606060606116 0.13383838383838392 0.0636363636363637 0.05757575757575762 0.1530303030303031 0.09090909090909102 0.13434343434343446 0.0833333333333334 0.12222222222222216 0.10505050505050509
0.05964912280701752 0.07251461988304087 0.1058479532163742 0.07017543859649122 0.16257309941520465 0.07660818713450288 0.1368421052631577 0.09298245614035087 0.1421052631578947 0.08070175438596487
0.06315789473684205 0.054970760233918115 0.3339181286549706 0.06432748538011693 0.10643274853801166 0.07602339181286542 0.08888888888888877 0.06900584795321636 0.07309941520467837 0.0701754385964912
0.10643274853801166 0.058479532163742694 0.10643274853801168 0.060233918128654966 0.1374269005847952 0.05847953216374267 0.08538011695906432 0.0678362573099415 0.23567251461988314 0.08362573099415208
0.05555555555555547 0.05444444444444434 0.21388888888888885 0.07333333333333326 0.06722222222222214 0.11499999999999998 0.0677777777777777 0.10222222222222221 0.17055555555555557 0.0799999999999999
0.08444444444444442 0.077037037037037 0.0925925925925926 0.08740740740740739 0.09185185185185188 0.09629629629629625 0.10592592592592581 0.17407407407407402 0.08962962962962964 0.10074074074074074
0.06814814814814812 0.06814814814814812 0.07629629629629629 0.09111111111111113 0.10222222222222227 0.07777777777777772 0.08962962962962959 0.07703703703703701 0.26444444444444415 0.08518518518518516
0.04545454545454539 0.08424242424242423 0.04404040404040398 0.035555555555555514 0.10808080808080801 0.10424242424242423 0.15131313131313132 0.2979797979797979 0.053737373737373695 0.07535353535353531
0.07301587301587295 0.12142857142857137 0.07301587301587298 0.07539682539682532 0.17619047619047615 0.18492063492063487 0.07222222222222219 0.07857142857142851 0.07142857142857138 0.07380952380952377
0.054589371980676406 0.053140096618357585 0.05120772946859911 0.05410628019323679 0.07149758454106295 0.11062801932367153 0.059903381642512195 0.31111111111111117 0.07149758454106289 0.16231884057971024
0.05277777777777777 0.06759259259259263 0.11620370370370366 0.06712962962962968 0.08842592592592591 0.17731481481481484 0.0787037037037037 0.17129629629629628 0.06898148148148149 0.11157407407407399
0.06842105263157894 0.07309941520467834 0.08947368421052632 0.07953216374269002 0.10175438596491224 0.0947368421052631 0.09415204678362568 0.19590643274853795 0.11812865497076015 0.08479532163742687
0.1099999999999999 0.0616666666666666 0.09166666666666656 0.0738888888888888 0.12388888888888887 0.07499999999999993 0.16 0.14500000000000005 0.07388888888888881 0.08499999999999991
0.17777777777777787 0.24848484848484856 0.041077441077441046 0.09730639730639724 0.10707070707070708 0.12154882154882155 0.07912457912457907 0.046127946127946094 0.041077441077441046 0.04040404040404038
0.06888888888888887 0.20518518518518494 0.07185185185185183 0.07259259259259257 0.0903703703703704 0.1911111111111109 0.07481481481481479 0.08222222222222227 0.07259259259259256 0.07037037037037036
0.058024691358024585 0.22654320987654294 0.06666666666666655 0.061728395061728294 0.08518518518518509 0.06790123456790112 0.07716049382716036 0.06543209876543199 0.19629629629629616 0.0950617283950616
0.06339869281045737 0.0640522875816992 0.29738562091503234 0.09869281045751621 0.10457516339869263 0.07058823529411752 0.09084967320261424 0.0679738562091502 0.06666666666666653 0.07581699346405217
0.45634920634920617 0.04365079365079363 0.1027777777777778 0.048412698412698386 0.05039682539682536 0.05476190476190473 0.05277777777777776 0.08690476190476183 0.04603174603174601 0.0579365079365079
0.30256410256410227 0.0777777777777777 0.0777777777777777 0.07863247863247856 0.07692307692307684 0.0777777777777777 0.07692307692307684 0.0777777777777777 0.07692307692307684 0.07692307692307684
0.18271604938271582 0.16172839506172818 0.08395061728395047 0.06419753086419741 0.0728395061728394 0.0759259259259258 0.06666666666666655 0.13209876543209864 0.06481481481481469 0.09506172839506159
0.05679012345679002 0.058641975308641854 0.07407407407407393 0.3759259259259259 0.07407407407407395 0.06790123456790112 0.0845679012345678 0.05925925925925914 0.08580246913580232 0.06296296296296286
0.08119658119658113 0.2487179487179483 0.08461538461538454 0.08547008547008539 0.08547008547008539 0.08547008547008539 0.08290598290598282 0.08290598290598285 0.0811965811965811 0.08205128205128198
0.06666666666666654 0.06339869281045739 0.07385620915032666 0.07058823529411752 0.08431372549019593 0.08431372549019595 0.0921568627450979 0.07450980392156849 0.07843137254901947 0.31176470588235256
0.2666666666666665 0.07037037037037033 0.07407407407407408 0.12592592592592586 0.077037037037037 0.07407407407407407 0.07555555555555556 0.08888888888888888 0.0696296296296296 0.07777777777777772
0.27058823529411735 0.06797385620915021 0.06797385620915018 0.07189542483660118 0.08235294117647045 0.1281045751633985 0.08235294117647045 0.08692810457516327 0.07124183006535935 0.07058823529411752
0.052631578947368425 0.05380116959064327 0.2251461988304094 0.2643274853801169 0.05497076023391813 0.07134502923976614 0.06842105263157895 0.05730994152046782 0.0719298245614035 0.0801169590643275
0.04201388888888889 0.04201388888888889 0.4565972222222222 0.04756944444444444 0.07534722222222222 0.05520833333333333 0.05659722222222222 0.06631944444444444 0.07777777777777778 0.08055555555555556
0.07860082304526751 0.041563786008230505 0.20082304526748962 0.22263374485596724 0.042386831275720196 0.0452674897119342 0.09588477366255142 0.060905349794238756 0.0950617283950617 0.11687242798353908
0.24736842105263157 0.05789473684210524 0.056725146198830435 0.26549707602339184 0.05789473684210527 0.07192982456140351 0.06783625730994149 0.06023391812865494 0.056725146198830394 0.05789473684210525
0.05614035087719298 0.05672514619883039 0.08304093567251469 0.2660818713450292 0.10760233918128653 0.1321637426900583 0.12514619883040923 0.055555555555555546 0.060233918128654904 0.05730994152046784
0.07777777777777772 0.07301587301587295 0.07460317460317456 0.07539682539682535 0.0857142857142857 0.3 0.08253968253968247 0.0817460317460317 0.07380952380952377 0.07539682539682534
0.052910052910052824 0.1539682539682538 0.055555555555555476 0.25661375661375624 0.06825396825396819 0.057142857142857065 0.07142857142857136 0.12380952380952366 0.07883597883597879 0.0814814814814814
0.07142857142857138 0.2753968253968253 0.07222222222222216 0.07460317460317455 0.08174603174603172 0.13571428571428562 0.07222222222222216 0.07380952380952376 0.07142857142857138 0.07142857142857138
0.07619047619047614 0.07777777777777772 0.18253968253968247 0.08650793650793646 0.0857142857142857 0.14999999999999986 0.0865079365079365 0.07936507936507933 0.09206349206349199 0.08333333333333326
0.11269841269841263 0.07222222222222216 0.08174603174603175 0.08412698412698409 0.07539682539682534 0.07460317460317455 0.08015873015873011 0.07539682539682536 0.1468253968253967 0.19682539682539668
0.13925925925925917 0.06814814814814814 0.08666666666666661 0.09407407407407407 0.07851851851851852 0.15185185185185182 0.09333333333333328 0.08592592592592592 0.09111111111111114 0.11111111111111109
0.07222222222222212 0.06666666666666654 0.07654320987654308 0.08456790123456775 0.08024691358024681 0.09074074074074068 0.09691358024691345 0.09074074074074062 0.10370370370370359 0.23765432098765432
0.04773662551440334 0.04567901234567907 0.20946502057613164 0.13415637860082294 0.0695473251028807 0.056790123456790145 0.11975308641975303 0.06131687242798357 0.1728395061728395 0.08271604938271608
0.054970760233918115 0.41754385964912266 0.07777777777777778 0.0590643274853801 0.0590643274853801 0.05964912280701752 0.05789473684210524 0.09649122807017543 0.0567251461988304 0.06081871345029237
0.288425925925926 0.04537037037037034 0.10046296296296298 0.0828703703703704 0.05972222222222223 0.062037037037037064 0.11018518518518512 0.08333333333333333 0.0560185185185185 0.11157407407407406
0.062091503267973726 0.179738562091503 0.061437908496731884 0.06797385620915018 0.0679738562091502 0.28954248366013047 0.07516339869281027 0.07516339869281034 0.059477124183006415 0.0614379084967319
0.14365079365079353 0.07539682539682534 0.08650793650793648 0.08015873015873008 0.08174603174603168 0.08253968253968247 0.20079365079365066 0.08650793650793645 0.0817460317460317 0.08095238095238091
0.06555555555555546 0.06722222222222213 0.2938888888888889 0.07722222222222215 0.08444444444444439 0.07722222222222214 0.0744444444444444 0.08833333333333325 0.10111111111111111 0.07055555555555545
0.0701754385964912 0.06257309941520461 0.2584795321637425 0.0725146198830409 0.07134502923976607 0.07251461988304089 0.08362573099415202 0.07543859649122808 0.12222222222222215 0.11111111111111105
0.16759259259259238 0.08518518518518507 0.086111111111111 0.10277777777777777 0.08703703703703693 0.09629629629629627 0.08796296296296284 0.10925925925925922 0.086111111111111 0.0916666666666666
0.07185185185185182 0.07111111111111111 0.08740740740740738 0.07481481481481479 0.0785185185185185 0.07407407407407407 0.08814814814814816 0.08518518518518516 0.09999999999999996 0.2688888888888887
0.25641025641025605 0.07948717948717943 0.07777777777777771 0.08119658119658112 0.0888888888888888 0.08632478632478624 0.08376068376068371 0.08119658119658113 0.08034188034188028 0.08461538461538456
0.0625 0.0625 0.06388888888888888 0.3013888888888889 0.075 0.16805555555555557 0.07569444444444444 0.06458333333333334 0.0625 0.06388888888888888
0.07142857142857138 0.23571428571428574 0.07380952380952377 0.07777777777777772 0.12380952380952376 0.07857142857142851 0.07539682539682535 0.11269841269841269 0.07460317460317456 0.07619047619047616
0.08703703703703693 0.08796296296296285 0.17129629629629609 0.09629629629629623 0.09259259259259255 0.0944444444444444 0.09074074074074065 0.0925925925925925 0.0972222222222222 0.08981481481481472
0.06814814814814811 0.06814814814814812 0.3259259259259255 0.07555555555555553 0.09851851851851848 0.07111111111111108 0.0748148148148148 0.07333333333333329 0.06962962962962962 0.0748148148148148
