0.03125 0.03125 0.03125 0.03125 0.03125 0.0625 0.03125 0.03125 0.09375 0.125 0.125 0.03125 0.0625 0.0625 0.03125 0.03125 0.0625 0.03125 0.03125 0.03125
0.029411764705882353 0.029411764705882353 0.029411764705882353 0.029411764705882353 0.029411764705882353 0.058823529411764705 0.029411764705882353 0.08823529411764706 0.029411764705882353 0.17647058823529413 0.029411764705882353 0.058823529411764705 0.058823529411764705 0.058823529411764705 0.029411764705882353 0.029411764705882353 0.029411764705882353 0.058823529411764705 0.029411764705882353 0.08823529411764706
0.05714285714285714 0.05714285714285714 0.08571428571428572 0.11428571428571428 0.02857142857142857 0.02857142857142857 0.02857142857142857 0.05714285714285714 0.05714285714285714 0.02857142857142857 0.11428571428571428 0.02857142857142857 0.05714285714285714 0.02857142857142857 0.02857142857142857 0.02857142857142857 0.02857142857142857 0.02857142857142857 0.02857142857142857 0.08571428571428572
0.03225806451612903 0.06451612903225806 0.0967741935483871 0.03225806451612903 0.03225806451612903 0.03225806451612903 0.0967741935483871 0.03225806451612903 0.06451612903225806 0.03225806451612903 0.06451612903225806 0.03225806451612903 0.06451612903225806 0.06451612903225806 0.03225806451612903 0.03225806451612903 0.03225806451612903 0.03225806451612903 0.0967741935483871 0.03225806451612903
0.08 0.04 0.08 0.04 0.04 0.08 0.04 0.04 0.04 0.08 0.04 0.04 0.04 0.08 0.04 0.04 0.04 0.04 0.04 0.04
0.034482758620689655 0.034482758620689655 0.06896551724137931 0.06896551724137931 0.034482758620689655 0.034482758620689655 0.10344827586206896 0.034482758620689655 0.13793103448275862 0.034482758620689655 0.034482758620689655 0.06896551724137931 0.034482758620689655 0.034482758620689655 0.034482758620689655 0.034482758620689655 0.06896551724137931 0.034482758620689655 0.034482758620689655 0.034482758620689655
0.03225806451612903 0.03225806451612903 0.03225806451612903 0.0967741935483871 0.03225806451612903 0.06451612903225806 0.03225806451612903 0.06451612903225806 0.03225806451612903 0.03225806451612903 0.0967741935483871 0.03225806451612903 0.06451612903225806 0.03225806451612903 0.03225806451612903 0.03225806451612903 0.0967741935483871 0.0967741935483871 0.03225806451612903 0.03225806451612903
0.027777777777777776 0.027777777777777776 0.027777777777777776 0.027777777777777776 0.027777777777777776 0.05555555555555555 0.027777777777777776 0.05555555555555555 0.08333333333333333 0.027777777777777776 0.027777777777777776 0.027777777777777776 0.05555555555555555 0.05555555555555555 0.05555555555555555 0.1388888888888889 0.1388888888888889 0.027777777777777776 0.05555555555555555 0.027777777777777776
0.037037037037037035 0.1111111111111111 0.037037037037037035 0.07407407407407407 0.037037037037037035 0.037037037037037035 0.037037037037037035 0.07407407407407407 0.037037037037037035 0.037037037037037035 0.037037037037037035 0.037037037037037035 0.037037037037037035 0.037037037037037035 0.037037037037037035 0.07407407407407407 0.07407407407407407 0.037037037037037035 0.07407407407407407 0.037037037037037035
0.038461538461538464 0.11538461538461539 0.038461538461538464 0.07692307692307693 0.038461538461538464 0.07692307692307693 0.038461538461538464 0.038461538461538464 0.038461538461538464 0.038461538461538464 0.038461538461538464 0.038461538461538464 0.038461538461538464 0.038461538461538464 0.038461538461538464 0.038461538461538464 0.07692307692307693 0.07692307692307693 0.038461538461538464 0.038461538461538464
0.023255813953488372 0.046511627906976744 0.046511627906976744 0.046511627906976744 0.046511627906976744 0.046511627906976744 0.023255813953488372 0.023255813953488372 0.11627906976744186 0.06976744186046512 0.023255813953488372 0.046511627906976744 0.16279069767441862 0.023255813953488372 0.023255813953488372 0.06976744186046512 0.046511627906976744 0.046511627906976744 0.046511627906976744 0.023255813953488372
0.058823529411764705 0.058823529411764705 0.058823529411764705 0.029411764705882353 0.029411764705882353 0.058823529411764705 0.058823529411764705 0.11764705882352941 0.058823529411764705 0.08823529411764706 0.058823529411764705 0.058823529411764705 0.029411764705882353 0.029411764705882353 0.029411764705882353 0.029411764705882353 0.029411764705882353 0.029411764705882353 0.029411764705882353 0.058823529411764705
0.037037037037037035 0.037037037037037035 0.037037037037037035 0.07407407407407407 0.037037037037037035 0.037037037037037035 0.037037037037037035 0.037037037037037035 0.1111111111111111 0.037037037037037035 0.07407407407407407 0.037037037037037035 0.07407407407407407 0.037037037037037035 0.037037037037037035 0.07407407407407407 0.037037037037037035 0.037037037037037035 0.07407407407407407 0.037037037037037035
0.038461538461538464 0.038461538461538464 0.23076923076923078 0.038461538461538464 0.038461538461538464 0.038461538461538464 0.038461538461538464 0.038461538461538464 0.07692307692307693 0.038461538461538464 0.038461538461538464 0.038461538461538464 0.038461538461538464 0.038461538461538464 0.038461538461538464 0.038461538461538464 0.038461538461538464 0.038461538461538464 0.038461538461538464 0.038461538461538464
0.041666666666666664 0.041666666666666664 0.041666666666666664 0.08333333333333333 0.041666666666666664 0.08333333333333333 0.041666666666666664 0.041666666666666664 0.041666666666666664 0.041666666666666664 0.041666666666666664 0.041666666666666664 0.041666666666666664 0.041666666666666664 0.08333333333333333 0.041666666666666664 0.041666666666666664 0.041666666666666664 0.08333333333333333 0.041666666666666664
0.17391304347826086 0.043478260869565216 0.043478260869565216 0.043478260869565216 0.043478260869565216 0.043478260869565216 0.043478260869565216 0.043478260869565216 0.043478260869565216 0.043478260869565216 0.043478260869565216 0.043478260869565216 0.043478260869565216 0.043478260869565216 0.043478260869565216 0.043478260869565216 0.043478260869565216 0.043478260869565216 0.043478260869565216 0.043478260869565216
0.04 0.04 0.04 0.08 0.04 0.04 0.04 0.04 0.04 0.08 0.04 0.04 0.08 0.04 0.04 0.04 0.04 0.04 0.08 0.08
0.041666666666666664 0.041666666666666664 0.08333333333333333 0.125 0.041666666666666664 0.041666666666666664 0.041666666666666664 0.041666666666666664 0.041666666666666664 0.041666666666666664 0.041666666666666664 0.041666666666666664 0.08333333333333333 0.041666666666666664 0.041666666666666664 0.041666666666666664 0.041666666666666664 0.041666666666666664 0.041666666666666664 0.041666666666666664
0.04 0.04 0.08 0.04 0.04 0.04 0.04 0.04 0.04 0.04 0.04 0.08 0.04 0.04 0.04 0.04 0.04 0.04 0.04 0.16
0.041666666666666664 0.041666666666666664 0.041666666666666664 0.125 0.041666666666666664 0.041666666666666664 0.041666666666666664 0.08333333333333333 0.041666666666666664 0.041666666666666664 0.041666666666666664 0.041666666666666664 0.041666666666666664 0.041666666666666664 0.041666666666666664 0.041666666666666664 0.041666666666666664 0.041666666666666664 0.041666666666666664 0.08333333333333333
0.037037037037037035 0.037037037037037035 0.07407407407407407 0.07407407407407407 0.037037037037037035 0.037037037037037035 0.037037037037037035 0.037037037037037035 0.037037037037037035 0.1111111111111111 0.037037037037037035 0.037037037037037035 0.037037037037037035 0.037037037037037035 0.07407407407407407 0.1111111111111111 0.037037037037037035 0.037037037037037035 0.037037037037037035 0.037037037037037035
0.05263157894736842 0.02631578947368421 0.05263157894736842 0.02631578947368421 0.02631578947368421 0.02631578947368421 0.07894736842105263 0.05263157894736842 0.05263157894736842 0.02631578947368421 0.05263157894736842 0.07894736842105263 0.05263157894736842 0.02631578947368421 0.02631578947368421 0.02631578947368421 0.13157894736842105 0.07894736842105263 0.07894736842105263 0.02631578947368421
0.07407407407407407 0.07407407407407407 0.037037037037037035 0.037037037037037035 0.07407407407407407 0.037037037037037035 0.037037037037037035 0.037037037037037035 0.037037037037037035 0.037037037037037035 0.037037037037037035 0.037037037037037035 0.037037037037037035 0.07407407407407407 0.1111111111111111 0.037037037037037035 0.037037037037037035 0.037037037037037035 0.07407407407407407 0.037037037037037035
0.02702702702702703 0.05405405405405406 0.05405405405405406 0.02702702702702703 0.08108108108108109 0.02702702702702703 0.05405405405405406 0.02702702702702703 0.10810810810810811 0.05405405405405406 0.02702702702702703 0.05405405405405406 0.05405405405405406 0.02702702702702703 0.02702702702702703 0.16216216216216217 0.02702702702702703 0.02702702702702703 0.05405405405405406 0.02702702702702703
0.041666666666666664 0.08333333333333333 0.041666666666666664 0.041666666666666664 0.041666666666666664 0.041666666666666664 0.041666666666666664 0.041666666666666664 0.041666666666666664 0.08333333333333333 0.041666666666666664 0.08333333333333333 0.041666666666666664 0.041666666666666664 0.08333333333333333 0.041666666666666664 0.041666666666666664 0.041666666666666664 0.041666666666666664 0.041666666666666664
0.03571428571428571 0.03571428571428571 0.03571428571428571 0.03571428571428571 0.03571428571428571 0.03571428571428571 0.03571428571428571 0.10714285714285714 0.07142857142857142 0.07142857142857142 0.10714285714285714 0.03571428571428571 0.03571428571428571 0.07142857142857142 0.07142857142857142 0.03571428571428571 0.03571428571428571 0.03571428571428571 0.03571428571428571 0.03571428571428571
0.029411764705882353 0.058823529411764705 0.029411764705882353 0.029411764705882353 0.029411764705882353 0.11764705882352941 0.029411764705882353 0.029411764705882353 0.058823529411764705 0.058823529411764705 0.029411764705882353 0.029411764705882353 0.029411764705882353 0.058823529411764705 0.029411764705882353 0.029411764705882353 0.17647058823529413 0.029411764705882353 0.058823529411764705 0.058823529411764705
0.03333333333333333 0.03333333333333333 0.13333333333333333 0.03333333333333333 0.03333333333333333 0.03333333333333333 0.1 0.1 0.03333333333333333 0.06666666666666667 0.03333333333333333 0.06666666666666667 0.03333333333333333 0.03333333333333333 0.03333333333333333 0.03333333333333333 0.03333333333333333 0.06666666666666667 0.03333333333333333 0.03333333333333333
0.034482758620689655 0.034482758620689655 0.034482758620689655 0.034482758620689655 0.06896551724137931 0.034482758620689655 0.034482758620689655 0.034482758620689655 0.034482758620689655 0.06896551724137931 0.034482758620689655 0.034482758620689655 0.034482758620689655 0.034482758620689655 0.034482758620689655 0.034482758620689655 0.034482758620689655 0.27586206896551724 0.034482758620689655 0.034482758620689655
0.04 0.04 0.04 0.04 0.04 0.08 0.04 0.04 0.08 0.04 0.08 0.04 0.04 0.08 0.04 0.04 0.08 0.04 0.04 0.04
0.041666666666666664 0.041666666666666664 0.041666666666666664 0.08333333333333333 0.041666666666666664 0.041666666666666664 0.041666666666666664 0.08333333333333333 0.08333333333333333 0.041666666666666664 0.041666666666666664 0.08333333333333333 0.041666666666666664 0.041666666666666664 0.041666666666666664 0.041666666666666664 0.041666666666666664 0.041666666666666664 0.041666666666666664 0.041666666666666664
0.041666666666666664 0.08333333333333333 0.041666666666666664 0.041666666666666664 0.041666666666666664 0.041666666666666664 0.041666666666666664 0.041666666666666664 0.041666666666666664 0.041666666666666664 0.125 0.041666666666666664 0.041666666666666664 0.041666666666666664 0.08333333333333333 0.041666666666666664 0.041666666666666664 0.041666666666666664 0.041666666666666664 0.041666666666666664
0.04 0.04 0.04 0.08 0.04 0.04 0.04 0.04 0.08 0.04 0.04 0.04 0.08 0.04 0.04 0.04 0.08 0.04 0.04 0.08
0.041666666666666664 0.041666666666666664 0.041666666666666664 0.041666666666666664 0.08333333333333333 0.041666666666666664 0.041666666666666664 0.041666666666666664 0.041666666666666664 0.041666666666666664 0.041666666666666664 0.08333333333333333 0.041666666666666664 0.041666666666666664 0.041666666666666664 0.08333333333333333 0.041666666666666664 0.08333333333333333 0.041666666666666664 0.041666666666666664
0.08333333333333333 0.08333333333333333 0.041666666666666664 0.041666666666666664 0.041666666666666664 0.041666666666666664 0.041666666666666664 0.041666666666666664 0.041666666666666664 0.041666666666666664 0.041666666666666664 0.08333333333333333 0.041666666666666664 0.041666666666666664 0.08333333333333333 0.041666666666666664 0.041666666666666664 0.041666666666666664 0.041666666666666664 0.041666666666666664
0.038461538461538464 0.038461538461538464 0.038461538461538464 0.038461538461538464 0.038461538461538464 0.038461538461538464 0.038461538461538464 0.038461538461538464 0.038461538461538464 0.07692307692307693 0.038461538461538464 0.038461538461538464 0.15384615384615385 0.038461538461538464 0.038461538461538464 0.038461538461538464 0.07692307692307693 0.038461538461538464 0.07692307692307693 0.038461538461538464
0.07692307692307693 0.038461538461538464 0.038461538461538464 0.038461538461538464 0.038461538461538464 0.038461538461538464 0.038461538461538464 0.11538461538461539 0.038461538461538464 0.07692307692307693 0.038461538461538464 0.038461538461538464 0.038461538461538464 0.07692307692307693 0.07692307692307693 0.038461538461538464 0.038461538461538464 0.038461538461538464 0.038461538461538464 0.038461538461538464
0.037037037037037035 0.037037037037037035 0.037037037037037035 0.037037037037037035 0.037037037037037035 0.037037037037037035 0.1111111111111111 0.037037037037037035 0.037037037037037035 0.07407407407407407 0.07407407407407407 0.037037037037037035 0.037037037037037035 0.07407407407407407 0.037037037037037035 0.037037037037037035 0.07407407407407407 0.07407407407407407 0.037037037037037035 0.037037037037037035
0.02702702702702703 0.08108108108108109 0.05405405405405406 0.05405405405405406 0.02702702702702703 0.05405405405405406 0.08108108108108109 0.02702702702702703 0.05405405405405406 0.02702702702702703 0.02702702702702703 0.02702702702702703 0.05405405405405406 0.02702702702702703 0.02702702702702703 0.05405405405405406 0.02702702702702703 0.1891891891891892 0.02702702702702703 0.05405405405405406
0.045454545454545456 0.045454545454545456 0.045454545454545456 0.045454545454545456 0.045454545454545456 0.09090909090909091 0.045454545454545456 0.045454545454545456 0.045454545454545456 0.045454545454545456 0.045454545454545456 0.045454545454545456 0.045454545454545456 0.09090909090909091 0.045454545454545456 0.045454545454545456 0.045454545454545456 0.045454545454545456 0.045454545454545456 0.045454545454545456
0.03333333333333333 0.06666666666666667 0.03333333333333333 0.03333333333333333 0.06666666666666667 0.13333333333333333 0.03333333333333333 0.03333333333333333 0.03333333333333333 0.03333333333333333 0.03333333333333333 0.1 0.03333333333333333 0.03333333333333333 0.03333333333333333 0.03333333333333333 0.03333333333333333 0.13333333333333333 0.03333333333333333 0.03333333333333333
0.07142857142857142 0.03571428571428571 0.03571428571428571 0.07142857142857142 0.03571428571428571 0.03571428571428571 0.03571428571428571 0.03571428571428571 0.14285714285714285 0.03571428571428571 0.03571428571428571 0.03571428571428571 0.07142857142857142 0.03571428571428571 0.03571428571428571 0.10714285714285714 0.03571428571428571 0.03571428571428571 0.03571428571428571 0.03571428571428571
0.038461538461538464 0.07692307692307693 0.038461538461538464 0.07692307692307693 0.038461538461538464 0.038461538461538464 0.11538461538461539 0.07692307692307693 0.038461538461538464 0.038461538461538464 0.038461538461538464 0.038461538461538464 0.07692307692307693 0.038461538461538464 0.038461538461538464 0.038461538461538464 0.038461538461538464 0.038461538461538464 0.038461538461538464 0.038461538461538464
0.034482758620689655 0.034482758620689655 0.034482758620689655 0.06896551724137931 0.034482758620689655 0.034482758620689655 0.06896551724137931 0.034482758620689655 0.06896551724137931 0.034482758620689655 0.034482758620689655 0.034482758620689655 0.034482758620689655 0.034482758620689655 0.034482758620689655 0.06896551724137931 0.034482758620689655 0.20689655172413793 0.034482758620689655 0.034482758620689655
0.037037037037037035 0.037037037037037035 0.07407407407407407 0.037037037037037035 0.037037037037037035 0.037037037037037035 0.14814814814814814 0.037037037037037035 0.037037037037037035 0.037037037037037035 0.037037037037037035 0.037037037037037035 0.037037037037037035 0.037037037037037035 0.037037037037037035 0.1111111111111111 0.037037037037037035 0.037037037037037035 0.07407407407407407 0.037037037037037035
0.08 0.04 0.04 0.12 0.04 0.04 0.04 0.08 0.04 0.04 0.04 0.04 0.08 0.04 0.04 0.04 0.04 0.04 0.04 0.04
0.041666666666666664 0.041666666666666664 0.041666666666666664 0.041666666666666664 0.041666666666666664 0.041666666666666664 0.041666666666666664 0.08333333333333333 0.041666666666666664 0.041666666666666664 0.08333333333333333 0.041666666666666664 0.041666666666666664 0.041666666666666664 0.041666666666666664 0.125 0.041666666666666664 0.041666666666666664 0.041666666666666664 0.041666666666666664
0.12121212121212122 0.030303030303030304 0.06060606060606061 0.12121212121212122 0.06060606060606061 0.030303030303030304 0.030303030303030304 0.030303030303030304 0.030303030303030304 0.030303030303030304 0.030303030303030304 0.030303030303030304 0.030303030303030304 0.030303030303030304 0.06060606060606061 0.09090909090909091 0.030303030303030304 0.09090909090909091 0.030303030303030304 0.030303030303030304
0.043478260869565216 0.08695652173913043 0.043478260869565216 0.043478260869565216 0.043478260869565216 0.043478260869565216 0.043478260869565216 0.043478260869565216 0.043478260869565216 0.043478260869565216 0.043478260869565216 0.043478260869565216 0.043478260869565216 0.08695652173913043 0.043478260869565216 0.043478260869565216 0.043478260869565216 0.043478260869565216 0.043478260869565216 0.08695652173913043
0.045454545454545456 0.045454545454545456 0.045454545454545456 0.045454545454545456 0.045454545454545456 0.045454545454545456 0.09090909090909091 0.045454545454545456 0.045454545454545456 0.045454545454545456 0.09090909090909091 0.045454545454545456 0.045454545454545456 0.045454545454545456 0.045454545454545456 0.045454545454545456 0.045454545454545456 0.045454545454545456 0.045454545454545456 0.045454545454545456
0.06976744186046512 0.06976744186046512 0.09302325581395349 0.023255813953488372 0.023255813953488372 0.023255813953488372 0.023255813953488372 0.06976744186046512 0.023255813953488372 0.023255813953488372 0.023255813953488372 0.023255813953488372 0.06976744186046512 0.23255813953488372 0.046511627906976744 0.023255813953488372 0.023255813953488372 0.023255813953488372 0.06976744186046512 0.023255813953488372
0.030303030303030304 0.06060606060606061 0.030303030303030304 0.030303030303030304 0.030303030303030304 0.030303030303030304 0.030303030303030304 0.06060606060606061 0.030303030303030304 0.06060606060606061 0.030303030303030304 0.030303030303030304 0.030303030303030304 0.24242424242424243 0.030303030303030304 0.030303030303030304 0.06060606060606061 0.030303030303030304 0.09090909090909091 0.030303030303030304
0.043478260869565216 0.043478260869565216 0.043478260869565216 0.043478260869565216 0.043478260869565216 0.043478260869565216 0.043478260869565216 0.13043478260869565 0.043478260869565216 0.043478260869565216 0.043478260869565216 0.043478260869565216 0.043478260869565216 0.043478260869565216 0.043478260869565216 0.043478260869565216 0.043478260869565216 0.043478260869565216 0.08695652173913043 0.043478260869565216
0.041666666666666664 0.041666666666666664 0.041666666666666664 0.041666666666666664 0.041666666666666664 0.08333333333333333 0.041666666666666664 0.041666666666666664 0.041666666666666664 0.041666666666666664 0.041666666666666664 0.041666666666666664 0.041666666666666664 0.041666666666666664 0.041666666666666664 0.041666666666666664 0.08333333333333333 0.041666666666666664 0.041666666666666664 0.125
0.08695652173913043 0.043478260869565216 0.043478260869565216 0.043478260869565216 0.043478260869565216 0.043478260869565216 0.043478260869565216 0.043478260869565216 0.043478260869565216 0.043478260869565216 0.043478260869565216 0.043478260869565216 0.043478260869565216 0.043478260869565216 0.08695652173913043 0.043478260869565216 0.08695652173913043 0.043478260869565216 0.043478260869565216 0.043478260869565216
0.03333333333333333 0.03333333333333333 0.06666666666666667 0.03333333333333333 0.1 0.03333333333333333 0.03333333333333333 0.03333333333333333 0.03333333333333333 0.03333333333333333 0.03333333333333333 0.06666666666666667 0.03333333333333333 0.06666666666666667 0.06666666666666667 0.03333333333333333 0.06666666666666667 0.03333333333333333 0.13333333333333333 0.03333333333333333
0.030303030303030304 0.06060606060606061 0.030303030303030304 0.030303030303030304 0.030303030303030304 0.030303030303030304 0.030303030303030304 0.030303030303030304 0.030303030303030304 0.030303030303030304 0.030303030303030304 0.030303030303030304 0.030303030303030304 0.30303030303030304 0.030303030303030304 0.030303030303030304 0.030303030303030304 0.030303030303030304 0.06060606060606061 0.09090909090909091
0.034482758620689655 0.034482758620689655 0.034482758620689655 0.034482758620689655 0.034482758620689655 0.034482758620689655 0.034482758620689655 0.034482758620689655 0.034482758620689655 0.034482758620689655 0.034482758620689655 0.2413793103448276 0.06896551724137931 0.034482758620689655 0.034482758620689655 0.10344827586206896 0.034482758620689655 0.034482758620689655 0.034482758620689655 0.034482758620689655
0.047619047619047616 0.047619047619047616 0.047619047619047616 0.047619047619047616 0.047619047619047616 0.047619047619047616 0.047619047619047616 0.047619047619047616 0.047619047619047616 0.047619047619047616 0.047619047619047616 0.09523809523809523 0.047619047619047616 0.047619047619047616 0.047619047619047616 0.047619047619047616 0.047619047619047616 0.047619047619047616 0.047619047619047616 0.047619047619047616
0.034482758620689655 0.034482758620689655 0.034482758620689655 0.034482758620689655 0.034482758620689655 0.034482758620689655 0.034482758620689655 0.034482758620689655 0.06896551724137931 0.06896551724137931 0.034482758620689655 0.034482758620689655 0.034482758620689655 0.27586206896551724 0.034482758620689655 0.034482758620689655 0.034482758620689655 0.034482758620689655 0.034482758620689655 0.034482758620689655
0.041666666666666664 0.041666666666666664 0.041666666666666664 0.041666666666666664 0.041666666666666664 0.041666666666666664 0.041666666666666664 0.08333333333333333 0.08333333333333333 0.041666666666666664 0.041666666666666664 0.041666666666666664 0.041666666666666664 0.041666666666666664 0.041666666666666664 0.08333333333333333 0.041666666666666664 0.08333333333333333 0.041666666666666664 0.041666666666666664
0.03333333333333333 0.06666666666666667 0.03333333333333333 0.06666666666666667 0.03333333333333333 0.06666666666666667 0.1 0.1 0.03333333333333333 0.03333333333333333 0.03333333333333333 0.03333333333333333 0.03333333333333333 0.03333333333333333 0.03333333333333333 0.1 0.03333333333333333 0.03333333333333333 0.03333333333333333 0.06666666666666667
0.025 0.025 0.05 0.05 0.025 0.075 0.025 0.075 0.05 0.025 0.025 0.05 0.15 0.1 0.05 0.05 0.025 0.025 0.05 0.05
0.034482758620689655 0.034482758620689655 0.034482758620689655 0.034482758620689655 0.034482758620689655 0.034482758620689655 0.06896551724137931 0.034482758620689655 0.1724137931034483 0.034482758620689655 0.034482758620689655 0.034482758620689655 0.034482758620689655 0.06896551724137931 0.034482758620689655 0.034482758620689655 0.034482758620689655 0.10344827586206896 0.06896551724137931 0.034482758620689655
0.13043478260869565 0.043478260869565216 0.043478260869565216 0.043478260869565216 0.043478260869565216 0.043478260869565216 0.043478260869565216 0.043478260869565216 0.043478260869565216 0.08695652173913043 0.043478260869565216 0.043478260869565216 0.043478260869565216 0.043478260869565216 0.043478260869565216 0.043478260869565216 0.043478260869565216 0.043478260869565216 0.043478260869565216 0.043478260869565216
0.041666666666666664 0.041666666666666664 0.041666666666666664 0.041666666666666664 0.041666666666666664 0.041666666666666664 0.041666666666666664 0.041666666666666664 0.041666666666666664 0.041666666666666664 0.041666666666666664 0.041666666666666664 0.041666666666666664 0.041666666666666664 0.08333333333333333 0.08333333333333333 0.08333333333333333 0.041666666666666664 0.041666666666666664 0.08333333333333333
0.08 0.04 0.12 0.04 0.04 0.04 0.04 0.04 0.04 0.04 0.04 0.04 0.04 0.08 0.04 0.08 0.04 0.04 0.04 0.04
0.045454545454545456 0.045454545454545456 0.045454545454545456 0.045454545454545456 0.045454545454545456 0.045454545454545456 0.045454545454545456 0.045454545454545456 0.045454545454545456 0.045454545454545456 0.09090909090909091 0.09090909090909091 0.045454545454545456 0.045454545454545456 0.045454545454545456 0.045454545454545456 0.045454545454545456 0.045454545454545456 0.045454545454545456 0.045454545454545456
0.05714285714285714 0.02857142857142857 0.02857142857142857 0.02857142857142857 0.05714285714285714 0.05714285714285714 0.05714285714285714 0.02857142857142857 0.02857142857142857 0.11428571428571428 0.02857142857142857 0.05714285714285714 0.02857142857142857 0.17142857142857143 0.02857142857142857 0.08571428571428572 0.02857142857142857 0.02857142857142857 0.02857142857142857 0.02857142857142857
0.03125 0.0625 0.03125 0.03125 0.09375 0.03125 0.03125 0.03125 0.03125 0.0625 0.03125 0.0625 0.03125 0.15625 0.03125 0.0625 0.09375 0.03125 0.03125 0.03125
0.09090909090909091 0.045454545454545456 0.045454545454545456 0.045454545454545456 0.045454545454545456 0.045454545454545456 0.045454545454545456 0.045454545454545456 0.045454545454545456 0.045454545454545456 0.045454545454545456 0.045454545454545456 0.09090909090909091 0.045454545454545456 0.045454545454545456 0.045454545454545456 0.045454545454545456 0.045454545454545456 0.045454545454545456 0.045454545454545456
0.045454545454545456 0.09090909090909091 0.045454545454545456 0.045454545454545456 0.045454545454545456 0.045454545454545456 0.045454545454545456 0.045454545454545456 0.045454545454545456 0.045454545454545456 0.045454545454545456 0.045454545454545456 0.045454545454545456 0.045454545454545456 0.045454545454545456 0.045454545454545456 0.045454545454545456 0.045454545454545456 0.045454545454545456 0.09090909090909091
0.08333333333333333 0.08333333333333333 0.041666666666666664 0.041666666666666664 0.08333333333333333 0.041666666666666664 0.041666666666666664 0.041666666666666664 0.041666666666666664 0.041666666666666664 0.041666666666666664 0.041666666666666664 0.041666666666666664 0.041666666666666664 0.041666666666666664 0.041666666666666664 0.041666666666666664 0.08333333333333333 0.041666666666666664 0.041666666666666664
0.043478260869565216 0.043478260869565216 0.13043478260869565 0.043478260869565216 0.043478260869565216 0.043478260869565216 0.043478260869565216 0.043478260869565216 0.043478260869565216 0.043478260869565216 0.043478260869565216 0.043478260869565216 0.043478260869565216 0.043478260869565216 0.043478260869565216 0.043478260869565216 0.043478260869565216 0.08695652173913043 0.043478260869565216 0.043478260869565216
0.02857142857142857 0.02857142857142857 0.08571428571428572 0.02857142857142857 0.08571428571428572 0.02857142857142857 0.02857142857142857 0.02857142857142857 0.08571428571428572 0.02857142857142857 0.02857142857142857 0.08571428571428572 0.08571428571428572 0.02857142857142857 0.11428571428571428 0.02857142857142857 0.02857142857142857 0.08571428571428572 0.02857142857142857 0.02857142857142857
0.10714285714285714 0.07142857142857142 0.03571428571428571 0.03571428571428571 0.03571428571428571 0.03571428571428571 0.03571428571428571 0.03571428571428571 0.03571428571428571 0.03571428571428571 0.03571428571428571 0.03571428571428571 0.03571428571428571 0.03571428571428571 0.07142857142857142 0.10714285714285714 0.03571428571428571 0.03571428571428571 0.07142857142857142 0.07142857142857142
0.06896551724137931 0.034482758620689655 0.06896551724137931 0.034482758620689655 0.034482758620689655 0.06896551724137931 0.034482758620689655 0.034482758620689655 0.034482758620689655 0.034482758620689655 0.034482758620689655 0.06896551724137931 0.034482758620689655 0.034482758620689655 0.10344827586206896 0.06896551724137931 0.06896551724137931 0.034482758620689655 0.06896551724137931 0.034482758620689655
0.045454545454545456 0.045454545454545456 0.045454545454545456 0.045454545454545456 0.045454545454545456 0.045454545454545456 0.045454545454545456 0.045454545454545456 0.045454545454545456 0.045454545454545456 0.09090909090909091 0.045454545454545456 0.045454545454545456 0.045454545454545456 0.09090909090909091 0.045454545454545456 0.045454545454545456 0.045454545454545456 0.045454545454545456 0.045454545454545456
0.0425531914893617 0.02127659574468085 0.02127659574468085 0.02127659574468085 0.0851063829787234 0.02127659574468085 0.02127659574468085 0.02127659574468085 0.1276595744680851 0.06382978723404255 0.06382978723404255 0.06382978723404255 0.02127659574468085 0.02127659574468085 0.0851063829787234 0.02127659574468085 0.02127659574468085 0.0851063829787234 0.0851063829787234 0.0851063829787234
0.038461538461538464 0.038461538461538464 0.038461538461538464 0.038461538461538464 0.038461538461538464 0.038461538461538464 0.038461538461538464 0.11538461538461539 0.038461538461538464 0.11538461538461539 0.07692307692307693 0.038461538461538464 0.07692307692307693 0.038461538461538464 0.038461538461538464 0.038461538461538464 0.038461538461538464 0.038461538461538464 0.038461538461538464 0.038461538461538464
0.034482758620689655 0.06896551724137931 0.06896551724137931 0.034482758620689655 0.034482758620689655 0.034482758620689655 0.034482758620689655 0.06896551724137931 0.06896551724137931 0.13793103448275862 0.06896551724137931 0.034482758620689655 0.034482758620689655 0.034482758620689655 0.06896551724137931 0.034482758620689655 0.034482758620689655 0.034482758620689655 0.034482758620689655 0.034482758620689655
0.043478260869565216 0.043478260869565216 0.043478260869565216 0.043478260869565216 0.043478260869565216 0.043478260869565216 0.043478260869565216 0.043478260869565216 0.043478260869565216 0.043478260869565216 0.043478260869565216 0.043478260869565216 0.08695652173913043 0.043478260869565216 0.043478260869565216 0.08695652173913043 0.08695652173913043 0.043478260869565216 0.043478260869565216 0.043478260869565216
0.038461538461538464 0.038461538461538464 0.038461538461538464 0.038461538461538464 0.038461538461538464 0.07692307692307693 0.038461538461538464 0.07692307692307693 0.07692307692307693 0.07692307692307693 0.038461538461538464 0.07692307692307693 0.038461538461538464 0.07692307692307693 0.038461538461538464 0.038461538461538464 0.038461538461538464 0.038461538461538464 0.038461538461538464 0.038461538461538464
0.045454545454545456 0.045454545454545456 0.045454545454545456 0.045454545454545456 0.09090909090909091 0.045454545454545456 0.045454545454545456 0.045454545454545456 0.045454545454545456 0.045454545454545456 0.045454545454545456 0.045454545454545456 0.045454545454545456 0.045454545454545456 0.09090909090909091 0.045454545454545456 0.045454545454545456 0.045454545454545456 0.045454545454545456 0.045454545454545456
0.034482758620689655 0.034482758620689655 0.034482758620689655 0.034482758620689655 0.034482758620689655 0.034482758620689655 0.034482758620689655 0.06896551724137931 0.034482758620689655 0.034482758620689655 0.034482758620689655 0.034482758620689655 0.034482758620689655 0.034482758620689655 0.034482758620689655 0.06896551724137931 0.20689655172413793 0.034482758620689655 0.034482758620689655 0.10344827586206896
0.041666666666666664 0.041666666666666664 0.041666666666666664 0.08333333333333333 0.08333333333333333 0.041666666666666664 0.041666666666666664 0.041666666666666664 0.041666666666666664 0.041666666666666664 0.041666666666666664 0.041666666666666664 0.041666666666666664 0.041666666666666664 0.041666666666666664 0.041666666666666664 0.125 0.041666666666666664 0.041666666666666664 0.041666666666666664
0.08 0.08 0.04 0.04 0.04 0.08 0.04 0.04 0.04 0.04 0.04 0.04 0.08 0.04 0.04 0.04 0.04 0.04 0.08 0.04
0.03125 0.03125 0.03125 0.03125 0.03125 0.03125 0.03125 0.03125 0.15625 0.03125 0.09375 0.125 0.03125 0.03125 0.03125 0.0625 0.03125 0.0625 0.0625 0.03125
0.038461538461538464 0.038461538461538464 0.038461538461538464 0.038461538461538464 0.038461538461538464 0.038461538461538464 0.038461538461538464 0.11538461538461539 0.038461538461538464 0.07692307692307693 0.038461538461538464 0.038461538461538464 0.038461538461538464 0.038461538461538464 0.038461538461538464 0.07692307692307693 0.07692307692307693 0.038461538461538464 0.038461538461538464 0.07692307692307693
0.03125 0.03125 0.03125 0.03125 0.0625 0.09375 0.03125 0.03125 0.0625 0.09375 0.03125 0.03125 0.125 0.03125 0.0625 0.0625 0.0625 0.03125 0.03125 0.03125
0.07692307692307693 0.038461538461538464 0.038461538461538464 0.038461538461538464 0.038461538461538464 0.038461538461538464 0.038461538461538464 0.038461538461538464 0.038461538461538464 0.038461538461538464 0.07692307692307693 0.038461538461538464 0.07692307692307693 0.038461538461538464 0.07692307692307693 0.038461538461538464 0.11538461538461539 0.038461538461538464 0.038461538461538464 0.038461538461538464
0.13043478260869565 0.043478260869565216 0.043478260869565216 0.08695652173913043 0.043478260869565216 0.043478260869565216 0.043478260869565216 0.043478260869565216 0.043478260869565216 0.043478260869565216 0.043478260869565216 0.043478260869565216 0.043478260869565216 0.043478260869565216 0.043478260869565216 0.043478260869565216 0.043478260869565216 0.043478260869565216 0.043478260869565216 0.043478260869565216
0.12903225806451613 0.03225806451612903 0.03225806451612903 0.12903225806451613 0.03225806451612903 0.06451612903225806 0.03225806451612903 0.03225806451612903 0.03225806451612903 0.03225806451612903 0.03225806451612903 0.03225806451612903 0.0967741935483871 0.03225806451612903 0.03225806451612903 0.03225806451612903 0.06451612903225806 0.06451612903225806 0.03225806451612903 0.03225806451612903
0.02631578947368421 0.02631578947368421 0.02631578947368421 0.05263157894736842 0.05263157894736842 0.02631578947368421 0.02631578947368421 0.05263157894736842 0.05263157894736842 0.02631578947368421 0.02631578947368421 0.02631578947368421 0.02631578947368421 0.07894736842105263 0.02631578947368421 0.10526315789473684 0.02631578947368421 0.07894736842105263 0.07894736842105263 0.15789473684210525
0.03333333333333333 0.13333333333333333 0.03333333333333333 0.03333333333333333 0.03333333333333333 0.03333333333333333 0.06666666666666667 0.06666666666666667 0.03333333333333333 0.1 0.03333333333333333 0.03333333333333333 0.06666666666666667 0.03333333333333333 0.03333333333333333 0.03333333333333333 0.03333333333333333 0.03333333333333333 0.1 0.03333333333333333
0.1111111111111111 0.037037037037037035 0.07407407407407407 0.07407407407407407 0.037037037037037035 0.07407407407407407 0.037037037037037035 0.037037037037037035 0.037037037037037035 0.037037037037037035 0.037037037037037035 0.07407407407407407 0.037037037037037035 0.037037037037037035 0.037037037037037035 0.07407407407407407 0.037037037037037035 0.037037037037037035 0.037037037037037035 0.037037037037037035
0.030303030303030304 0.030303030303030304 0.09090909090909091 0.030303030303030304 0.030303030303030304 0.030303030303030304 0.09090909090909091 0.030303030303030304 0.030303030303030304 0.030303030303030304 0.09090909090909091 0.030303030303030304 0.06060606060606061 0.09090909090909091 0.030303030303030304 0.030303030303030304 0.06060606060606061 0.030303030303030304 0.12121212121212122 0.030303030303030304
0.029411764705882353 0.029411764705882353 0.058823529411764705 0.029411764705882353 0.029411764705882353 0.058823529411764705 0.029411764705882353 0.058823529411764705 0.058823529411764705 0.029411764705882353 0.058823529411764705 0.029411764705882353 0.029411764705882353 0.08823529411764706 0.029411764705882353 0.029411764705882353 0.058823529411764705 0.058823529411764705 0.029411764705882353 0.17647058823529413
0.034482758620689655 0.034482758620689655 0.034482758620689655 0.034482758620689655 0.034482758620689655 0.034482758620689655 0.034482758620689655 0.034482758620689655 0.10344827586206896 0.034482758620689655 0.034482758620689655 0.034482758620689655 0.034482758620689655 0.10344827586206896 0.034482758620689655 0.13793103448275862 0.06896551724137931 0.034482758620689655 0.034482758620689655 0.06896551724137931
0.03333333333333333 0.03333333333333333 0.03333333333333333 0.03333333333333333 0.03333333333333333 0.03333333333333333 0.03333333333333333 0.03333333333333333 0.06666666666666667 0.06666666666666667 0.1 0.03333333333333333 0.03333333333333333 0.03333333333333333 0.03333333333333333 0.03333333333333333 0.23333333333333334 0.03333333333333333 0.03333333333333333 0.03333333333333333
0.06666666666666667 0.03333333333333333 0.03333333333333333 0.03333333333333333 0.03333333333333333 0.1 0.03333333333333333 0.16666666666666666 0.03333333333333333 0.03333333333333333 0.03333333333333333 0.06666666666666667 0.03333333333333333 0.03333333333333333 0.03333333333333333 0.03333333333333333 0.03333333333333333 0.06666666666666667 0.03333333333333333 0.06666666666666667
0.043478260869565216 0.043478260869565216 0.08695652173913043 0.043478260869565216 0.043478260869565216 0.043478260869565216 0.043478260869565216 0.043478260869565216 0.043478260869565216 0.043478260869565216 0.043478260869565216 0.043478260869565216 0.043478260869565216 0.043478260869565216 0.043478260869565216 0.043478260869565216 0.043478260869565216 0.043478260869565216 0.08695652173913043 0.08695652173913043
0.038461538461538464 0.09615384615384616 0.038461538461538464 0.057692307692307696 0.038461538461538464 0.019230769230769232 0.019230769230769232 0.019230769230769232 0.15384615384615385 0.019230769230769232 0.019230769230769232 0.07692307692307693 0.019230769230769232 0.07692307692307693 0.038461538461538464 0.019230769230769232 0.019230769230769232 0.019230769230769232 0.17307692307692307 0.038461538461538464
0.038461538461538464 0.038461538461538464 0.038461538461538464 0.038461538461538464 0.07692307692307693 0.038461538461538464 0.11538461538461539 0.038461538461538464 0.038461538461538464 0.038461538461538464 0.07692307692307693 0.038461538461538464 0.07692307692307693 0.038461538461538464 0.07692307692307693 0.038461538461538464 0.038461538461538464 0.038461538461538464 0.038461538461538464 0.038461538461538464
0.037037037037037035 0.1111111111111111 0.07407407407407407 0.037037037037037035 0.07407407407407407 0.037037037037037035 0.037037037037037035 0.037037037037037035 0.037037037037037035 0.037037037037037035 0.037037037037037035 0.037037037037037035 0.07407407407407407 0.037037037037037035 0.037037037037037035 0.037037037037037035 0.07407407407407407 0.037037037037037035 0.07407407407407407 0.037037037037037035
0.041666666666666664 0.041666666666666664 0.041666666666666664 0.041666666666666664 0.08333333333333333 0.041666666666666664 0.041666666666666664 0.041666666666666664 0.041666666666666664 0.041666666666666664 0.041666666666666664 0.041666666666666664 0.041666666666666664 0.041666666666666664 0.041666666666666664 0.041666666666666664 0.16666666666666666 0.041666666666666664 0.041666666666666664 0.041666666666666664
0.041666666666666664 0.041666666666666664 0.041666666666666664 0.041666666666666664 0.08333333333333333 0.041666666666666664 0.041666666666666664 0.041666666666666664 0.041666666666666664 0.041666666666666664 0.041666666666666664 0.041666666666666664 0.041666666666666664 0.041666666666666664 0.041666666666666664 0.08333333333333333 0.041666666666666664 0.125 0.041666666666666664 0.041666666666666664
