0.035400516795865665 0.04082687338501296 0.029457364341085306 0.04134366925064604 0.041860465116279104 0.0403100775193799 0.040310077519379886 0.038759689922480654 0.03617571059431528 0.04134366925064603 0.04263565891472873 0.03953488372093027 0.04056847545219641 0.043152454780361796 0.0452196382428941 0.03307493540051683 0.04263565891472871 0.04444444444444448 0.040051679586563346 0.04160206718346257 0.044186046511627955 0.02790697674418608 0.037467700258397976 0.04341085271317834 0.04832041343669255
0.03993055555555555 0.043055555555555555 0.03680555555555556 0.04756944444444444 0.03819444444444445 0.03715277777777778 0.04027777777777778 0.03680555555555556 0.03715277777777778 0.03854166666666667 0.03993055555555555 0.04236111111111111 0.03784722222222222 0.03854166666666667 0.04826388888888889 0.03576388888888889 0.03958333333333333 0.042708333333333334 0.03888888888888889 0.04479166666666667 0.04027777777777778 0.034027777777777775 0.04097222222222222 0.03854166666666667 0.04201388888888889
0.039999999999999994 0.037777777777777764 0.03407407407407407 0.04555555555555557 0.035555555555555535 0.03703703703703704 0.04 0.03777777777777778 0.037777777777777785 0.036296296296296285 0.04777777777777777 0.03555555555555555 0.035555555555555556 0.039629629629629605 0.04 0.03592592592592592 0.04259259259259258 0.040370370370370355 0.035925925925925924 0.05740740740740737 0.04666666666666666 0.03444444444444444 0.04444444444444444 0.03851851851851851 0.04333333333333332
0.042642642642642656 0.04534534534534535 0.03273273273273276 0.04174174174174177 0.039939939939939974 0.03813813813813815 0.039339339339339384 0.038138138138138156 0.040840840840840845 0.04504504504504507 0.03663663663663666 0.03873873873873878 0.03903903903903906 0.043543543543543554 0.03993993993993999 0.037537537537537566 0.04234234234234236 0.03843843843843846 0.04654654654654658 0.03453453453453456 0.04324324324324328 0.035435435435435474 0.03783783783783788 0.04204204204204205 0.04024024024024028
0.041503267973856124 0.041176470588235224 0.03137254901960777 0.03954248366013065 0.03758169934640516 0.040522875816993396 0.03660130718954241 0.03954248366013065 0.03431372549019601 0.04346405228758163 0.04019607843137247 0.040522875816993396 0.03888888888888881 0.04901960784313718 0.04183006535947706 0.04084967320261431 0.03954248366013064 0.039542483660130655 0.04117647058823524 0.04052287581699339 0.038235294117646985 0.033660130718954184 0.03888888888888882 0.05163398692810451 0.03986928104575156
0.037321937321937275 0.049857549857549796 0.033048433048433 0.039316239316239274 0.04729344729344726 0.04558404558404554 0.041595441595441554 0.03618233618233612 0.04387464387464383 0.041310541310541245 0.04102564102564098 0.039316239316239274 0.0387464387464387 0.040455840455840414 0.041595441595441554 0.036467236467236416 0.04273504273504268 0.03988603988603983 0.04330484330484326 0.03390313390313386 0.03903133903133898 0.030769230769230715 0.03789173789173784 0.040455840455840414 0.03903133903133897
0.03691756272401431 0.03942652329749101 0.03620071684587811 0.03906810035842291 0.04086021505376341 0.03870967741935481 0.03870967741935481 0.04336917562724012 0.03942652329749101 0.03942652329749101 0.03691756272401431 0.04014336917562721 0.04265232974910391 0.04014336917562721 0.03906810035842291 0.04265232974910391 0.04301075268817201 0.04086021505376341 0.04157706093189961 0.03835125448028671 0.042293906810035815 0.03763440860215051 0.04014336917562721 0.04372759856630821 0.03870967741935481
0.03984674329501912 0.041762452107279656 0.03716475095785437 0.03908045977011489 0.03984674329501911 0.037164750957854355 0.04099616858237543 0.04252873563218387 0.03716475095785436 0.037931034482758565 0.03908045977011491 0.03984674329501911 0.044444444444444425 0.042911877394635985 0.040229885057471236 0.040996168582375446 0.040996168582375425 0.03984674329501911 0.04022988505747121 0.03793103448275859 0.04022988505747121 0.03831417624521069 0.03908045977011491 0.040996168582375425 0.04137931034482754
0.03984674329501912 0.040229885057471215 0.035632183908045935 0.04559386973180071 0.040229885057471215 0.039080459770114914 0.041762452107279656 0.03984674329501911 0.03946360153256701 0.03754789272030646 0.04329501915708809 0.037164750957854355 0.03754789272030647 0.03639846743295015 0.04942528735632184 0.03601532567049804 0.04329501915708808 0.04214559386973176 0.03754789272030647 0.046743295019157055 0.03869731800766277 0.036781609195402264 0.03946360153256701 0.03754789272030649 0.038697318007662795
0.034502923976608174 0.041228070175438586 0.03099415204678362 0.040350877192982436 0.04473684210526314 0.043859649122806973 0.03713450292397658 0.045906432748538006 0.043567251461988275 0.04356725146198828 0.038011695906432746 0.043859649122806994 0.040935672514619846 0.04035087719298247 0.03859649122807015 0.046198830409356705 0.03976608187134501 0.04064327485380116 0.04532163742690057 0.03128654970760233 0.040935672514619874 0.032748538011695874 0.036549707602339165 0.04093567251461987 0.038011695906432746
0.03944444444444439 0.03972222222222219 0.031666666666666614 0.04027777777777773 0.03777777777777773 0.037222222222222184 0.046111111111111096 0.04194444444444438 0.039722222222222166 0.03722222222222217 0.04361111111111105 0.03888888888888885 0.039444444444444414 0.043055555555555514 0.042499999999999975 0.0358333333333333 0.039999999999999966 0.04166666666666663 0.04111111111111106 0.05055555555555558 0.043888888888888845 0.03083333333333329 0.04277777777777774 0.03833333333333329 0.03638888888888884
0.04320987654320982 0.039506172839506117 0.03117283950617278 0.03487654320987648 0.03950617283950611 0.038271604938271545 0.04598765432098761 0.044135802469135746 0.04228395061728389 0.0422839506172839 0.03487654320987648 0.042901234567901174 0.04012345679012339 0.04074074074074067 0.04660493827160487 0.03333333333333327 0.03580246913580241 0.04012345679012339 0.044135802469135746 0.03395061728395055 0.03858024691358018 0.04197530864197525 0.04043209876543204 0.04783950617283945 0.03734567901234562
0.039999999999999994 0.03888888888888888 0.03444444444444442 0.03666666666666665 0.03962962962962962 0.03592592592592592 0.03740740740740741 0.04000000000000001 0.03703703703703704 0.0385185185185185 0.03925925925925927 0.044074074074074064 0.04037037037037036 0.04851851851851848 0.04111111111111107 0.04037037037037036 0.038148148148148146 0.03814814814814814 0.0437037037037037 0.038148148148148146 0.03666666666666665 0.043333333333333335 0.04037037037037034 0.04962962962962962 0.03962962962962962
0.03946360153256701 0.04137931034482754 0.03524904214559382 0.04214559386973176 0.0402298850574712 0.04061302681992331 0.040613026819923334 0.03984674329501913 0.0390804597701149 0.039846743295019124 0.04022988505747122 0.04214559386973173 0.04099616858237545 0.04022988505747123 0.03678160919540225 0.04329501915708807 0.03908045977011491 0.0432950191570881 0.03984674329501912 0.03793103448275858 0.04022988505747123 0.03869731800766281 0.03984674329501911 0.03831417624521068 0.04061302681992332
0.03888888888888883 0.041176470588235224 0.036274509803921495 0.04084967320261431 0.04183006535947705 0.04183006535947705 0.038235294117647 0.03758169934640516 0.043137254901960714 0.045098039215686204 0.03888888888888881 0.03790849673202607 0.047712418300653515 0.037581699346405165 0.04052287581699339 0.03921568627450974 0.03660130718954242 0.04019607843137248 0.043790849673202556 0.03398692810457509 0.04150326797385614 0.03267973856209143 0.037581699346405165 0.0447712418300653 0.042156862745097966
0.03567251461988302 0.03976608187134501 0.03274853801169589 0.03976608187134502 0.03830409356725144 0.036549707602339186 0.043859649122806994 0.045906432748538006 0.043567251461988296 0.04122807017543858 0.03713450292397659 0.044444444444444425 0.03654970760233917 0.04678362573099412 0.03713450292397658 0.035672514619883015 0.03654970760233917 0.04035087719298242 0.04678362573099413 0.033040935672514614 0.040643274853801155 0.043567251461988296 0.040058479532163724 0.04590643274853799 0.03801169590643271
0.040350877192982436 0.035087719298245605 0.031286549707602314 0.037719298245614014 0.034502923976608146 0.04093567251461988 0.04122807017543857 0.04532163742690057 0.03801169590643274 0.04093567251461986 0.03333333333333331 0.041812865497076 0.04005847953216372 0.04999999999999995 0.038888888888888876 0.03479532163742687 0.03801169590643275 0.036842105263157884 0.04912280701754383 0.03596491228070175 0.036257309941520446 0.050584795321637406 0.036549707602339165 0.04999999999999995 0.042397660818713434
0.03978494623655911 0.04193548387096771 0.03906810035842291 0.04050179211469532 0.04014336917562721 0.03870967741935481 0.04014336917562721 0.039426523297491016 0.03906810035842291 0.03799283154121861 0.04157706093189961 0.04050179211469531 0.03978494623655911 0.04086021505376341 0.04229390681003581 0.03691756272401431 0.04121863799283151 0.04050179211469532 0.04336917562724012 0.04086021505376341 0.04121863799283151 0.035842293906810006 0.03548387096774191 0.04121863799283151 0.04157706093189961
0.041481481481481466 0.040370370370370376 0.03703703703703702 0.03925925925925925 0.04148148148148147 0.041481481481481466 0.042222222222222223 0.042222222222222223 0.043703703703703696 0.0422222222222222 0.03925925925925927 0.03962962962962961 0.04407407407407406 0.03999999999999999 0.03962962962962962 0.036296296296296285 0.04037037037037037 0.0411111111111111 0.04074074074074075 0.03814814814814814 0.03888888888888887 0.035555555555555556 0.04000000000000001 0.03888888888888888 0.0359259259259259
0.04135802469135797 0.04537037037037032 0.03827160493827156 0.03796296296296291 0.04351851851851847 0.03888888888888883 0.04320987654320982 0.038271604938271545 0.04290123456790118 0.037962962962962914 0.03950617283950611 0.04104938271604934 0.040123456790123385 0.04043209876543204 0.03950617283950611 0.038271604938271545 0.03919753086419748 0.040123456790123406 0.0379629629629629 0.0379629629629629 0.03858024691358018 0.03395061728395056 0.0438271604938271 0.0410493827160493 0.04074074074074068
0.037581699346405165 0.04215686274509799 0.03267973856209144 0.03888888888888882 0.054575163398692755 0.044117647058823456 0.038235294117646985 0.03529411764705875 0.04379084967320254 0.041176470588235224 0.039215686274509734 0.03888888888888882 0.038235294117646985 0.03758169934640516 0.03921568627450974 0.03758169934640515 0.04183006535947705 0.038235294117647 0.04084967320261431 0.03496732026143784 0.04411764705882346 0.034640522875816926 0.04411764705882345 0.036601307189542416 0.045424836601307104
0.03870967741935481 0.04086021505376341 0.04838709677419351 0.04157706093189961 0.03978494623655911 0.046594982078853014 0.04014336917562721 0.037275985663082406 0.03978494623655911 0.03799283154121861 0.04014336917562721 0.04157706093189961 0.04336917562724011 0.03978494623655911 0.03799283154121861 0.04336917562724012 0.03978494623655911 0.03870967741935481 0.03870967741935481 0.03942652329749101 0.03799283154121861 0.03297491039426521 0.04050179211469531 0.03763440860215051 0.03691756272401431
0.03873873873873878 0.04444444444444448 0.03093093093093096 0.04234234234234239 0.04264264264264267 0.04444444444444448 0.04324324324324327 0.04114114114114116 0.04654654654654659 0.041441441441441455 0.038138138138138156 0.03873873873873878 0.04354354354354359 0.04174174174174175 0.037837837837837875 0.03573573573573576 0.03933933933933935 0.038438438438438464 0.041141141141141174 0.036336336336336345 0.04234234234234237 0.03243243243243246 0.03903903903903909 0.04024024024024027 0.039039039039039075
0.03888888888888885 0.04017094017094014 0.03846153846153842 0.038888888888888855 0.04273504273504271 0.041880341880341815 0.038888888888888855 0.03888888888888885 0.04273504273504268 0.04145299145299143 0.03846153846153842 0.03888888888888885 0.03888888888888885 0.04102564102564099 0.0397435897435897 0.03846153846153842 0.040598290598290565 0.03974358974358971 0.03931623931623929 0.03846153846153842 0.042735042735042715 0.03846153846153842 0.04017094017094012 0.04358974358974356 0.03846153846153842
0.037669376693766965 0.043902439024390276 0.03089430894308945 0.03685636856368566 0.04308943089430897 0.03712737127371276 0.04200542005420057 0.037940379403794064 0.04254742547425477 0.03658536585365856 0.034688346883468855 0.03766937669376696 0.039295392953929566 0.03631436314363146 0.03523035230352305 0.0983739837398374 0.03848238482384827 0.039295392953929566 0.039295392953929566 0.031436314363143654 0.039566395663956665 0.030081300813008152 0.03550135501355016 0.03712737127371277 0.03902439024390247
0.041666666666666664 0.03888888888888889 0.034375 0.04236111111111111 0.04097222222222222 0.04479166666666667 0.043402777777777776 0.040625 0.03854166666666667 0.034722222222222224 0.03784722222222222 0.03888888888888889 0.03993055555555555 0.03819444444444445 0.03993055555555555 0.04027777777777778 0.03784722222222222 0.044444444444444446 0.040625 0.04097222222222222 0.04131944444444444 0.04236111111111111 0.040625 0.03854166666666667 0.03784722222222222
0.0389978213507625 0.04771241830065354 0.0250544662309368 0.040740740740740716 0.04291938997821348 0.03572984749455334 0.04291938997821347 0.04291938997821347 0.04117647058823527 0.040740740740740695 0.037037037037037014 0.04291938997821346 0.038779956427015205 0.04117647058823526 0.03834422657952066 0.04575163398692807 0.04618736383442261 0.04030501089324613 0.04771241830065354 0.032897603485838735 0.03834422657952066 0.028104575163398676 0.04117647058823526 0.04466230936819167 0.037690631808278835
0.0397306397306397 0.044107744107744075 0.036026936026936 0.04040404040404037 0.04040404040404037 0.03939393939393936 0.03703703703703701 0.03804713804713802 0.03939393939393936 0.044107744107744075 0.043097643097643065 0.04377104377104374 0.0397306397306397 0.04208754208754206 0.04074074074074071 0.03703703703703701 0.040067340067340036 0.04208754208754206 0.04208754208754206 0.03703703703703701 0.03636363636363634 0.03670033670033668 0.04141414141414138 0.0387205387205387 0.04040404040404038
0.041077441077441046 0.04141414141414138 0.036026936026936 0.0424242424242424 0.04107744107744105 0.04074074074074071 0.03670033670033667 0.037373737373737344 0.04074074074074071 0.039057239057239033 0.041077441077441046 0.04444444444444441 0.042087542087542056 0.044107744107744075 0.037373737373737344 0.050841750841750806 0.036026936026936 0.039057239057239033 0.042760942760942736 0.035353535353535324 0.039057239057239033 0.037373737373737344 0.039057239057239033 0.03804713804713802 0.03670033670033667
0.039682539682539604 0.03841269841269835 0.034603174603174545 0.03777777777777773 0.04095238095238089 0.04031746031746025 0.03999999999999993 0.042222222222222154 0.04158730158730151 0.042857142857142795 0.0412698412698412 0.045396825396825324 0.03873015873015867 0.044126984126984056 0.034285714285714225 0.040952380952380886 0.03714285714285708 0.035555555555555486 0.043174603174603116 0.03333333333333327 0.036825396825396754 0.04507936507936501 0.040317460317460245 0.04730158730158724 0.038095238095238036
0.07065527065527061 0.04273504273504267 0.031623931623931574 0.0626780626780626 0.037891737891737845 0.03447293447293443 0.03988603988603985 0.037321937321937275 0.041880341880341836 0.03703703703703697 0.033903133903133854 0.033618233618233566 0.04188034188034184 0.03418803418803414 0.03703703703703698 0.04074074074074069 0.045014245014244954 0.035327635327635276 0.03846153846153841 0.03475783475783469 0.0464387464387464 0.030484330484330434 0.036752136752136705 0.04159544159544155 0.03361823361823356
0.03906810035842291 0.04086021505376341 0.07347670250896052 0.037992831541218616 0.03978494623655911 0.03512544802867381 0.037992831541218616 0.04050179211469531 0.03906810035842291 0.03870967741935481 0.03942652329749101 0.03799283154121861 0.04193548387096771 0.03906810035842291 0.03906810035842291 0.03548387096774191 0.040860215053763416 0.04014336917562721 0.03942652329749101 0.03763440860215051 0.037275985663082406 0.03620071684587811 0.03763440860215051 0.03691756272401431 0.03835125448028671
0.040277777777777794 0.0462962962962963 0.031712962962962984 0.042824074074074084 0.040972222222222236 0.05046296296296299 0.04675925925925926 0.04050925925925929 0.0474537037037037 0.045601851851851866 0.03611111111111111 0.037037037037037056 0.039583333333333345 0.035879629629629636 0.040740740740740765 0.038657407407407425 0.03680555555555559 0.04652777777777778 0.035648148148148165 0.03078703703703703 0.0351851851851852 0.031018518518518518 0.04097222222222223 0.041435185185185186 0.04074074074074074
0.04093567251461986 0.03625730994152044 0.03099415204678361 0.041812865497076 0.039766081871345005 0.035087719298245605 0.04093567251461986 0.042105263157894694 0.0371345029239766 0.03801169590643274 0.04678362573099411 0.03391812865497074 0.041228070175438586 0.037426900584795295 0.05087719298245615 0.032163742690058464 0.03771929824561402 0.049415204678362544 0.03888888888888887 0.05467836257309937 0.04473684210526311 0.031578947368421026 0.04181286549707603 0.03771929824561403 0.038011695906432726
0.03968253968253966 0.04087301587301584 0.03888888888888887 0.04047619047619044 0.04206349206349205 0.041269841269841234 0.03730158730158727 0.04047619047619044 0.043253968253968225 0.039285714285714264 0.03849206349206348 0.03968253968253965 0.04007936507936506 0.043650793650793655 0.03769841269841267 0.038492063492063466 0.03968253968253965 0.03968253968253966 0.039682539682539646 0.039285714285714264 0.04246031746031744 0.03809523809523807 0.03888888888888886 0.04047619047619045 0.04007936507936506
0.03716475095785436 0.04099616858237544 0.036781609195402264 0.04061302681992332 0.04291187739463597 0.039080459770114886 0.0398467432950191 0.039080459770114914 0.040613026819923334 0.041379310344827544 0.03946360153256702 0.039463601532567005 0.04176245210727966 0.04444444444444443 0.03984674329501911 0.03908045977011489 0.03984674329501912 0.03908045977011491 0.04291187739463597 0.03601532567049804 0.03946360153256701 0.038697318007662775 0.04061302681992333 0.04061302681992333 0.04022988505747123
0.038888888888888876 0.038148148148148125 0.03703703703703703 0.04111111111111111 0.042592592592592585 0.039999999999999994 0.041851851851851835 0.0462962962962963 0.03925925925925924 0.041481481481481466 0.03851851851851853 0.04444444444444445 0.04074074074074074 0.03925925925925928 0.038518518518518494 0.038888888888888896 0.03962962962962963 0.04148148148148148 0.0407407407407407 0.03703703703703702 0.0362962962962963 0.03592592592592591 0.04259259259259258 0.03851851851851852 0.04074074074074074
0.03532763532763527 0.039316239316239274 0.03190883190883186 0.03988603988603983 0.0421652421652421 0.03846153846153841 0.03931623931623927 0.03817663817663812 0.04586894586894583 0.043589743589743546 0.043304843304843264 0.04472934472934467 0.03988603988603984 0.042735042735042694 0.0367521367521367 0.042165242165242124 0.03931623931623926 0.03447293447293443 0.03988603988603983 0.040740740740740695 0.039886039886039844 0.036182336182336135 0.04615384615384611 0.037321937321937275 0.042450142450142406
0.04074074074074071 0.04579124579124576 0.03501683501683499 0.04478114478114475 0.04040404040404038 0.042087542087542056 0.04107744107744105 0.04074074074074071 0.03804713804713802 0.04040404040404038 0.03838383838383835 0.040740740740740716 0.03804713804713802 0.04242424242424239 0.040067340067340036 0.041077441077441046 0.04309764309764307 0.03939393939393936 0.04242424242424239 0.03771043771043768 0.03872053872053869 0.03333333333333331 0.03670033670033667 0.03804713804713802 0.040740740740740716
0.03888888888888885 0.041666666666666664 0.037698412698412676 0.040079365079365055 0.038095238095238064 0.039285714285714264 0.03928571428571426 0.04087301587301585 0.041666666666666644 0.03769841269841266 0.03809523809523806 0.044047619047619044 0.03730158730158728 0.04126984126984124 0.03809523809523807 0.03769841269841268 0.038492063492063466 0.038888888888888855 0.041666666666666664 0.03769841269841269 0.03809523809523807 0.05158730158730157 0.038492063492063466 0.04285714285714282 0.040476190476190464
0.03928571428571426 0.038888888888888876 0.03730158730158728 0.041269841269841234 0.039682539682539666 0.03928571428571425 0.041269841269841234 0.042460317460317434 0.04007936507936505 0.04206349206349203 0.04206349206349206 0.04047619047619044 0.04206349206349204 0.04206349206349203 0.03968253968253966 0.03730158730158728 0.03968253968253966 0.03928571428571426 0.03928571428571426 0.03809523809523808 0.04166666666666665 0.03888888888888886 0.04007936507936506 0.040079365079365055 0.03769841269841267
0.04027777777777778 0.043055555555555555 0.03819444444444445 0.04027777777777778 0.03993055555555555 0.04097222222222222 0.04201388888888889 0.04131944444444444 0.040625 0.043055555555555555 0.04027777777777778 0.03958333333333333 0.04027777777777778 0.040625 0.03888888888888889 0.03784722222222222 0.03888888888888889 0.041666666666666664 0.03923611111111111 0.0375 0.04097222222222222 0.03576388888888889 0.04131944444444444 0.03715277777777778 0.04027777777777778
0.0375 0.04027777777777778 0.03819444444444445 0.04201388888888889 0.044097222222222225 0.03819444444444445 0.03888888888888889 0.03784722222222222 0.04548611111111111 0.04097222222222222 0.03715277777777778 0.03784722222222222 0.03854166666666667 0.042708333333333334 0.04027777777777778 0.03784722222222222 0.03784722222222222 0.03993055555555555 0.04236111111111111 0.03784722222222222 0.04826388888888889 0.03680555555555556 0.03958333333333333 0.041666666666666664 0.03784722222222222
0.04320987654320982 0.04043209876543203 0.03271604938271599 0.03734567901234562 0.03950617283950611 0.0401234567901234 0.043518518518518456 0.03888888888888883 0.041358024691357964 0.0364197530864197 0.041666666666666616 0.03796296296296291 0.0416666666666666 0.045061728395061666 0.035493827160493756 0.03734567901234562 0.04043209876543204 0.03827160493827154 0.04197530864197526 0.03302469135802463 0.04259259259259254 0.04074074074074068 0.03858024691358018 0.050925925925925875 0.04074074074074067
0.04109014675052417 0.045702306079664606 0.028511530398322885 0.04402515723270447 0.0484276729559749 0.04150943396226423 0.039832285115304025 0.041090146750524165 0.05031446540880509 0.041509433962264204 0.03710691823899375 0.037735849056603814 0.0345911949685535 0.0433962264150944 0.03899371069182395 0.03312368972746335 0.03626834381551368 0.03647798742138368 0.04360587002096442 0.03039832285115308 0.043605870020964436 0.03291404612159333 0.040461215932914116 0.04423480083857448 0.04507337526205459
0.0402777777777778 0.04212962962962964 0.029166666666666688 0.045370370370370366 0.03703703703703705 0.038194444444444454 0.04143518518518522 0.039583333333333345 0.038194444444444454 0.03703703703703705 0.03726851851851852 0.04791666666666668 0.035416666666666693 0.057175925925925894 0.03819444444444447 0.030324074074074094 0.039583333333333345 0.040509259259259266 0.04120370370370371 0.03564814814814816 0.03796296296296299 0.03564814814814818 0.039120370370370375 0.060416666666666625 0.035185185185185174
0.03793103448275857 0.04061302681992332 0.03716475095785436 0.04061302681992333 0.04291187739463597 0.04176245210727964 0.037931034482758585 0.03831417624521068 0.041379310344827544 0.042145593869731775 0.03869731800766278 0.038697318007662795 0.03946360153256701 0.04137931034482758 0.04022988505747122 0.04099616858237543 0.041762452107279656 0.04022988505747122 0.04099616858237543 0.037164750957854376 0.04367816091954019 0.03563218390804593 0.039463601532567005 0.04329501915708808 0.03754789272030646
0.04006734006734004 0.03872053872053869 0.032996632996632975 0.03973063973063971 0.040067340067340036 0.04107744107744105 0.04040404040404037 0.03804713804713802 0.04478114478114475 0.03838383838383835 0.0387205387205387 0.042087542087542056 0.0397306397306397 0.04107744107744105 0.0387205387205387 0.03838383838383835 0.040740740740740716 0.041750841750841726 0.04040404040404038 0.03670033670033667 0.040740740740740716 0.03771043771043768 0.0397306397306397 0.04343434343434341 0.04579124579124576
0.036363636363636334 0.0387205387205387 0.05218855218855215 0.0387205387205387 0.036026936026936 0.04478114478114475 0.04040404040404037 0.04208754208754206 0.03872053872053869 0.03905723905723903 0.03838383838383835 0.03973063973063971 0.0397306397306397 0.040067340067340036 0.039057239057239033 0.04208754208754206 0.039057239057239033 0.037037037037037014 0.040740740740740716 0.041077441077441046 0.0387205387205387 0.03468013468013466 0.0424242424242424 0.03939393939393937 0.040740740740740716
0.039566395663956665 0.04471544715447157 0.03360433604336046 0.04065040650406507 0.03902439024390247 0.04336043360433607 0.04661246612466128 0.04146341463414637 0.04010840108401086 0.044173441734417375 0.04688346883468838 0.033333333333333354 0.04065040650406507 0.03848238482384827 0.03902439024390247 0.031436314363143654 0.045799457994579976 0.039295392953929566 0.03848238482384826 0.044986449864498665 0.04010840108401086 0.02953929539295395 0.04281842818428187 0.03387533875338755 0.04200542005420057
0.04014336917562721 0.042652329749103914 0.03620071684587811 0.04086021505376341 0.03906810035842291 0.04336917562724011 0.04050179211469531 0.04014336917562721 0.03906810035842291 0.03978494623655911 0.04014336917562721 0.03978494623655911 0.03763440860215051 0.03942652329749101 0.04086021505376341 0.03476702508960571 0.04193548387096771 0.042293906810035815 0.04372759856630821 0.03476702508960571 0.03906810035842291 0.03548387096774191 0.04551971326164871 0.04408602150537631 0.03870967741935481
0.045299145299145256 0.041025641025640984 0.029700854700854675 0.03888888888888885 0.04358974358974353 0.0427350427350427 0.03931623931623929 0.043376068376068354 0.0459401709401709 0.04594017094017089 0.03782051282051278 0.042307692307692275 0.040811965811965764 0.05085470085470081 0.042094017094017055 0.03440170940170936 0.036538461538461506 0.03440170940170937 0.0393162393162393 0.029914529914529888 0.03824786324786321 0.027136752136752124 0.04465811965811962 0.04914529914529911 0.03653846153846152
0.03888888888888885 0.04007936507936506 0.03611111111111108 0.037698412698412676 0.038095238095238064 0.03928571428571426 0.03809523809523808 0.03888888888888887 0.037698412698412676 0.03968253968253965 0.041269841269841234 0.039682539682539666 0.038888888888888876 0.03809523809523807 0.038888888888888876 0.03809523809523808 0.040079365079365034 0.03928571428571426 0.037698412698412676 0.040476190476190464 0.03928571428571426 0.07023809523809518 0.03769841269841266 0.03730158730158728 0.03849206349206346
0.04252873563218385 0.04137931034482754 0.0432950191570881 0.03869731800766279 0.03869731800766279 0.037547892720306474 0.04176245210727965 0.04099616858237545 0.039846743295019124 0.04061302681992335 0.04022988505747122 0.04214559386973177 0.03908045977011489 0.04099616858237542 0.03984674329501911 0.034865900383141725 0.0379310344827586 0.039463601532567026 0.0383141762452107 0.03716475095785437 0.03946360153256699 0.04329501915708808 0.03831417624521068 0.04252873563218386 0.04099616858237545
0.03849206349206347 0.03690476190476187 0.03571428571428569 0.04206349206349204 0.037698412698412676 0.03690476190476188 0.036507936507936475 0.037698412698412676 0.03611111111111109 0.036111111111111094 0.05357142857142849 0.03611111111111109 0.037301587301587294 0.036904761904761885 0.05436507936507938 0.03571428571428569 0.04007936507936505 0.04484126984126977 0.03571428571428569 0.06428571428571422 0.04007936507936505 0.03571428571428569 0.03849206349206348 0.036111111111111094 0.03650793650793649
0.037373737373737344 0.03804713804713802 0.03131313131313129 0.03838383838383836 0.046127946127946094 0.04882154882154879 0.040740740740740716 0.04242424242424239 0.04646464646464643 0.04646464646464643 0.04040404040404037 0.04579124579124576 0.03771043771043768 0.0387205387205387 0.03771043771043768 0.03670033670033667 0.03838383838383836 0.0397306397306397 0.04141414141414138 0.036363636363636334 0.03973063973063971 0.0323232323232323 0.041750841750841726 0.038047138047138024 0.03905723905723903
0.04074074074074074 0.04037037037037038 0.03703703703703702 0.03925925925925927 0.03925925925925925 0.03814814814814814 0.038518518518518514 0.039629629629629626 0.03814814814814814 0.039629629629629605 0.04259259259259259 0.039259259259259265 0.038148148148148146 0.0422222222222222 0.04111111111111109 0.03703703703703702 0.03962962962962961 0.03962962962962963 0.0374074074074074 0.04444444444444441 0.04037037037037035 0.04407407407407407 0.04000000000000001 0.04148148148148146 0.041851851851851835
0.03888888888888889 0.03923611111111111 0.03298611111111111 0.03854166666666667 0.041666666666666664 0.044097222222222225 0.036458333333333336 0.03923611111111111 0.043055555555555555 0.04479166666666667 0.03715277777777778 0.040625 0.03993055555555555 0.043055555555555555 0.03611111111111111 0.0375 0.03923611111111111 0.035416666666666666 0.04131944444444444 0.03680555555555556 0.04027777777777778 0.044444444444444446 0.041666666666666664 0.04618055555555556 0.04131944444444444
0.039080459770114886 0.038314176245210683 0.03601532567049803 0.039846743295019096 0.042911877394635985 0.0398467432950191 0.03754789272030646 0.03984674329501911 0.04099616858237544 0.038314176245210704 0.04022988505747122 0.04367816091954019 0.04061302681992332 0.041379310344827544 0.04099616858237544 0.03716475095785436 0.040996168582375446 0.042145593869731754 0.04214559386973176 0.040613026819923334 0.03984674329501913 0.03716475095785436 0.03984674329501911 0.04137931034482754 0.039080459770114914
0.039259259259259265 0.03777777777777776 0.06481481481481476 0.038888888888888876 0.037777777777777764 0.03962962962962962 0.035185185185185174 0.03740740740740741 0.035925925925925924 0.0374074074074074 0.039629629629629605 0.038518518518518514 0.03629629629629629 0.040370370370370334 0.04074074074074074 0.03592592592592592 0.042962962962962925 0.03592592592592591 0.037037037037037035 0.04925925925925923 0.041481481481481466 0.03407407407407407 0.04370370370370372 0.037037037037037035 0.04296296296296297
0.03986928104575156 0.03921568627450973 0.04738562091503259 0.038235294117646985 0.03856209150326791 0.03888888888888882 0.03790849673202607 0.03986928104575157 0.039542483660130655 0.03888888888888881 0.049346405228758085 0.04019607843137248 0.03954248366013065 0.036601307189542416 0.04444444444444436 0.0362745098039215 0.04084967320261431 0.042810457516339794 0.04150326797385614 0.04215686274509797 0.04019607843137247 0.03235294117647052 0.03888888888888883 0.035620915032679674 0.04084967320261433
0.04099616858237545 0.04291187739463596 0.035632183908045935 0.040229885057471236 0.03831417624521067 0.03678160919540226 0.04176245210727965 0.03716475095785436 0.03984674329501914 0.0402298850574712 0.04482758620689654 0.03716475095785437 0.038697318007662795 0.04099616858237543 0.03908045977011491 0.035632183908045935 0.041762452107279635 0.04022988505747122 0.03908045977011489 0.055555555555555525 0.04022988505747122 0.03563218390804594 0.042528735632183866 0.03639846743295016 0.03831417624521069
0.038148148148148146 0.04629629629629631 0.054074074074074066 0.03925925925925924 0.04111111111111109 0.04074074074074072 0.04148148148148147 0.03666666666666665 0.03962962962962962 0.039259259259259244 0.04185185185185186 0.039629629629629605 0.03777777777777777 0.03814814814814813 0.03703703703703704 0.038888888888888896 0.038888888888888876 0.04 0.04185185185185184 0.038888888888888876 0.038518518518518494 0.03666666666666665 0.039999999999999994 0.037037037037037014 0.03814814814814817
0.04061302681992335 0.040996168582375425 0.037164750957854376 0.039463601532567005 0.04176245210727966 0.04137931034482753 0.04252873563218389 0.040996168582375425 0.04137931034482754 0.042911877394636 0.038697318007662775 0.037931034482758585 0.0390804597701149 0.03984674329501911 0.04022988505747122 0.03754789272030647 0.039846743295019124 0.04061302681992334 0.040229885057471215 0.03716475095785436 0.043295019157088104 0.0390804597701149 0.03831417624521068 0.03946360153256702 0.039463601532567005
0.03939393939393936 0.046127946127946094 0.034343434343434315 0.0397306397306397 0.04107744107744105 0.040067340067340036 0.041750841750841726 0.048148148148148114 0.0397306397306397 0.04444444444444441 0.037037037037037014 0.04208754208754206 0.03569023569023566 0.037373737373737344 0.03939393939393937 0.041750841750841726 0.040740740740740716 0.04309764309764307 0.03905723905723903 0.034343434343434315 0.04141414141414138 0.03164983164983163 0.04141414141414138 0.039057239057239033 0.04107744107744105
0.04032921810699592 0.03827160493827165 0.03827160493827165 0.03950617283950622 0.039917695473251066 0.04032921810699592 0.04115226337448564 0.0444444444444445 0.03909465020576137 0.04074074074074078 0.03909465020576136 0.04032921810699592 0.041152263374485645 0.039094650205761354 0.04032921810699593 0.03868312757201651 0.03950617283950621 0.03991769547325108 0.04115226337448565 0.039917695473251066 0.03868312757201649 0.03868312757201651 0.039917695473251066 0.039506172839506214 0.04197530864197535
0.04047619047619045 0.043253968253968246 0.03571428571428569 0.03690476190476188 0.04047619047619046 0.037698412698412676 0.037698412698412676 0.04166666666666665 0.042460317460317434 0.04484126984126981 0.037301587301587294 0.042063492063492025 0.04087301587301584 0.044047619047619044 0.038492063492063466 0.042460317460317434 0.040079365079365055 0.037698412698412676 0.03849206349206345 0.03888888888888886 0.03968253968253964 0.037698412698412676 0.039285714285714264 0.04087301587301584 0.040873015873015846
0.038314176245210683 0.035632183908045935 0.03639846743295016 0.042145593869731775 0.03754789272030646 0.03716475095785436 0.03793103448275858 0.038314176245210683 0.03639846743295015 0.03524904214559382 0.05249042145593863 0.036398467432950145 0.03716475095785437 0.0402298850574712 0.05172413793103447 0.03678160919540225 0.038314176245210683 0.04329501915708807 0.035632183908045935 0.05862068965517237 0.04176245210727966 0.036015325670498054 0.04176245210727965 0.035632183908045935 0.03908045977011488
0.037777777777777764 0.04259259259259257 0.03444444444444444 0.043333333333333335 0.04148148148148147 0.04296296296296296 0.04703703703703701 0.04444444444444443 0.037407407407407396 0.03703703703703702 0.04296296296296298 0.03925925925925924 0.04074074074074075 0.03777777777777777 0.03814814814814814 0.03814814814814815 0.04148148148148145 0.038148148148148146 0.04111111111111109 0.037407407407407396 0.039259259259259244 0.035185185185185174 0.043333333333333335 0.03814814814814814 0.04037037037037037
0.041944444444444395 0.03861111111111106 0.039444444444444386 0.03499999999999995 0.043611111111111066 0.041111111111111064 0.041388888888888836 0.0430555555555555 0.04166666666666663 0.04249999999999995 0.03777777777777773 0.03833333333333329 0.038333333333333296 0.0444444444444444 0.034999999999999955 0.04055555555555552 0.03666666666666663 0.04055555555555551 0.04027777777777773 0.03916666666666664 0.03777777777777773 0.03694444444444442 0.03999999999999996 0.038055555555555516 0.047777777777777766
0.03908045977011491 0.04137931034482756 0.03716475095785436 0.03716475095785437 0.04061302681992331 0.040613026819923334 0.04176245210727965 0.04176245210727967 0.04214559386973176 0.039080459770114914 0.03908045977011489 0.04252873563218387 0.04061302681992333 0.041379310344827544 0.03754789272030648 0.042911877394635985 0.041379310344827544 0.04061302681992332 0.040229885057471236 0.03678160919540226 0.039846743295019124 0.03716475095785436 0.038697318007662795 0.040229885057471215 0.04022988505747122
0.03928571428571427 0.040079365079365055 0.038888888888888855 0.03928571428571426 0.040476190476190436 0.041666666666666644 0.04047619047619046 0.03849206349206346 0.03928571428571427 0.04007936507936506 0.04007936507936506 0.03928571428571427 0.04206349206349205 0.041269841269841234 0.04047619047619046 0.03928571428571426 0.040873015873015846 0.04246031746031744 0.04007936507936505 0.03888888888888887 0.04166666666666663 0.03809523809523808 0.04087301587301585 0.03928571428571427 0.03730158730158728
0.041111111111111105 0.04074074074074074 0.038518518518518514 0.04407407407407407 0.037407407407407396 0.037777777777777764 0.040740740740740744 0.04 0.04074074074074073 0.041111111111111105 0.04296296296296296 0.03925925925925925 0.041111111111111105 0.04333333333333333 0.04111111111111111 0.03888888888888887 0.04148148148148146 0.03814814814814814 0.03777777777777778 0.038148148148148146 0.040740740740740744 0.03814814814814814 0.04148148148148148 0.038148148148148125 0.03703703703703702
0.035925925925925924 0.03814814814814814 0.033703703703703694 0.04407407407407406 0.035925925925925924 0.03518518518518518 0.035555555555555535 0.04111111111111111 0.03666666666666667 0.041481481481481446 0.04518518518518514 0.03592592592592591 0.037777777777777764 0.043333333333333335 0.051481481481481496 0.039629629629629605 0.040370370370370355 0.04185185185185181 0.03777777777777775 0.05740740740740738 0.04 0.03518518518518518 0.03925925925925925 0.03851851851851851 0.03851851851851852
0.03923611111111111 0.04131944444444444 0.034027777777777775 0.03923611111111111 0.04131944444444444 0.04097222222222222 0.041666666666666664 0.03715277777777778 0.044097222222222225 0.04375 0.03819444444444445 0.03958333333333333 0.043055555555555555 0.04236111111111111 0.03715277777777778 0.04236111111111111 0.0375 0.0375 0.03993055555555555 0.0375 0.044444444444444446 0.035416666666666666 0.040625 0.04131944444444444 0.04027777777777778
0.04175084175084172 0.04040404040404038 0.032996632996632975 0.04006734006734004 0.041750841750841726 0.04545454545454542 0.04444444444444441 0.03737373737373735 0.04309764309764307 0.040740740740740716 0.04040404040404037 0.0397306397306397 0.041077441077441046 0.03703703703703701 0.04040404040404038 0.037373737373737344 0.03973063973063971 0.04074074074074071 0.04545454545454542 0.03872053872053869 0.04006734006734004 0.036026936026936 0.03905723905723903 0.03737373737373735 0.0387205387205387
0.037254901960784244 0.04019607843137249 0.036274509803921495 0.039215686274509734 0.04248366013071888 0.04052287581699339 0.04183006535947706 0.04183006535947705 0.03888888888888883 0.03725490196078424 0.04313725490196072 0.03921568627450974 0.04183006535947705 0.04117647058823523 0.045098039215686204 0.038235294117647 0.04313725490196071 0.04084967320261431 0.03888888888888882 0.0385620915032679 0.04019607843137247 0.03398692810457509 0.03790849673202607 0.03790849673202607 0.044117647058823456
0.03594771241830059 0.039869281045751576 0.03300653594771235 0.03725490196078424 0.03692810457516333 0.03692810457516334 0.03562091503267967 0.03496732026143783 0.03758169934640516 0.036601307189542416 0.0362745098039215 0.034640522875816926 0.03529411764705875 0.03529411764705875 0.035294117647058754 0.14117647058823507 0.035620915032679674 0.03692810457516333 0.035620915032679674 0.03496732026143785 0.0339869281045751 0.03366013071895418 0.035620915032679674 0.03496732026143784 0.03594771241830058
0.03650793650793645 0.03841269841269835 0.030476190476190417 0.03650793650793645 0.03587301587301582 0.03650793650793644 0.033650793650793584 0.04349206349206344 0.038730158730158656 0.0393650793650793 0.03714285714285708 0.03841269841269834 0.04063492063492058 0.03777777777777772 0.03999999999999994 0.10317460317460306 0.03999999999999993 0.03809523809523803 0.037777777777777716 0.03555555555555549 0.03746031746031738 0.03174603174603168 0.03650793650793644 0.03936507936507929 0.03682539682539677
