0.1476190476190479 0.08055555555555549 0.0908730158730158 0.04563492063492063 0.14126984126984132 0.06428571428571427 0.04603174603174603 0.051984126984126945 0.23888888888888885 0.09285714285714285
0.10065359477124167 0.07647058823529398 0.11633986928104556 0.07320261437908483 0.195424836601307 0.0816993464052286 0.10457516339869266 0.09542483660130704 0.08104575163398679 0.07516339869281033
0.08518518518518516 0.08074074074074074 0.08148148148148146 0.07259259259259256 0.27407407407407386 0.07777777777777778 0.07407407407407403 0.07555555555555554 0.0822222222222222 0.09629629629629631
0.18253968253968256 0.0687830687830687 0.1031746031746031 0.065079365079365 0.12116402116402102 0.16031746031746014 0.07724867724867718 0.08941798941798935 0.06772486772486765 0.06455026455026446
0.12727272727272734 0.09747474747474752 0.1161616161616162 0.06818181818181826 0.052020202020202036 0.0974747474747475 0.0651515151515152 0.0843434343434344 0.20757575757575758 0.08434343434343441
0.10555555555555554 0.09629629629629625 0.08981481481481468 0.09351851851851846 0.08703703703703694 0.09259259259259252 0.09629629629629627 0.13611111111111118 0.086111111111111 0.11666666666666675
0.09883040935672503 0.09883040935672513 0.17426900584795313 0.05964912280701755 0.14502923976608167 0.06257309941520466 0.058479532163742694 0.05906432748538012 0.17076023391812858 0.07251461988304092
0.15324074074074076 0.07916666666666668 0.07685185185185188 0.08009259259259262 0.05787037037037036 0.08703703703703704 0.062962962962963 0.06944444444444448 0.23888888888888882 0.09444444444444443
0.1111111111111111 0.08958333333333333 0.19583333333333333 0.09236111111111112 0.07152777777777777 0.11180555555555556 0.07777777777777778 0.08125 0.08055555555555556 0.08819444444444445
0.12995169082125604 0.10193236714975852 0.16183574879227064 0.07294685990338169 0.08550724637681173 0.09710144927536235 0.08888888888888895 0.07536231884057978 0.08357487922705326 0.10289855072463767
0.11507936507936495 0.09047619047619047 0.08174603174603169 0.07857142857142851 0.07857142857142853 0.08809523809523806 0.07936507936507933 0.08809523809523805 0.18968253968253962 0.11031746031746024
0.11825396825396822 0.08571428571428566 0.08730158730158724 0.07619047619047614 0.1928571428571427 0.0793650793650793 0.09841269841269835 0.08174603174603168 0.07460317460317455 0.10555555555555547
0.12380952380952366 0.1031746031746031 0.08968253968253961 0.08492063492063487 0.08095238095238091 0.09761904761904759 0.08968253968253961 0.0928571428571428 0.12380952380952374 0.11349206349206346
0.1762962962962963 0.09185185185185182 0.0911111111111111 0.08148148148148146 0.09333333333333328 0.08814814814814813 0.08222222222222218 0.07629629629629625 0.07777777777777774 0.14148148148148137
0.06473429951690832 0.13961352657004827 0.13236714975845415 0.056521739130434887 0.04927536231884066 0.07004830917874405 0.06618357487922714 0.05603864734299525 0.3111111111111113 0.05410628019323681
0.1304347826086956 0.07729468599033831 0.263768115942029 0.07053140096618365 0.056521739130434866 0.09275362318840584 0.10241545893719813 0.06280193236714983 0.06038647342995179 0.08309178743961364
0.1240740740740741 0.0888888888888888 0.09166666666666656 0.08796296296296285 0.08425925925925916 0.08796296296296285 0.086111111111111 0.09444444444444444 0.1472222222222222 0.10740740740740733
0.09600000000000003 0.06977777777777781 0.1008888888888889 0.06577777777777781 0.2368888888888887 0.06800000000000005 0.07866666666666673 0.06888888888888893 0.06177777777777781 0.1533333333333333
0.0666666666666666 0.05238095238095231 0.06560846560846552 0.07989417989417982 0.04973544973544967 0.07513227513227505 0.06931216931216924 0.2925925925925921 0.07407407407407397 0.17460317460317437
0.10256410256410244 0.09572649572649566 0.11196581196581186 0.09230769230769223 0.09487179487179478 0.09829059829059826 0.09572649572649564 0.09743589743589734 0.10256410256410248 0.10854700854700848
0.07692307692307684 0.07863247863247856 0.07692307692307684 0.22393162393162352 0.07692307692307684 0.07692307692307684 0.15641025641025624 0.07863247863247855 0.07692307692307684 0.07777777777777771
0.07703703703703699 0.08444444444444446 0.1696296296296294 0.06740740740740739 0.06740740740740739 0.06666666666666665 0.06888888888888887 0.09703703703703706 0.23259259259259243 0.06888888888888887
0.08968253968253961 0.2563492063492064 0.07698412698412695 0.08571428571428569 0.07301587301587296 0.0801587301587301 0.1015873015873016 0.0817460317460317 0.08015873015873011 0.07460317460317453
0.10396825396825389 0.07857142857142851 0.08253968253968247 0.08650793650793642 0.2261904761904762 0.09285714285714286 0.08492063492063483 0.07698412698412693 0.08412698412698408 0.08333333333333327
0.12222222222222208 0.06783625730994149 0.0690058479532163 0.05847953216374267 0.060233918128654994 0.298830409356725 0.10058479532163739 0.06900584795321636 0.08947368421052632 0.0643274853801169
0.06908212560386483 0.24879227053140096 0.062318840579710225 0.05024154589371989 0.046859903381642594 0.0710144927536233 0.04830917874396143 0.26714975845410627 0.07632850241545903 0.05990338164251217
0.05314009661835758 0.08019323671497595 0.0681159420289856 0.1294685990338164 0.046376811594202975 0.049758454106280284 0.05314009661835756 0.4067632850241546 0.04927536231884067 0.06376811594202907
0.08535353535353547 0.29797979797979784 0.07626262626262635 0.05555555555555557 0.05353535353535357 0.08838383838383845 0.12121212121212126 0.06060606060606065 0.10000000000000003 0.06111111111111118
0.08333333333333323 0.08333333333333323 0.08333333333333323 0.08333333333333323 0.24907407407407406 0.08333333333333323 0.08333333333333323 0.08333333333333323 0.08333333333333323 0.08425925925925913
0.11180555555555556 0.08958333333333333 0.13125 0.13125 0.08055555555555556 0.08958333333333333 0.08958333333333333 0.10347222222222222 0.08263888888888889 0.09027777777777778
0.06719576719576714 0.033068783068783025 0.09338624338624335 0.06375661375661369 0.21428571428571425 0.14074074074074058 0.07195767195767187 0.2227513227513227 0.04761904761904759 0.045238095238095216
0.08015873015873011 0.09920634920634913 0.0865079365079365 0.07460317460317453 0.07539682539682538 0.0801587301587301 0.07460317460317453 0.07460317460317453 0.07460317460317456 0.2801587301587301
0.0762452107279693 0.09195402298850576 0.06551724137931027 0.045977011494252845 0.040996168582375446 0.14674329501915717 0.061685823754789246 0.338697318007663 0.075095785440613 0.05708812260536395
0.10740740740740742 0.19999999999999987 0.08666666666666661 0.08148148148148147 0.07111111111111107 0.07851851851851853 0.07777777777777775 0.0785185185185185 0.1148148148148147 0.10370370370370365
0.07999999999999997 0.1444444444444444 0.1562962962962962 0.07185185185185183 0.07111111111111111 0.0785185185185185 0.07555555555555557 0.07111111111111111 0.09999999999999994 0.15111111111111097
0.16875 0.0875 0.11736111111111111 0.06666666666666667 0.06597222222222222 0.11736111111111111 0.06875 0.0763888888888889 0.13194444444444445 0.09930555555555555
0.09682539682539676 0.07671957671957667 0.10423280423280412 0.08571428571428565 0.07513227513227505 0.20899470899470876 0.12539682539682526 0.06984126984126976 0.06560846560846552 0.09153439153439147
0.1590643274853799 0.09415204678362571 0.0701754385964912 0.06491228070175438 0.06081871345029237 0.17836257309941525 0.06549707602339179 0.0678362573099415 0.09824561403508766 0.14093567251461978
0.08680555555555555 0.22152777777777777 0.06875 0.18125 0.0625 0.06597222222222222 0.07013888888888889 0.06527777777777778 0.09375 0.08402777777777778
0.196969696969697 0.07929292929292937 0.06666666666666674 0.06313131313131322 0.055555555555555594 0.18838383838383838 0.0656565656565657 0.07525252525252533 0.13383838383838387 0.07525252525252532
0.11185185185185183 0.08074074074074071 0.08518518518518518 0.06814814814814814 0.07037037037037033 0.07185185185185182 0.07259259259259257 0.10222222222222217 0.07481481481481479 0.26222222222222197
0.0814814814814814 0.05978835978835973 0.05238095238095229 0.05502645502645496 0.19259259259259243 0.11428571428571416 0.05555555555555547 0.05291005291005284 0.06666666666666658 0.26931216931216906
0.07566137566137561 0.05873015873015864 0.06296296296296287 0.06349206349206342 0.2772486772486769 0.06613756613756605 0.21005291005290982 0.06984126984126976 0.053439153439153335 0.06243386243386236
0.10808080808080817 0.09090909090909087 0.09090909090909087 0.09090909090909087 0.09090909090909087 0.12626262626262627 0.09090909090909087 0.09393939393939392 0.12626262626262633 0.09090909090909087
0.18104575163398678 0.08235294117647042 0.14640522875816972 0.06928104575163387 0.06732026143790835 0.08692810457516321 0.07581699346405214 0.09019607843137237 0.07385620915032666 0.12679738562091486
0.09358974358974348 0.20384615384615376 0.05384615384615378 0.046153846153846115 0.04444444444444441 0.3440170940170939 0.05085470085470082 0.051282051282051246 0.0632478632478632 0.04871794871794866
0.13986928104575153 0.08627450980392139 0.0947712418300652 0.11045751633986911 0.06535947712418287 0.0921568627450979 0.08431372549019593 0.08823529411764693 0.06862745098039204 0.16993464052287566
0.11388888888888894 0.20679012345679007 0.1601851851851852 0.08950617283950607 0.041975308641975254 0.095679012345679 0.05308641975308636 0.0814814814814814 0.06481481481481474 0.09259259259259256
0.0956790123456789 0.21111111111111114 0.09567901234567887 0.07962962962962951 0.07160493827160483 0.07901234567901223 0.09259259259259248 0.08827160493827149 0.10555555555555542 0.08086419753086407
0.08271604938271596 0.2993827160493827 0.06604938271604925 0.06543209876543196 0.058641975308641854 0.07839506172839492 0.10123456790123443 0.07839506172839493 0.09629629629629617 0.07345679012345667
0.09415204678362568 0.07192982456140347 0.07602339181286544 0.07719298245614034 0.06666666666666664 0.1543859649122806 0.09122807017543852 0.06900584795321632 0.23157894736842097 0.0678362573099415
0.06611111111111104 0.09333333333333324 0.35333333333333344 0.06055555555555548 0.05666666666666658 0.0677777777777777 0.06555555555555546 0.08055555555555546 0.06277777777777768 0.09333333333333328
0.1175925925925926 0.10000000000000006 0.09629629629629627 0.09351851851851839 0.0888888888888888 0.1111111111111111 0.09907407407407401 0.09629629629629627 0.10370370370370365 0.09351851851851849
0.21666666666666667 0.061574074074074114 0.07037037037037042 0.05555555555555557 0.05462962962962961 0.25370370370370376 0.0958333333333333 0.06759259259259262 0.0666666666666667 0.057407407407407414
0.09861111111111111 0.0875 0.07222222222222222 0.08472222222222223 0.0875 0.08125 0.2388888888888889 0.07916666666666666 0.09097222222222222 0.07916666666666666
0.09047619047619045 0.18333333333333326 0.08809523809523807 0.0841269841269841 0.0865079365079365 0.09603174603174594 0.08253968253968248 0.10238095238095235 0.09444444444444436 0.09206349206349201
0.07474747474747472 0.06329966329966326 0.06430976430976428 0.0794612794612794 0.04141414141414138 0.40033670033670027 0.06835016835016831 0.04781144781144778 0.09191919191919187 0.0683501683501683
0.11980676328502414 0.13574879227053144 0.22608695652173919 0.04927536231884066 0.04782608695652181 0.10144927536231887 0.06570048309178754 0.06328502415458946 0.09275362318840585 0.0980676328502416
0.06956521739130445 0.05072463768115952 0.04830917874396144 0.07246376811594213 0.3391304347826088 0.06038647342995179 0.052173913043478334 0.051207729468599125 0.047342995169082205 0.20869565217391298
0.09191919191919203 0.09696969696969707 0.05757575757575761 0.05757575757575762 0.05959595959595966 0.11161616161616175 0.25505050505050497 0.08737373737373746 0.06666666666666675 0.11565656565656572
0.06888888888888893 0.05333333333333337 0.060000000000000046 0.07377777777777783 0.27422222222222226 0.053777777777777806 0.05511111111111115 0.055555555555555594 0.048000000000000036 0.25733333333333336
0.09914529914529908 0.16068376068376058 0.09658119658119647 0.08632478632478624 0.08205128205128194 0.08290598290598282 0.08376068376068369 0.0888888888888888 0.13162393162393146 0.08803418803418797
0.12820512820512814 0.10085470085470077 0.10341880341880333 0.09658119658119649 0.08632478632478625 0.0914529914529914 0.09487179487179481 0.08974358974358972 0.08803418803418797 0.1205128205128204
0.08814814814814816 0.07703703703703699 0.08148148148148147 0.11333333333333329 0.20592592592592582 0.09037037037037036 0.09259259259259257 0.08444444444444445 0.0851851851851852 0.08148148148148145
0.11319444444444444 0.1284722222222222 0.1125 0.06597222222222222 0.06388888888888888 0.07222222222222222 0.08055555555555556 0.07569444444444444 0.18263888888888888 0.10486111111111111
0.07857142857142853 0.11666666666666661 0.0833333333333333 0.07698412698412695 0.2261904761904762 0.07936507936507933 0.08015873015873014 0.07857142857142849 0.09841269841269831 0.08174603174603173
0.10634920634920626 0.08968253968253964 0.09444444444444436 0.07777777777777775 0.07380952380952376 0.18730158730158722 0.08650793650793646 0.10158730158730152 0.1 0.08253968253968251
0.1179487179487179 0.08717948717948708 0.08974358974358966 0.08547008547008539 0.15128205128205113 0.08205128205128198 0.08034188034188028 0.09401709401709397 0.08461538461538454 0.1273504273504272
0.08888888888888886 0.13253968253968249 0.08412698412698409 0.07698412698412693 0.07460317460317453 0.0817460317460317 0.08650793650793648 0.1468253968253967 0.15396825396825384 0.07380952380952376
0.08592592592592596 0.15259259259259247 0.14148148148148143 0.07111111111111108 0.06814814814814814 0.07703703703703703 0.07333333333333332 0.07333333333333332 0.1799999999999998 0.07703703703703701
0.1212962962962963 0.1074074074074074 0.07777777777777777 0.08657407407407415 0.06203703703703702 0.17037037037037037 0.08657407407407411 0.10694444444444441 0.08425925925925926 0.09675925925925924
0.12063492063492058 0.05396825396825394 0.053174603174603145 0.21865079365079362 0.04404761904761901 0.1960317460317461 0.1011904761904761 0.05357142857142854 0.05634920634920633 0.10238095238095231
0.12105263157894723 0.07309941520467834 0.08421052631578949 0.05847953216374265 0.08947368421052633 0.1824561403508771 0.115204678362573 0.06842105263157891 0.0865497076023392 0.12105263157894727
0.15802469135802452 0.12345679012345669 0.08209876543209862 0.07407407407407395 0.06543209876543198 0.15555555555555545 0.08703703703703691 0.07283950617283938 0.09197530864197517 0.08950617283950603
0.08461538461538454 0.15128205128205113 0.13760683760683748 0.082051282051282 0.0794871794871794 0.08290598290598282 0.08119658119658113 0.11282051282051271 0.09999999999999987 0.08803418803418796
0.13981481481481486 0.0888888888888888 0.12962962962962962 0.08518518518518507 0.08333333333333323 0.09074074074074068 0.08333333333333323 0.12407407407407407 0.086111111111111 0.08888888888888881
0.09999999999999994 0.08306878306878299 0.06825396825396816 0.07037037037037029 0.06507936507936497 0.2687830687830685 0.09470899470899463 0.08783068783068775 0.08253968253968247 0.07936507936507928
0.05135802469135799 0.03654320987654317 0.03753086419753082 0.03654320987654318 0.04419753086419751 0.6160493827160495 0.05382716049382711 0.0353086419753086 0.035555555555555514 0.05308641975308639
0.10512820512820503 0.09829059829059823 0.09316239316239311 0.0914529914529914 0.08803418803418799 0.11623931623931612 0.10512820512820507 0.10170940170940164 0.10940170940170935 0.09145299145299138
0.1124183006535946 0.09281045751633973 0.09542483660130704 0.10522875816993449 0.0705882352941175 0.15294117647058808 0.0967320261437907 0.09738562091503251 0.0882352941176469 0.08823529411764691
0.10718954248365997 0.09084967320261425 0.09150326797385606 0.08039215686274497 0.07843137254901945 0.13986928104575144 0.07843137254901945 0.08104575163398679 0.17254901960784302 0.07973856209150312
0.09735449735449725 0.08412698412698404 0.16137566137566114 0.0925925925925925 0.05767195767195762 0.138095238095238 0.08042328042328035 0.09629629629629625 0.06825396825396814 0.12380952380952374
0.14152046783625738 0.14181286549707597 0.0751461988304093 0.04298245614035087 0.04327485380116957 0.21929824561403505 0.05964912280701748 0.1289473684210526 0.07426900584795318 0.07309941520467832
0.07407407407407403 0.06329966329966326 0.4265993265993266 0.043771043771043745 0.08383838383838378 0.061279461279461246 0.06397306397306393 0.07037037037037033 0.04410774410774408 0.06868686868686864
0.07857142857142851 0.07539682539682532 0.12222222222222212 0.09126984126984124 0.1674603174603173 0.0793650793650793 0.08253968253968251 0.12539682539682534 0.08650793650793648 0.09126984126984124
0.11031746031746022 0.08888888888888884 0.08571428571428566 0.08888888888888882 0.08650793650793645 0.11349206349206345 0.08095238095238093 0.0809523809523809 0.18095238095238078 0.08333333333333327
0.10185185185185171 0.08765432098765416 0.17037037037037023 0.09135802469135791 0.06790123456790112 0.11975308641975296 0.08271604938271591 0.08148148148148136 0.10370370370370358 0.09320987654320974
0.12160493827160476 0.0956790123456789 0.06604938271604928 0.0759259259259258 0.06913580246913571 0.27345679012345675 0.07098765432098755 0.07901234567901226 0.08148148148148134 0.06666666666666655
0.07962962962962952 0.09753086419753075 0.07160493827160483 0.2765432098765433 0.06296296296296283 0.06851851851851841 0.1123456790123455 0.08580246913580233 0.06728395061728384 0.07777777777777765
0.09401709401709396 0.07008547008547003 0.05598290598290593 0.1175213675213674 0.08418803418803411 0.08803418803418796 0.05042735042735037 0.05769230769230767 0.12777777777777766 0.2542735042735043
0.12916666666666668 0.1361111111111111 0.17222222222222222 0.06527777777777778 0.06319444444444444 0.06666666666666667 0.06597222222222222 0.0763888888888889 0.1388888888888889 0.08611111111111111
0.2327327327327328 0.13333333333333328 0.2039039039039038 0.04984984984984987 0.034234234234234245 0.08948948948948954 0.07957957957957965 0.04384384384384388 0.05405405405405409 0.07897897897897899
0.10462962962962966 0.09444444444444439 0.08703703703703691 0.1425925925925926 0.0925925925925925 0.09629629629629627 0.09166666666666656 0.09074074074074065 0.08981481481481471 0.11018518518518512
0.07973856209150314 0.060784313725490056 0.06732026143790835 0.20326797385620887 0.0836601307189541 0.06470588235294104 0.06470588235294103 0.0614379084967319 0.06078431372549007 0.2535947712418297
0.08024691358024692 0.08641975308641979 0.061316872427983594 0.1679012345679012 0.06707818930041154 0.061728395061728454 0.3218106995884775 0.04855967078189306 0.04979423868312763 0.055144032921810755
0.0837606837606837 0.08632478632478624 0.07948717948717943 0.08376068376068369 0.1444444444444443 0.0794871794871794 0.08205128205128198 0.1854700854700852 0.08376068376068367 0.09145299145299136
0.07857142857142854 0.07301587301587295 0.13333333333333316 0.07619047619047614 0.08730158730158727 0.07380952380952376 0.15793650793650776 0.10396825396825396 0.07222222222222216 0.14365079365079356
0.07777777777777771 0.07692307692307684 0.07692307692307684 0.07692307692307684 0.3068376068376065 0.07692307692307684 0.07692307692307684 0.07692307692307684 0.07692307692307684 0.07692307692307684
0.06543209876543198 0.1537037037037036 0.11111111111111091 0.06358024691358014 0.05802469135802457 0.08456790123456778 0.061111111111111005 0.06604938271604925 0.2709876543209876 0.06543209876543199
0.08148148148148147 0.08518518518518518 0.11555555555555554 0.11037037037037035 0.13185185185185175 0.08370370370370371 0.0822222222222222 0.12222222222222218 0.08074074074074072 0.10666666666666662
0.07581699346405214 0.22287581699346393 0.1562091503267971 0.07516339869281032 0.06274509803921555 0.06666666666666655 0.06470588235294103 0.09084967320261424 0.11699346405228742 0.0679738562091502
0.11904761904761899 0.09206349206349203 0.08809523809523807 0.08650793650793648 0.0825396825396825 0.1634920634920634 0.09682539682539677 0.09126984126984122 0.08650793650793648 0.09365079365079361
0.07407407407407407 0.07185185185185182 0.07111111111111107 0.27999999999999986 0.11333333333333333 0.07185185185185182 0.08000000000000002 0.07259259259259256 0.07259259259259258 0.09259259259259264
0.09239766081871346 0.0807017543859649 0.07777777777777777 0.2064327485380116 0.1263157894736841 0.07836257309941515 0.11286549707602327 0.07543859649122804 0.07309941520467828 0.0766081871345029
0.0984126984126984 0.07936507936507932 0.08333333333333329 0.07301587301587296 0.276190476190476 0.07460317460317456 0.07301587301587296 0.07222222222222219 0.07142857142857138 0.09841269841269834
0.06740740740740739 0.06814814814814814 0.06740740740740739 0.22444444444444436 0.06740740740740739 0.06740740740740739 0.23481481481481453 0.06666666666666665 0.06888888888888887 0.06740740740740739
0.13555555555555546 0.08814814814814816 0.111111111111111 0.07629629629629628 0.07333333333333333 0.08370370370370368 0.1518518518518518 0.08000000000000002 0.0814814814814815 0.11851851851851844
0.09244444444444448 0.219111111111111 0.15244444444444435 0.06711111111111115 0.06177777777777781 0.10444444444444445 0.09422222222222225 0.08088888888888894 0.0626666666666667 0.06488888888888893
0.07973856209150315 0.076470588235294 0.09346405228758156 0.07254901960784298 0.08235294117647045 0.08235294117647043 0.17647058823529388 0.09869281045751618 0.06862745098039201 0.16928104575163377
0.07555555555555558 0.07555555555555557 0.07037037037037033 0.07407407407407408 0.22370370370370357 0.07407407407407406 0.0785185185185185 0.09407407407407407 0.06814814814814814 0.16592592592592578
0.10493827160493814 0.07654320987654309 0.07345679012345668 0.058024691358024585 0.06975308641975299 0.18024691358024675 0.05802469135802457 0.06234567901234558 0.08827160493827153 0.2283950617283949
0.12569444444444444 0.11527777777777778 0.15347222222222223 0.07916666666666666 0.06805555555555555 0.10416666666666667 0.08541666666666667 0.08333333333333333 0.0875 0.09791666666666667
0.0793650793650793 0.07380952380952377 0.07619047619047611 0.14047619047619037 0.07619047619047614 0.07936507936507933 0.08174603174603166 0.07619047619047614 0.07857142857142851 0.23809523809523808
0.09761904761904755 0.09841269841269834 0.08015873015873011 0.07777777777777774 0.0817460317460317 0.11825396825396821 0.0809523809523809 0.09682539682539681 0.10793650793650783 0.16031746031746016
0.08650793650793649 0.08650793650793645 0.09206349206349201 0.09523809523809519 0.07857142857142851 0.08095238095238091 0.138095238095238 0.09523809523809522 0.07460317460317455 0.172222222222222
0.09506172839506156 0.0728395061728394 0.05864197530864187 0.05679012345679002 0.05864197530864187 0.06851851851851841 0.05740740740740729 0.05925925925925915 0.3999999999999996 0.07283950617283942
0.08425925925925913 0.08333333333333323 0.08425925925925916 0.21574074074074076 0.08518518518518507 0.08425925925925916 0.08796296296296288 0.08703703703703693 0.08333333333333323 0.1046296296296296
0.0794871794871794 0.1085470085470085 0.08547008547008539 0.07863247863247858 0.07692307692307684 0.08119658119658113 0.07863247863247855 0.08205128205128198 0.24786324786324748 0.08119658119658112
0.07539682539682535 0.07857142857142851 0.07301587301587296 0.07777777777777772 0.28968253968253965 0.07777777777777775 0.0841269841269841 0.07380952380952374 0.0769841269841269 0.09285714285714282
0.10158730158730148 0.09206349206349203 0.07698412698412693 0.0809523809523809 0.0777777777777777 0.08412698412698412 0.08015873015873011 0.07380952380952376 0.24682539682539686 0.08571428571428566
0.12074074074074066 0.08444444444444445 0.07925925925925924 0.1496296296296295 0.07629629629629628 0.0851851851851852 0.07555555555555554 0.0711111111111111 0.09703703703703703 0.16074074074074066
0.11555555555555548 0.0835555555555556 0.09377777777777783 0.16444444444444437 0.05377777777777781 0.13555555555555548 0.07244444444444449 0.08622222222222228 0.10533333333333332 0.08933333333333339
0.12301587301587283 0.08650793650793645 0.08174603174603172 0.07539682539682535 0.07380952380952378 0.22222222222222227 0.08095238095238091 0.08730158730158723 0.09523809523809522 0.07380952380952376
0.08632478632478625 0.09059829059829053 0.0854700854700854 0.09658119658119653 0.08205128205128198 0.19658119658119627 0.094017094017094 0.08803418803418797 0.09145299145299136 0.08888888888888882
0.10888888888888884 0.10296296296296294 0.09333333333333332 0.09185185185185182 0.08074074074074072 0.14592592592592585 0.09777777777777773 0.09851851851851852 0.09259259259259256 0.08740740740740742
0.08492063492063485 0.15396825396825384 0.07698412698412693 0.07539682539682534 0.08015873015873008 0.0976190476190476 0.0777777777777777 0.08730158730158728 0.17936507936507912 0.08650793650793648
0.07037037037037033 0.09703703703703706 0.07185185185185185 0.06888888888888887 0.26444444444444437 0.06888888888888887 0.06814814814814812 0.07185185185185183 0.15037037037037024 0.06814814814814814
0.13333333333333314 0.0836601307189541 0.07973856209150311 0.07385620915032666 0.06470588235294104 0.2359477124183004 0.08169934640522863 0.08039215686274497 0.09803921568627436 0.06862745098039201
0.137037037037037 0.07037037037037036 0.09629629629629621 0.07111111111111111 0.0733333333333333 0.19333333333333325 0.11481481481481479 0.08740740740740738 0.07777777777777778 0.07851851851851849
0.09876543209876527 0.10679012345678997 0.06975308641975296 0.06728395061728382 0.06481481481481469 0.2907407407407407 0.07469135802469126 0.07716049382716036 0.07407407407407395 0.07592592592592583
0.14901960784313698 0.08235294117647045 0.07450980392156847 0.07516339869281032 0.0699346405228757 0.19019607843137237 0.07908496732026131 0.07058823529411752 0.1052287581699345 0.10392156862745083
0.15505050505050502 0.08484848484848492 0.06515151515151521 0.06010101010101015 0.13434343434343451 0.1414141414141414 0.05858585858585865 0.06767676767676775 0.1303030303030303 0.10252525252525262
0.14912280701754363 0.09415204678362568 0.127485380116959 0.06608187134502923 0.06900584795321636 0.09005847953216371 0.07076023391812863 0.09766081871345024 0.14327485380116947 0.09239766081871345
0.09707602339181279 0.37426900584795336 0.06315789473684208 0.06257309941520466 0.055555555555555546 0.06491228070175438 0.06666666666666662 0.06257309941520466 0.07836257309941518 0.07485380116959063
0.08611111111111105 0.23444444444444443 0.06055555555555548 0.06055555555555547 0.058333333333333244 0.12333333333333335 0.06166666666666658 0.06166666666666661 0.1288888888888889 0.12444444444444437
0.11851851851851845 0.0925925925925926 0.16296296296296287 0.09111111111111113 0.08370370370370372 0.09481481481481481 0.1022222222222222 0.07999999999999999 0.0911111111111111 0.08296296296296293
0.07380952380952374 0.07142857142857138 0.07301587301587298 0.07460317460317456 0.10079365079365075 0.07142857142857138 0.07380952380952377 0.07380952380952374 0.07142857142857138 0.3158730158730159
0.20628019323671506 0.05265700483091795 0.0579710144927537 0.06038647342995179 0.076328502415459 0.2328502415458936 0.08405797101449283 0.05748792270531409 0.07487922705314018 0.09710144927536235
0.16111111111111112 0.12824074074074068 0.06805555555555555 0.07731481481481484 0.07685185185185188 0.08472222222222227 0.08564814814814821 0.06944444444444448 0.08009259259259259 0.1685185185185185
0.11228070175438588 0.08771929824561402 0.14970760233918123 0.07192982456140348 0.08947368421052632 0.0812865497076023 0.11345029239766073 0.09766081871345031 0.11637426900584787 0.0801169590643275
0.10722222222222223 0.09777777777777777 0.23055555555555568 0.1277777777777777 0.05999999999999993 0.09555555555555545 0.06944444444444438 0.06833333333333323 0.07444444444444438 0.06888888888888882
0.04848484848484845 0.046127946127946094 0.0572390572390572 0.2784511784511786 0.2632996632996634 0.03973063973063971 0.04680134680134677 0.09191919191919187 0.03872053872053869 0.08922558922558918
0.0785185185185185 0.06962962962962961 0.07777777777777778 0.07185185185185183 0.20740740740740718 0.07407407407407404 0.07333333333333333 0.07555555555555553 0.07259259259259256 0.1992592592592591
0.10123456790123439 0.06851851851851838 0.05925925925925915 0.06296296296296286 0.2228395061728393 0.07716049382716042 0.05740740740740729 0.061728395061728274 0.21111111111111103 0.07777777777777764
0.07777777777777765 0.29869281045751594 0.09346405228758156 0.06405228758169922 0.06470588235294103 0.06862745098039204 0.06535947712418289 0.10718954248365999 0.0705882352941175 0.0895424836601306
0.056746031746031704 0.08373015873015867 0.04999999999999998 0.16587301587301587 0.04325396825396824 0.053968253968253936 0.40714285714285703 0.04603174603174601 0.04523809523809522 0.048015873015872984
0.07692307692307684 0.07692307692307684 0.07777777777777771 0.11538461538461534 0.07692307692307684 0.07692307692307684 0.2666666666666662 0.07863247863247855 0.07692307692307684 0.07692307692307684
0.11604938271604923 0.07901234567901225 0.06296296296296286 0.06358024691358014 0.15925925925925902 0.07962962962962951 0.22160493827160488 0.06790123456790112 0.06481481481481469 0.08518518518518504
0.08632478632478627 0.0837606837606837 0.07948717948717943 0.08205128205128195 0.25128205128205083 0.08376068376068371 0.08461538461538454 0.08547008547008542 0.08034188034188025 0.0829059829059828
0.1477124183006534 0.08496732026143773 0.10457516339869267 0.07320261437908485 0.06732026143790835 0.2084967320261436 0.07385620915032666 0.07189542483660118 0.08169934640522859 0.08627450980392141
0.08222222222222224 0.07111111111111108 0.07555555555555557 0.12148148148148144 0.07259259259259256 0.07925925925925927 0.22814814814814793 0.12074074074074066 0.07407407407407407 0.07481481481481476
0.1143790849673201 0.07320261437908483 0.07581699346405214 0.14509803921568604 0.06470588235294103 0.07777777777777763 0.21830065359477097 0.06862745098039202 0.06405228758169922 0.09803921568627436
0.071345029239766 0.22105263157894733 0.06666666666666665 0.05730994152046782 0.05321637426900584 0.0801169590643275 0.06725146198830409 0.25789473684210523 0.07134502923976607 0.05380116959064327
0.07256944444444445 0.446875 0.07013888888888889 0.044097222222222225 0.04131944444444444 0.07569444444444444 0.08333333333333333 0.044444444444444446 0.07361111111111111 0.04791666666666667
0.06378600823045272 0.18847736625514405 0.10164609053497943 0.07942386831275727 0.040329218106995926 0.08477366255144034 0.06707818930041155 0.21522633744855954 0.11440329218106994 0.044855967078189354
0.06023391812865496 0.059064327485380076 0.06725146198830409 0.08654970760233918 0.05789473684210525 0.05789473684210523 0.23099415204678367 0.26140350877192986 0.05789473684210525 0.06081871345029239
0.07936507936507933 0.07380952380952376 0.07857142857142854 0.1253968253968253 0.07301587301587298 0.08333333333333329 0.08412698412698406 0.07777777777777772 0.07301587301587296 0.2515873015873017
0.09629629629629621 0.06455026455026447 0.07513227513227506 0.05026455026455019 0.14708994708994694 0.09947089947089943 0.0592592592592592 0.2693121693121689 0.061904761904761844 0.07671957671957666
0.07222222222222219 0.07301587301587298 0.07222222222222216 0.07142857142857138 0.265079365079365 0.07142857142857138 0.07142857142857138 0.07301587301587295 0.07142857142857138 0.15873015873015855
0.11111111111111104 0.07936507936507928 0.07539682539682535 0.11587301587301582 0.07380952380952374 0.14444444444444432 0.08015873015873015 0.0817460317460317 0.15873015873015855 0.07936507936507935
0.08962962962962957 0.08074074074074071 0.0837037037037037 0.19703703703703693 0.07185185185185182 0.1022222222222223 0.08148148148148146 0.11037037037037037 0.09481481481481481 0.08814814814814816
0.12407407407407393 0.08271604938271594 0.07469135802469123 0.07839506172839492 0.06913580246913567 0.2308641975308642 0.08271604938271593 0.08024691358024681 0.09629629629629617 0.0808641975308641
0.11934156378600805 0.16049382716049368 0.10576131687242793 0.055144032921810755 0.048148148148148204 0.057613168724279885 0.050617283950617334 0.11358024691358024 0.22798353909465022 0.061316872427983574
0.08564814814814815 0.09814814814814814 0.1 0.10555555555555557 0.04629629629629626 0.0615740740740741 0.27916666666666656 0.08379629629629631 0.0842592592592593 0.055555555555555546
0.06993464052287571 0.06339869281045739 0.0640522875816992 0.16470588235294092 0.19411764705882328 0.06666666666666653 0.0640522875816992 0.0614379084967319 0.062091503267973726 0.18954248366013043
0.08333333333333327 0.08968253968253961 0.1888888888888887 0.14841269841269827 0.07698412698412695 0.08095238095238089 0.08809523809523806 0.0793650793650793 0.08015873015873012 0.08412698412698408
0.1 0.25666666666666665 0.07277777777777769 0.06888888888888878 0.06944444444444436 0.0772222222222221 0.07444444444444437 0.07166666666666657 0.12722222222222218 0.08166666666666657
0.1064327485380116 0.21695906432748543 0.0853801169590643 0.06900584795321633 0.06257309941520468 0.09883040935672509 0.08070175438596487 0.07485380116959064 0.13274853801169587 0.07251461988304092
0.09166666666666659 0.08703703703703693 0.08981481481481471 0.14814814814814814 0.08425925925925916 0.09444444444444443 0.1185185185185185 0.11388888888888891 0.08611111111111099 0.086111111111111
0.11333333333333327 0.0874074074074074 0.08666666666666664 0.07259259259259257 0.07259259259259256 0.19777777777777766 0.08518518518518517 0.07629629629629628 0.1281481481481481 0.07999999999999999
0.09126984126984128 0.07619047619047613 0.07380952380952374 0.07380952380952376 0.2531746031746032 0.08253968253968247 0.07380952380952374 0.0825396825396825 0.07301587301587295 0.11984126984126973
0.07481481481481485 0.34740740740740694 0.0711111111111111 0.07259259259259258 0.06814814814814812 0.07407407407407401 0.07185185185185185 0.07703703703703701 0.07333333333333326 0.06962962962962962
0.08730158730158728 0.07460317460317453 0.07301587301587295 0.1365079365079364 0.15317460317460302 0.07539682539682535 0.0809523809523809 0.07460317460317456 0.07222222222222217 0.172222222222222
0.07602339181286545 0.3538011695906432 0.06725146198830405 0.06432748538011696 0.061988304093567224 0.06432748538011693 0.08362573099415202 0.06549707602339182 0.08596491228070179 0.07719298245614034
0.1322222222222225 0.06444444444444436 0.0699999999999999 0.058333333333333244 0.05444444444444435 0.2177777777777777 0.18388888888888885 0.07333333333333325 0.08444444444444438 0.06111111111111103
0.07602339181286547 0.07017543859649122 0.07017543859649122 0.06783625730994146 0.26023391812865493 0.06842105263157892 0.06666666666666664 0.06374269005847953 0.06725146198830403 0.1894736842105263
0.07925925925925925 0.07481481481481479 0.0733333333333333 0.07777777777777775 0.18518518518518515 0.09185185185185182 0.07925925925925924 0.07703703703703704 0.07999999999999997 0.18148148148148144
0.08571428571428566 0.17460317460317437 0.07460317460317456 0.07539682539682535 0.07222222222222216 0.07539682539682532 0.07857142857142851 0.07539682539682535 0.21349206349206337 0.07460317460317453
0.08024691358024681 0.07407407407407395 0.0604938271604937 0.06604938271604927 0.16049382716049362 0.0839506172839505 0.20617283950617285 0.06481481481481469 0.1432098765432097 0.06049382716049371
0.07692307692307684 0.0777777777777777 0.07777777777777771 0.0777777777777777 0.2837606837606834 0.07863247863247855 0.0777777777777777 0.07777777777777771 0.07863247863247855 0.09316239316239311
0.08174603174603169 0.07857142857142851 0.10873015873015868 0.08015873015873011 0.07619047619047614 0.07698412698412696 0.07936507936507932 0.19206349206349188 0.07777777777777775 0.14841269841269827
0.12857142857142845 0.07777777777777775 0.07460317460317456 0.07539682539682534 0.07539682539682535 0.12222222222222212 0.08650793650793648 0.09603174603174598 0.11666666666666657 0.1468253968253967
0.07301587301587295 0.07301587301587298 0.07142857142857138 0.07301587301587295 0.34047619047619065 0.07142857142857138 0.07222222222222217 0.07301587301587298 0.07142857142857138 0.08095238095238091
0.07777777777777778 0.0798611111111111 0.07291666666666667 0.06875 0.06597222222222222 0.07777777777777778 0.08194444444444444 0.06736111111111111 0.3423611111111111 0.06527777777777778
0.11666666666666667 0.06458333333333334 0.06736111111111111 0.2791666666666667 0.06666666666666667 0.07847222222222222 0.125 0.07152777777777777 0.06388888888888888 0.06666666666666667
0.08888888888888889 0.09861111111111111 0.11666666666666667 0.07569444444444444 0.1597222222222222 0.08888888888888889 0.10277777777777777 0.10972222222222222 0.075 0.08402777777777778
0.11875 0.175 0.09236111111111112 0.09027777777777778 0.07013888888888889 0.09236111111111112 0.0875 0.10416666666666667 0.07569444444444444 0.09375
0.12631578947368408 0.12748538011695895 0.09239766081871341 0.09824561403508761 0.08070175438596487 0.09883040935672509 0.08421052631578944 0.09941520467836254 0.09766081871345024 0.09473684210526306
0.08461538461538454 0.08632478632478625 0.0871794871794871 0.09487179487179483 0.24102564102564064 0.08290598290598283 0.08205128205128198 0.07948717948717941 0.07948717948717943 0.08205128205128198
0.06405228758169923 0.06339869281045739 0.08888888888888873 0.3241830065359473 0.06732026143790834 0.062091503267973726 0.08954248366013058 0.11111111111111094 0.06470588235294104 0.06470588235294104
0.07083333333333333 0.06458333333333334 0.06388888888888888 0.17708333333333334 0.06319444444444444 0.06944444444444445 0.3013888888888889 0.06388888888888888 0.06319444444444444 0.0625
0.08518518518518507 0.05925925925925915 0.09691358024691343 0.07283950617283938 0.061111111111111005 0.06481481481481469 0.34567901234567905 0.09012345679012337 0.059876543209876426 0.0641975308641974
0.07870370370370376 0.053240740740740713 0.050462962962962925 0.049537037037037 0.05 0.06527777777777782 0.4625 0.05879629629629632 0.07685185185185182 0.054629629629629625
0.09074074074074064 0.07160493827160479 0.06604938271604927 0.12345679012345659 0.2623456790123457 0.07777777777777765 0.09320987654320977 0.07283950617283938 0.06543209876543199 0.07654320987654309
0.1486111111111111 0.07847222222222222 0.07152777777777777 0.07569444444444444 0.06944444444444445 0.15694444444444444 0.07013888888888889 0.07152777777777777 0.18472222222222223 0.07291666666666667
0.19382716049382717 0.11563786008230448 0.07366255144032928 0.05679012345679019 0.05226337448559675 0.13703703703703696 0.061728395061728475 0.05720164609053502 0.1790123456790123 0.07283950617283953
0.05944444444444436 0.0699999999999999 0.059999999999999915 0.22999999999999998 0.07166666666666657 0.06499999999999989 0.26500000000000007 0.05999999999999991 0.05444444444444436 0.06444444444444436
0.10185185185185183 0.10185185185185186 0.10092592592592592 0.0972222222222222 0.08796296296296285 0.10092592592592588 0.10833333333333331 0.0981481481481481 0.1018518518518518 0.10092592592592593
0.072549019607843 0.06797385620915017 0.0679738562091502 0.19869281045751608 0.10457516339869267 0.07058823529411751 0.19019607843137232 0.07124183006535935 0.06732026143790835 0.08888888888888873
0.0637426900584795 0.059649122807017535 0.0631578947368421 0.21871345029239772 0.058479532163742645 0.060233918128654945 0.243859649122807 0.061988304093567224 0.10877192982456134 0.061403508771929814
0.11629629629629627 0.09185185185185184 0.09259259259259256 0.09185185185185188 0.12370370370370366 0.10370370370370369 0.09481481481481481 0.10888888888888881 0.08518518518518517 0.0911111111111111
0.08425925925925916 0.08333333333333323 0.08518518518518506 0.1583333333333332 0.08333333333333323 0.08425925925925916 0.086111111111111 0.086111111111111 0.08425925925925916 0.16481481481481464
0.08888888888888881 0.2505555555555556 0.09555555555555548 0.06166666666666658 0.0666666666666666 0.09499999999999995 0.0766666666666666 0.058333333333333244 0.1383333333333333 0.06833333333333323
