0.043669250645994875 0.0410852713178295 0.035917312661498745 0.04134366925064604 0.03979328165374681 0.038759689922480654 0.04186046511627911 0.03695090439276489 0.04186046511627912 0.030490956072351454 0.040826873385012966 0.027906976744186077 0.04573643410852717 0.04470284237726102 0.0410852713178295 0.03850129198966412 0.044186046511627955 0.031007751937984527 0.0439276485788114 0.0459948320413437 0.045478036175710626 0.03824289405684758 0.035917312661498745 0.039534883720930274 0.0452196382428941
0.03958333333333333 0.04618055555555556 0.044097222222222225 0.04201388888888889 0.03715277777777778 0.041666666666666664 0.035069444444444445 0.03958333333333333 0.04131944444444444 0.036458333333333336 0.03923611111111111 0.03680555555555556 0.03784722222222222 0.043402777777777776 0.04548611111111111 0.03680555555555556 0.03784722222222222 0.03958333333333333 0.03888888888888889 0.03993055555555555 0.03611111111111111 0.03715277777777778 0.036458333333333336 0.04236111111111111 0.04895833333333333
0.03814814814814814 0.038148148148148146 0.08333333333333331 0.038148148148148146 0.03666666666666666 0.03814814814814814 0.04074074074074072 0.03851851851851852 0.03740740740740741 0.036296296296296264 0.04037037037037035 0.03555555555555555 0.0362962962962963 0.03999999999999999 0.03777777777777778 0.035555555555555556 0.03518518518518517 0.034814814814814805 0.03814814814814814 0.03925925925925925 0.037037037037037035 0.035185185185185174 0.035185185185185174 0.03518518518518518 0.05888888888888886
0.03765432098765427 0.03919753086419746 0.04259259259259252 0.04012345679012339 0.03456790123456785 0.0379629629629629 0.03580246913580241 0.04104938271604931 0.07006172839506165 0.03333333333333328 0.039814814814814754 0.030555555555555492 0.03703703703703697 0.03580246913580241 0.06018518518518515 0.03672839506172834 0.0358024691358024 0.03487654320987648 0.03611111111111106 0.037345679012345624 0.039506172839506117 0.04629629629629625 0.039197530864197465 0.03703703703703697 0.041358024691357964
0.04534534534534535 0.048348348348348384 0.03273273273273277 0.04114114114114119 0.04204204204204208 0.0435435435435436 0.036936936936936976 0.04594594594594598 0.041741741741741764 0.03273273273273276 0.04024024024024026 0.03273273273273277 0.041741741741741785 0.04174174174174177 0.04024024024024027 0.03873873873873877 0.04114114114114117 0.03453453453453454 0.03933933933933933 0.04684684684684688 0.04384384384384386 0.03693693693693696 0.04054054054054057 0.03873873873873876 0.032132132132132146
0.03991769547325107 0.04320987654320992 0.03827160493827165 0.039506172839506214 0.03991769547325106 0.04156378600823049 0.040329218106995926 0.04074074074074077 0.0415637860082305 0.03827160493827165 0.039094650205761354 0.03786008230452679 0.04074074074074078 0.039917695473251066 0.0386831275720165 0.039094650205761354 0.039917695473251066 0.03909465020576137 0.03827160493827165 0.04032921810699592 0.041975308641975365 0.039094650205761375 0.04156378600823049 0.0423868312757202 0.03868312757201651
0.03986928104575157 0.042810457516339814 0.03856209150326791 0.04052287581699339 0.036601307189542416 0.03921568627450973 0.040196078431372476 0.037581699346405165 0.03823529411764699 0.030392156862745035 0.042810457516339794 0.03366013071895418 0.03921568627450973 0.04117647058823523 0.036274509803921495 0.06732026143790841 0.039542483660130655 0.03267973856209144 0.03856209150326792 0.03790849673202608 0.041503267973856145 0.04967320261437903 0.036601307189542416 0.03888888888888883 0.04019607843137248
0.04985754985754981 0.03874643874643868 0.031908831908831856 0.04159544159544154 0.04216524216524213 0.041880341880341815 0.039601139601139555 0.041025641025640984 0.042165242165242124 0.033618233618233566 0.041880341880341836 0.03247863247863243 0.04957264957264952 0.04159544159544153 0.03931623931623925 0.033903133903133854 0.041880341880341836 0.035897435897435846 0.03618233618233615 0.046153846153846115 0.04843304843304838 0.03903133903133898 0.040740740740740695 0.03817663817663812 0.03219373219373215
0.04086021505376341 0.03763440860215051 0.03835125448028671 0.03978494623655911 0.04086021505376341 0.04014336917562721 0.042293906810035815 0.04157706093189961 0.040860215053763416 0.03620071684587811 0.037275985663082406 0.03369175627240141 0.04444444444444441 0.04157706093189961 0.03691756272401431 0.04982078853046591 0.04336917562724011 0.035842293906810006 0.037275985663082406 0.03548387096774191 0.039784946236559114 0.04587813620071682 0.04265232974910391 0.039784946236559114 0.03763440860215051
0.04327485380116957 0.04093567251461986 0.03567251461988304 0.03947368421052631 0.03976608187134501 0.03918128654970758 0.043859649122807015 0.04152046783625731 0.042690058479532146 0.036549707602339186 0.03771929824561403 0.03421052631578944 0.038011695906432726 0.03918128654970759 0.040350877192982436 0.047076023391812834 0.04415204678362572 0.03421052631578946 0.043859649122807 0.043567251461988296 0.0415204678362573 0.04181286549707602 0.03625730994152045 0.0394736842105263 0.03567251461988302
0.04061302681992336 0.0448275862068965 0.0390804597701149 0.037931034482758565 0.04061302681992333 0.04176245210727963 0.03984674329501911 0.03946360153256702 0.04137931034482754 0.03601532567049804 0.040613026819923355 0.03678160919540225 0.04444444444444441 0.0386973180076628 0.039463601532567 0.03946360153256701 0.038697318007662795 0.03716475095785436 0.04061302681992336 0.03984674329501911 0.042145593869731754 0.041379310344827544 0.03946360153256702 0.03984674329501911 0.0398467432950191
0.040229885057471236 0.04329501915708808 0.040229885057471236 0.041762452107279684 0.03754789272030647 0.03869731800766281 0.037547892720306474 0.040996168582375425 0.041379310344827544 0.035632183908045935 0.04214559386973174 0.03601532567049804 0.04176245210727965 0.04214559386973177 0.042528735632183894 0.03639846743295016 0.04214559386973174 0.03486590038314172 0.035632183908045935 0.03678160919540226 0.04099616858237542 0.04214559386973175 0.03754789272030647 0.040613026819923334 0.05095785440613024
0.041379310344827565 0.04176245210727965 0.03831417624521069 0.03908045977011489 0.039463601532567 0.041762452107279656 0.04061302681992331 0.04176245210727965 0.04176245210727964 0.03754789272030647 0.03908045977011489 0.03793103448275858 0.04022988505747122 0.04022988505747125 0.04022988505747123 0.0390804597701149 0.040613026819923334 0.03754789272030646 0.04176245210727966 0.040613026819923334 0.039846743295019096 0.03869731800766279 0.0390804597701149 0.041379310344827544 0.04022988505747122
0.045555555555555564 0.03962962962962962 0.03666666666666665 0.03777777777777778 0.037777777777777764 0.042222222222222223 0.04 0.041111111111111084 0.0385185185185185 0.03703703703703702 0.03814814814814814 0.03666666666666664 0.04703703703703703 0.0437037037037037 0.04037037037037038 0.03518518518518519 0.0474074074074074 0.037407407407407396 0.03666666666666667 0.040370370370370355 0.04185185185185182 0.0459259259259259 0.037037037037037014 0.03851851851851851 0.0374074074074074
0.04415204678362571 0.04736842105263157 0.032748538011695895 0.04561403508771925 0.054970760233918094 0.038304093567251424 0.03976608187134501 0.04532163742690057 0.04561403508771928 0.028362573099415207 0.03713450292397659 0.030994152046783612 0.03859649122807016 0.03976608187134498 0.04181286549707601 0.032163742690058464 0.041228070175438586 0.03070175438596491 0.035087719298245626 0.04239766081871342 0.05380116959064325 0.03742690058479527 0.04415204678362573 0.042105263157894715 0.030409356725146195
0.050584795321637406 0.03508771929824559 0.033625730994152024 0.04152046783625729 0.04152046783625729 0.037719298245614034 0.043274853801169605 0.044736842105263123 0.03771929824561402 0.03304093567251462 0.03596491228070173 0.03771929824561402 0.04035087719298244 0.03771929824561403 0.037719298245614014 0.057894736842105214 0.047368421052631546 0.0307017543859649 0.04210526315789471 0.03479532163742688 0.035672514619883 0.04561403508771928 0.040350877192982436 0.04269005847953215 0.034502923976608174
0.04362139917695474 0.04238683127572021 0.037448559670781936 0.0386831275720165 0.04115226337448564 0.04074074074074079 0.03950617283950621 0.04074074074074078 0.04279835390946508 0.03744855967078193 0.039917695473251066 0.03744855967078193 0.043621399176954775 0.03991769547325108 0.037448559670781936 0.038271604938271635 0.04279835390946506 0.037448559670781936 0.038271604938271635 0.04238683127572022 0.041975308641975344 0.040740740740740806 0.03868312757201651 0.03909465020576134 0.03744855967078193
0.04361111111111107 0.043888888888888845 0.06472222222222222 0.039166666666666614 0.03694444444444439 0.03583333333333329 0.03388888888888884 0.03833333333333328 0.04388888888888886 0.03055555555555551 0.040277777777777725 0.03027777777777773 0.04833333333333331 0.041111111111111084 0.044722222222222205 0.033611111111111064 0.04277777777777775 0.031666666666666614 0.03749999999999996 0.0333333333333333 0.03749999999999995 0.04083333333333328 0.032499999999999946 0.04138888888888884 0.053333333333333295
0.03302469135802464 0.03611111111111106 0.030555555555555492 0.03395061728395056 0.06728395061728396 0.04629629629629625 0.038271604938271545 0.037654320987654255 0.03240740740740734 0.03240740740740734 0.03518518518518514 0.029629629629629575 0.03858024691358018 0.039197530864197465 0.03395061728395055 0.03641975308641969 0.03827160493827155 0.035802469135802414 0.11234567901234588 0.0401234567901234 0.03487654320987648 0.039506172839506096 0.03271604938271599 0.03549382716049377 0.02993827160493821
0.03968253968253965 0.040873015873015846 0.03888888888888887 0.03888888888888886 0.04087301587301585 0.04007936507936506 0.04404761904761904 0.03928571428571425 0.040873015873015846 0.03730158730158727 0.040873015873015846 0.03849206349206346 0.04047619047619046 0.04126984126984126 0.03690476190476188 0.03809523809523807 0.040873015873015846 0.038492063492063466 0.04047619047619044 0.03928571428571426 0.04007936507936506 0.039682539682539646 0.04087301587301586 0.041666666666666644 0.041666666666666644
0.03690476190476188 0.03730158730158728 0.03611111111111108 0.03650793650793648 0.03571428571428569 0.03611111111111108 0.038095238095238064 0.03690476190476188 0.03730158730158728 0.08690476190476179 0.03690476190476189 0.06944444444444438 0.03650793650793648 0.037698412698412676 0.03730158730158728 0.03650793650793648 0.03571428571428569 0.03611111111111108 0.036507936507936475 0.036904761904761885 0.03650793650793649 0.036904761904761885 0.03611111111111108 0.03690476190476187 0.036111111111111094
0.03814814814814814 0.04185185185185184 0.035185185185185174 0.03518518518518518 0.038518518518518494 0.04148148148148146 0.037407407407407396 0.04074074074074074 0.03925925925925927 0.03592592592592592 0.03925925925925925 0.03444444444444443 0.04074074074074072 0.03592592592592591 0.037777777777777764 0.06074074074074072 0.04 0.04259259259259259 0.04777777777777777 0.04037037037037035 0.04407407407407408 0.04370370370370374 0.03703703703703702 0.038148148148148146 0.033703703703703694
0.04214559386973174 0.04214559386973177 0.03754789272030646 0.04176245210727965 0.042145593869731754 0.0390804597701149 0.04022988505747123 0.04291187739463597 0.042145593869731775 0.037164750957854376 0.03793103448275858 0.03678160919540226 0.040996168582375446 0.04022988505747121 0.041379310344827544 0.03639846743295015 0.03946360153256704 0.03601532567049804 0.04022988505747123 0.04022988505747122 0.03869731800766278 0.04022988505747122 0.04674329501915705 0.04176245210727965 0.03563218390804594
0.03716475095785436 0.04061302681992332 0.04674329501915705 0.045210727969348614 0.039463601532566984 0.03946360153256702 0.03754789272030648 0.03793103448275858 0.03946360153256701 0.03678160919540226 0.04367816091954015 0.03524904214559383 0.040996168582375425 0.043295019157088076 0.040996168582375446 0.03524904214559383 0.03563218390804594 0.037547892720306474 0.03716475095785436 0.03831417624521068 0.03984674329501911 0.040996168582375446 0.036781609195402264 0.03984674329501913 0.054022988505747084
0.04411764705882346 0.03954248366013064 0.03627450980392149 0.043790849673202535 0.043790849673202556 0.038235294117647 0.03954248366013065 0.04215686274509798 0.037254901960784244 0.03300653594771234 0.044117647058823456 0.03300653594771235 0.045098039215686204 0.045098039215686204 0.04281045751633981 0.0339869281045751 0.044117647058823456 0.03333333333333326 0.03954248366013066 0.04575163398692804 0.04509803921568621 0.040522875816993396 0.03790849673202608 0.039542483660130655 0.03235294117647052
0.039181286549707574 0.03654970760233917 0.030116959064327483 0.031578947368421026 0.07514619883040935 0.03362573099415203 0.03830409356725146 0.038888888888888896 0.03742690058479532 0.02865497076023391 0.036257309941520426 0.02953216374269005 0.03654970760233917 0.03362573099415204 0.046198830409356684 0.0374269005847953 0.03625730994152047 0.033040935672514614 0.11666666666666682 0.0350877192982456 0.035672514619883036 0.03011695906432748 0.03508771929824561 0.03947368421052632 0.02953216374269006
0.034795321637426865 0.02953216374269005 0.02953216374269005 0.042105263157894715 0.08391812865497075 0.02982456140350876 0.0307017543859649 0.030701754385964893 0.03304093567251461 0.02894736842105262 0.03567251461988305 0.02982456140350876 0.035087719298245626 0.03245614035087719 0.0307017543859649 0.040058479532163745 0.03099415204678363 0.03918128654970761 0.14444444444444463 0.03333333333333331 0.033625730994152024 0.03391812865497075 0.038304093567251445 0.04064327485380114 0.02865497076023392
0.03963963963963967 0.04144144144144149 0.033033033033033045 0.03633633633633637 0.04954954954954959 0.037537537537537594 0.03903903903903906 0.048648648648648686 0.04144144144144148 0.03363363363363366 0.03573573573573575 0.03483483483483484 0.03963963963963967 0.039039039039039054 0.055855855855855924 0.03843843843843846 0.041441441441441455 0.03363363363363366 0.03693693693693695 0.03873873873873876 0.03903903903903908 0.03963963963963967 0.049849849849849893 0.043243243243243266 0.03363363363363365
0.037448559670781936 0.037448559670781936 0.0489711934156379 0.04526748971193417 0.037448559670781936 0.03703703703703708 0.03786008230452679 0.03703703703703708 0.037860082304526796 0.03703703703703708 0.051851851851851954 0.03703703703703708 0.037448559670781936 0.03827160493827164 0.03744855967078193 0.03703703703703708 0.03703703703703708 0.037448559670781936 0.03703703703703708 0.037860082304526796 0.037448559670781936 0.037448559670781936 0.03786008230452679 0.03744855967078193 0.06790123456790126
0.04121863799283151 0.04121863799283151 0.03691756272401431 0.03906810035842291 0.040860215053763416 0.037275985663082406 0.04301075268817201 0.04121863799283151 0.04121863799283151 0.03906810035842291 0.04050179211469531 0.03620071684587811 0.04121863799283151 0.03906810035842291 0.040860215053763416 0.03978494623655911 0.04157706093189961 0.03870967741935481 0.04050179211469531 0.03906810035842291 0.03942652329749101 0.045161290322580615 0.039784946236559114 0.03870967741935481 0.03835125448028671
0.027095516569200808 0.043859649122807036 0.06062378167641325 0.03684210526315795 0.056335282651072134 0.030214424951267096 0.0325536062378168 0.029239766081871378 0.032748538011695943 0.03586744639376221 0.03274853801169595 0.022807017543859696 0.03703703703703707 0.046783625730994156 0.042884990253411345 0.0450292397660819 0.035087719298245654 0.025730994152046813 0.11676413255360626 0.032943469785575094 0.03294346978557508 0.03274853801169594 0.022417153996101398 0.03801169590643277 0.050682261208577016
0.0386973180076628 0.03908045977011488 0.037547892720306474 0.03869731800766279 0.03793103448275858 0.0590038314176245 0.04022988505747124 0.038314176245210704 0.037547892720306474 0.03524904214559383 0.03869731800766281 0.035632183908045935 0.03793103448275858 0.04022988505747123 0.0390804597701149 0.03754789272030647 0.05057471264367809 0.036781609195402264 0.03601532567049804 0.03869731800766279 0.044061302681992286 0.050574712643678056 0.03601532567049804 0.03754789272030647 0.038314176245210704
0.03838383838383843 0.03232323232323236 0.028535353535353556 0.038888888888888966 0.07348484848484846 0.033333333333333375 0.030303030303030314 0.03560606060606063 0.03611111111111114 0.027777777777777794 0.03409090909090912 0.02752525252525254 0.035606060606060634 0.03459595959595964 0.036111111111111135 0.04191919191919195 0.03636363636363639 0.03560606060606064 0.14065656565656576 0.03484848484848488 0.03434343434343435 0.03484848484848489 0.03712121212121215 0.03484848484848487 0.026767676767676787
0.04222222222222224 0.03962962962962962 0.03666666666666667 0.03851851851851851 0.045555555555555564 0.04037037037037039 0.03999999999999998 0.04518518518518518 0.039999999999999994 0.0385185185185185 0.037777777777777764 0.03629629629629628 0.044444444444444446 0.03814814814814814 0.04592592592592589 0.03777777777777778 0.04407407407407409 0.0362962962962963 0.038148148148148125 0.03814814814814814 0.0385185185185185 0.03999999999999997 0.03962962962962962 0.04222222222222224 0.035925925925925924
0.04074074074074073 0.04185185185185184 0.038888888888888876 0.039629629629629605 0.048888888888888905 0.03703703703703702 0.04000000000000001 0.04259259259259261 0.03814814814814815 0.036296296296296285 0.03703703703703704 0.036296296296296306 0.04111111111111109 0.03555555555555555 0.051111111111111086 0.038888888888888896 0.04074074074074073 0.03740740740740741 0.03703703703703702 0.03777777777777777 0.041111111111111105 0.03962962962962962 0.04 0.0451851851851852 0.03703703703703702
0.04301075268817201 0.03835125448028671 0.03763440860215051 0.039784946236559114 0.04193548387096771 0.03978494623655911 0.04336917562724011 0.04408602150537631 0.03691756272401431 0.03620071684587811 0.03835125448028671 0.03333333333333331 0.042652329749103914 0.04086021505376341 0.037275985663082406 0.04157706093189961 0.04265232974910391 0.03476702508960571 0.04050179211469531 0.04587813620071682 0.04336917562724012 0.03870967741935481 0.04229390681003581 0.04157706093189961 0.03512544802867381
0.04043209876543204 0.04537037037037032 0.03734567901234563 0.039814814814814754 0.041358024691357964 0.03919753086419746 0.04290123456790118 0.03888888888888882 0.043209876543209826 0.033641975308641915 0.0379629629629629 0.03796296296296289 0.04598765432098761 0.041049382716049326 0.04228395061728389 0.039506172839506117 0.043518518518518456 0.03240740740740734 0.039814814814814754 0.03611111111111106 0.03981481481481477 0.04104938271604932 0.037037037037036986 0.04660493827160486 0.03672839506172834
0.04411764705882347 0.038888888888888806 0.03169934640522869 0.03823529411764698 0.045098039215686225 0.04477124183006529 0.04084967320261431 0.042810457516339814 0.03921568627450974 0.03366013071895418 0.04215686274509798 0.03529411764705876 0.04444444444444437 0.04803921568627443 0.042810457516339794 0.03496732026143784 0.04444444444444437 0.03333333333333328 0.037581699346405165 0.04379084967320255 0.04281045751633981 0.040522875816993396 0.033333333333333263 0.04477124183006529 0.032352941176470515
0.04193548387096771 0.03906810035842291 0.03369175627240141 0.03405017921146951 0.04193548387096771 0.03835125448028671 0.03906810035842291 0.045161290322580615 0.04050179211469531 0.07777777777777772 0.03405017921146951 0.03369175627240141 0.04014336917562721 0.03799283154121861 0.04265232974910391 0.03548387096774191 0.03906810035842291 0.03333333333333331 0.03691756272401431 0.03763440860215051 0.04050179211469532 0.03978494623655911 0.046236559139784916 0.03799283154121861 0.03297491039426521
0.04294294294294295 0.045645645645645695 0.03393393393393395 0.04204204204204209 0.04024024024024026 0.041741741741741785 0.040540540540540584 0.04144144144144149 0.039639639639639686 0.03153153153153154 0.043543543543543575 0.031531531531531556 0.04534534534534536 0.04174174174174178 0.04054054054054057 0.03183183183183185 0.05075075075075079 0.03303303303303306 0.03873873873873878 0.04804804804804811 0.04174174174174177 0.04024024024024029 0.03633633633633635 0.04384384384384386 0.033033033033033045
0.048888888888888905 0.04259259259259258 0.03777777777777777 0.03740740740740739 0.038888888888888876 0.04962962962962965 0.041851851851851855 0.04111111111111107 0.03888888888888889 0.03407407407407406 0.0388888888888889 0.03407407407407407 0.04407407407407404 0.039999999999999994 0.037777777777777785 0.03888888888888888 0.04222222222222219 0.0374074074074074 0.03666666666666666 0.04148148148148149 0.04259259259259256 0.04666666666666664 0.03629629629629628 0.03666666666666665 0.035185185185185174
0.039814814814814754 0.04012345679012339 0.04506172839506168 0.0459876543209876 0.03395061728395055 0.047839506172839455 0.04413580246913574 0.03518518518518511 0.03456790123456784 0.029629629629629575 0.047530864197530796 0.02962962962962957 0.039814814814814775 0.04290123456790118 0.03734567901234563 0.03240740740740735 0.04444444444444439 0.03148148148148142 0.03765432098765427 0.049074074074074006 0.041358024691357964 0.04135802469135795 0.03209876543209871 0.03611111111111105 0.06049382716049376
0.03734567901234563 0.041049382716049305 0.055864197530864135 0.03888888888888884 0.035802469135802414 0.03456790123456784 0.03734567901234562 0.033024691358024626 0.037037037037036986 0.03333333333333327 0.047839506172839434 0.07006172839506164 0.03641975308641969 0.04351851851851847 0.04043209876543205 0.03148148148148142 0.03734567901234562 0.030246913580246854 0.03703703703703698 0.03271604938271599 0.03395061728395055 0.03333333333333328 0.03302469135802464 0.03827160493827155 0.07006172839506165
0.039743589743589706 0.04059829059829055 0.039316239316239274 0.04017094017094013 0.03846153846153842 0.04017094017094013 0.04102564102564099 0.04017094017094012 0.03974358974358971 0.03846153846153842 0.041025641025640984 0.03846153846153842 0.040170940170940146 0.0414529914529914 0.04102564102564098 0.03846153846153842 0.04230769230769229 0.038888888888888855 0.03931623931623929 0.04273504273504271 0.041452991452991424 0.039316239316239274 0.03846153846153842 0.040598290598290565 0.03846153846153842
0.04826388888888889 0.03784722222222222 0.034027777777777775 0.0375 0.04097222222222222 0.03923611111111111 0.03854166666666667 0.046875 0.04027777777777778 0.03263888888888889 0.03715277777777778 0.033680555555555554 0.04861111111111111 0.03923611111111111 0.0375 0.05138888888888889 0.03993055555555555 0.041666666666666664 0.03854166666666667 0.0375 0.04131944444444444 0.04583333333333333 0.0375 0.04027777777777778 0.033680555555555554
0.037398373983739866 0.04037940379403797 0.030894308943089453 0.039566395663956665 0.040921409214092166 0.03685636856368566 0.03929539295392956 0.04308943089430898 0.03739837398373986 0.029268292682926852 0.036043360433604364 0.02899728997289975 0.03848238482384826 0.039837398373983764 0.03712737127371276 0.02981029810298105 0.04200542005420057 0.032791327913279156 0.03387533875338755 0.04146341463414637 0.04308943089430897 0.036043360433604364 0.11544715447154472 0.03902439024390247 0.030894308943089453
0.04722222222222222 0.03819444444444445 0.03958333333333333 0.04375 0.043055555555555555 0.04131944444444444 0.03993055555555555 0.041666666666666664 0.03854166666666667 0.034722222222222224 0.041666666666666664 0.036458333333333336 0.04548611111111111 0.03958333333333333 0.0375 0.036458333333333336 0.04131944444444444 0.03611111111111111 0.03993055555555555 0.0375 0.04131944444444444 0.040625 0.03715277777777778 0.04548611111111111 0.035416666666666666
0.04836601307189539 0.037037037037037 0.027668845315904116 0.03965141612200432 0.04684095860566444 0.033333333333333305 0.03638344226579518 0.045969498910675324 0.04117647058823526 0.025490196078431355 0.03485838779956424 0.029193899782135043 0.04880174291938994 0.04684095860566444 0.04270152505446619 0.047058823529411715 0.04575163398692807 0.03551198257080606 0.03616557734204789 0.04466230936819169 0.0444444444444444 0.04596949891067534 0.04531590413943352 0.042919389978213464 0.02788671023965138
0.04141414141414138 0.043097643097643065 0.03872053872053869 0.03569023569023566 0.047138047138047104 0.042087542087542056 0.03939393939393937 0.041750841750841726 0.04141414141414138 0.03838383838383835 0.03703703703703701 0.03905723905723903 0.039057239057239033 0.03771043771043768 0.04309764309764307 0.03703703703703701 0.034006734006733985 0.03771043771043768 0.04141414141414138 0.04175084175084172 0.04141414141414138 0.03771043771043769 0.03804713804713802 0.05016835016835013 0.03569023569023566
0.04410774410774408 0.04276094276094273 0.037037037037037014 0.037373737373737344 0.04579124579124576 0.04040404040404038 0.04309764309764307 0.04175084175084172 0.044107744107744075 0.034343434343434315 0.034343434343434315 0.03400673400673398 0.0424242424242424 0.0424242424242424 0.03939393939393936 0.03468013468013465 0.03804713804713802 0.036363636363636334 0.043771043771043745 0.0434343434343434 0.040067340067340036 0.03905723905723903 0.047138047138047104 0.04006734006734004 0.03400673400673398
0.038562091503267906 0.04052287581699338 0.037254901960784244 0.03888888888888881 0.03856209150326791 0.046405228758169846 0.04575163398692804 0.04084967320261431 0.037254901960784244 0.03431372549019602 0.0424836601307189 0.03692810457516333 0.04084967320261433 0.043790849673202535 0.042810457516339794 0.03431372549019601 0.040522875816993396 0.03366013071895419 0.03888888888888883 0.045424836601307125 0.04999999999999993 0.039542483660130655 0.03594771241830059 0.04150326797385614 0.03496732026143785
0.04063492063492058 0.036190476190476134 0.03333333333333328 0.0412698412698412 0.04634920634920627 0.03841269841269834 0.03396825396825391 0.042222222222222154 0.041587301587301534 0.03238095238095232 0.03492063492063486 0.03301587301587296 0.04825396825396818 0.037142857142857096 0.042857142857142795 0.060634920634920556 0.037777777777777716 0.03936507936507929 0.04253968253968248 0.03904761904761898 0.04571428571428565 0.03873015873015868 0.04285714285714279 0.03746031746031739 0.03333333333333327
0.04032921810699591 0.042386831275720196 0.041975308641975365 0.04156378600823049 0.039917695473251066 0.039094650205761354 0.039917695473251066 0.039506172839506214 0.04074074074074079 0.039094650205761354 0.039917695473251066 0.037860082304526796 0.040329218106995926 0.03950617283950622 0.04238683127572022 0.039506172839506214 0.039506172839506214 0.03909465020576136 0.04032921810699591 0.03868312757201651 0.04032921810699595 0.03991769547325108 0.03827160493827164 0.04156378600823049 0.038271604938271635
0.0367521367521367 0.03589743589743585 0.03333333333333328 0.031339031339031286 0.03475783475783472 0.03561253561253556 0.03532763532763528 0.032763532763532714 0.08860398860398855 0.03076923076923072 0.03789173789173786 0.032193732193732144 0.04159544159544155 0.04216524216524212 0.0829059829059829 0.036182336182336135 0.03789173789173784 0.02849002849002845 0.03903133903133897 0.03732193732193727 0.04216524216524212 0.04871794871794867 0.03048433048433043 0.03532763532763527 0.032478632478632426
0.04014336917562721 0.03763440860215051 0.03763440860215051 0.03978494623655911 0.03870967741935481 0.03512544802867381 0.041218637992831514 0.03691756272401431 0.037275985663082406 0.037275985663082406 0.03799283154121861 0.08781362007168451 0.03835125448028671 0.03763440860215051 0.03620071684587811 0.03548387096774191 0.03620071684587811 0.03835125448028671 0.03870967741935481 0.03942652329749101 0.037992831541218616 0.03906810035842291 0.03763440860215051 0.03870967741935481 0.03870967741935481
0.03908045977011491 0.04061302681992333 0.038314176245210683 0.04022988505747122 0.04214559386973178 0.03754789272030649 0.038697318007662795 0.03601532567049804 0.03793103448275858 0.037547892720306474 0.03908045977011491 0.04099616858237545 0.039463601532567005 0.03869731800766279 0.03984674329501912 0.03946360153256701 0.03946360153256701 0.039463601532567005 0.04099616858237543 0.038697318007662775 0.04176245210727963 0.03908045977011491 0.05249042145593865 0.044061302681992286 0.038314176245210683
0.0488425925925926 0.040972222222222236 0.03263888888888892 0.046759259259259264 0.03726851851851853 0.03842592592592595 0.0574074074074074 0.05208333333333334 0.038425925925925954 0.03425925925925927 0.03842592592592594 0.03171296296296297 0.046527777777777786 0.042592592592592626 0.034259259259259274 0.031481481481481485 0.04375000000000001 0.02939814814814816 0.03263888888888891 0.044675925925925945 0.03958333333333333 0.0388888888888889 0.03726851851851851 0.05023148148148151 0.0314814814814815
0.05116959064327484 0.04005847953216375 0.03450292397660816 0.03976608187134501 0.044444444444444405 0.0394736842105263 0.04122807017543858 0.04970760233918125 0.04122807017543857 0.02982456140350875 0.03304093567251463 0.03187134502923973 0.05584795321637423 0.0391812865497076 0.039766081871345 0.03976608187134501 0.04005847953216374 0.02894736842105262 0.037719298245614014 0.04269005847953215 0.04824561403508767 0.038596491228070164 0.042105263157894736 0.041812865497076 0.028947368421052624
0.04005847953216372 0.03713450292397659 0.05233918128654966 0.04853801169590643 0.03684210526315788 0.04678362573099415 0.03918128654970759 0.03596491228070173 0.03625730994152044 0.029824561403508774 0.05380116959064322 0.028654970760233912 0.0394736842105263 0.03859649122807015 0.035087719298245605 0.03216374269005848 0.044736842105263096 0.029239766081871347 0.033040935672514614 0.037134502923976576 0.03713450292397657 0.037134502923976576 0.02982456140350876 0.04678362573099412 0.07426900584795318
0.03753753753753757 0.041141141141141174 0.03543543543543546 0.03543543543543543 0.04024024024024028 0.04654654654654656 0.037537537537537545 0.036336336336336365 0.038138138138138156 0.030030030030030058 0.036036036036036063 0.09099099099099094 0.039039039039039054 0.040840840840840865 0.037237237237237264 0.033633633633633656 0.039939939939939974 0.03273273273273277 0.037837837837837875 0.036636636636636674 0.03963963963963967 0.04384384384384391 0.04504504504504508 0.036936936936936976 0.031231231231231248
0.03138888888888885 0.0419444444444444 0.07555555555555558 0.04638888888888885 0.03916666666666661 0.05666666666666667 0.03999999999999997 0.03194444444444441 0.0344444444444444 0.028888888888888846 0.05333333333333333 0.027777777777777738 0.033333333333333284 0.03944444444444442 0.03277777777777773 0.0333333333333333 0.04472222222222218 0.031111111111111065 0.031944444444444414 0.03861111111111107 0.03833333333333327 0.03888888888888883 0.029999999999999957 0.039166666666666614 0.06083333333333335
0.03928571428571426 0.04126984126984124 0.03928571428571428 0.03928571428571424 0.044047619047619044 0.038888888888888855 0.03849206349206347 0.042857142857142816 0.04126984126984127 0.03611111111111109 0.040476190476190464 0.03730158730158728 0.03888888888888886 0.03968253968253966 0.04246031746031742 0.041666666666666644 0.03968253968253967 0.03849206349206345 0.04206349206349203 0.03809523809523808 0.042063492063492046 0.03928571428571425 0.03928571428571426 0.04166666666666666 0.03809523809523807
0.04166666666666665 0.04126984126984126 0.04007936507936505 0.03968253968253966 0.041269841269841234 0.04087301587301583 0.03809523809523808 0.042063492063492025 0.038888888888888855 0.03888888888888886 0.03809523809523806 0.03809523809523807 0.043253968253968246 0.04047619047619046 0.038492063492063466 0.03928571428571427 0.04246031746031745 0.038095238095238064 0.039682539682539666 0.03888888888888886 0.04206349206349204 0.04087301587301584 0.03888888888888886 0.041666666666666644 0.036904761904761885
0.0385185185185185 0.04111111111111111 0.04666666666666667 0.04259259259259262 0.03925925925925925 0.04074074074074074 0.03999999999999998 0.03888888888888886 0.03814814814814813 0.03888888888888888 0.04629629629629625 0.03666666666666667 0.038888888888888876 0.04000000000000001 0.03962962962962962 0.037777777777777764 0.038148148148148146 0.0348148148148148 0.04111111111111112 0.039259259259259265 0.039999999999999994 0.03925925925925925 0.038888888888888896 0.03962962962962961 0.04481481481481482
0.04874551971326162 0.04193548387096771 0.03548387096774191 0.03835125448028671 0.04695340501792111 0.04086021505376341 0.04050179211469531 0.04587813620071682 0.045161290322580615 0.03369175627240141 0.03548387096774191 0.03548387096774191 0.04121863799283151 0.03763440860215051 0.045161290322580615 0.03870967741935481 0.03870967741935481 0.03512544802867381 0.03835125448028671 0.03906810035842291 0.04157706093189961 0.03906810035842291 0.03691756272401431 0.04551971326164871 0.03440860215053761
0.03793103448275858 0.039463601532567005 0.04444444444444441 0.04444444444444443 0.03716475095785436 0.03984674329501911 0.03984674329501911 0.038697318007662795 0.03793103448275858 0.03601532567049804 0.04789272030651333 0.03639846743295015 0.03793103448275858 0.043678160919540195 0.03754789272030647 0.03716475095785436 0.03754789272030646 0.036398467432950166 0.03908045977011492 0.03754789272030645 0.03793103448275857 0.03639846743295015 0.038314176245210683 0.03601532567049804 0.06436781609195398
0.03869731800766279 0.042145593869731754 0.036781609195402264 0.04099616858237542 0.039463601532567005 0.041379310344827516 0.04214559386973176 0.039463601532567 0.040229885057471215 0.03639846743295015 0.04214559386973176 0.037164750957854355 0.04176245210727966 0.04099616858237543 0.04176245210727965 0.03524904214559383 0.042911877394636 0.03793103448275857 0.04176245210727965 0.042528735632183866 0.04329501915708809 0.03793103448275858 0.04061302681992334 0.03984674329501912 0.03639846743295016
0.043253968253968246 0.04166666666666663 0.05317460317460317 0.03849206349206347 0.03769841269841266 0.03888888888888886 0.038095238095238085 0.042857142857142816 0.03968253968253966 0.036904761904761885 0.036904761904761885 0.03650793650793648 0.04206349206349206 0.037698412698412676 0.04007936507936506 0.037698412698412676 0.04285714285714285 0.03611111111111109 0.03809523809523807 0.03849206349206345 0.038492063492063466 0.04285714285714282 0.038095238095238064 0.03849206349206348 0.04484126984126984
0.04022988505747122 0.04674329501915705 0.03678160919540226 0.038314176245210683 0.04252873563218386 0.04099616858237542 0.04022988505747122 0.04061302681992334 0.04137931034482756 0.03601532567049804 0.03984674329501912 0.03869731800766281 0.04022988505747122 0.04022988505747122 0.038314176245210683 0.03869731800766278 0.04252873563218388 0.03946360153256703 0.04137931034482756 0.04137931034482754 0.04099616858237544 0.038697318007662775 0.04022988505747122 0.0398467432950191 0.03563218390804594
0.039629629629629605 0.039259259259259265 0.03703703703703703 0.040740740740740716 0.04555555555555557 0.04148148148148145 0.03888888888888889 0.04259259259259258 0.04407407407407409 0.03444444444444444 0.04074074074074075 0.03518518518518518 0.03888888888888889 0.03999999999999999 0.04629629629629626 0.03666666666666667 0.041111111111111105 0.03444444444444443 0.03962962962962961 0.039999999999999994 0.043703703703703724 0.042222222222222223 0.038888888888888876 0.04148148148148148 0.03703703703703702
0.041310541310541266 0.042450142450142406 0.039316239316239274 0.04017094017094012 0.04017094017094012 0.04358974358974353 0.04216524216524212 0.040170940170940125 0.04358974358974353 0.034188034188034136 0.044444444444444405 0.030769230769230722 0.04017094017094014 0.04074074074074068 0.04786324786324782 0.033618233618233566 0.04102564102564097 0.03504273504273498 0.038746438746438704 0.044444444444444384 0.041595441595441554 0.03931623931623927 0.03732193732193729 0.0444444444444444 0.03333333333333328
0.039793281653746806 0.03953488372093027 0.03023255813953492 0.03824289405684758 0.03565891472868221 0.043152454780361796 0.03798449612403105 0.038759689922480654 0.03617571059431528 0.08113695090439285 0.03746770025839796 0.04987080103359178 0.03798449612403105 0.041343669250646045 0.040568475452196426 0.03540051679586568 0.041343669250646024 0.03178294573643414 0.03772609819121451 0.04625322997416025 0.04186046511627912 0.03488372093023259 0.03488372093023259 0.03695090439276489 0.03100775193798453
0.039542483660130655 0.043790849673202556 0.03300653594771235 0.04379084967320255 0.035620915032679674 0.04477124183006528 0.03790849673202607 0.04215686274509797 0.037908496732026085 0.032352941176470515 0.03986928104575157 0.03300653594771235 0.03790849673202607 0.04803921568627445 0.05228758169934631 0.036601307189542416 0.046078431372548946 0.03431372549019602 0.039869281045751555 0.041830065359477066 0.03790849673202608 0.0428104575163398 0.038235294117646985 0.04379084967320254 0.036601307189542416
0.04579124579124576 0.04309764309764307 0.03333333333333331 0.03905723905723903 0.04141414141414139 0.0424242424242424 0.04040404040404037 0.0434343434343434 0.041750841750841726 0.03501683501683499 0.03939393939393936 0.035353535353535324 0.04309764309764307 0.03771043771043768 0.04040404040404037 0.03501683501683499 0.04612794612794611 0.036363636363636334 0.0397306397306397 0.04040404040404038 0.040067340067340036 0.03939393939393936 0.040740740740740716 0.04242424242424239 0.03804713804713802
0.038492063492063466 0.03928571428571426 0.037301587301587266 0.038492063492063466 0.04563492063492064 0.03849206349206347 0.03928571428571427 0.04126984126984127 0.03968253968253964 0.03730158730158728 0.03730158730158728 0.038492063492063466 0.03928571428571426 0.039682539682539666 0.0432539682539682 0.048809523809523796 0.038888888888888876 0.04484126984126982 0.04206349206349202 0.03650793650793648 0.03809523809523807 0.039682539682539666 0.03611111111111109 0.04444444444444445 0.03730158730158729
0.03991769547325108 0.0386831275720165 0.03909465020576136 0.03786008230452679 0.04279835390946507 0.037860082304526796 0.03909465020576137 0.03909465020576135 0.03950617283950622 0.03703703703703708 0.039506172839506214 0.03703703703703708 0.03827160493827165 0.03827160493827165 0.03827160493827165 0.05226337448559673 0.039094650205761354 0.04855967078189306 0.044444444444444495 0.03950617283950621 0.0386831275720165 0.03909465020576135 0.038683127572016494 0.03950617283950621 0.03786008230452678
0.041666666666666616 0.04166666666666661 0.03487654320987649 0.04074074074074068 0.03827160493827156 0.04413580246913573 0.041666666666666616 0.04074074074074068 0.04104938271604932 0.03395061728395055 0.03919753086419748 0.03611111111111105 0.0416666666666666 0.0453703703703703 0.04135802469135797 0.0364197530864197 0.04444444444444438 0.03765432098765427 0.03858024691358019 0.042592592592592536 0.0416666666666666 0.03858024691358019 0.037962962962962914 0.03950617283950611 0.04012345679012339
0.07481481481481474 0.030555555555555537 0.03925925925925921 0.050185185185185145 0.028333333333333318 0.03499999999999997 0.10462962962962966 0.07277777777777776 0.03611111111111107 0.023703703703703692 0.03425925925925924 0.02499999999999999 0.048148148148148134 0.030555555555555544 0.025370370370370356 0.022407407407407397 0.032037037037037024 0.025555555555555543 0.03648148148148145 0.027592592592592564 0.02981481481481481 0.03370370370370368 0.02722222222222222 0.07962962962962958 0.026851851851851842
0.03928571428571426 0.04126984126984125 0.03690476190476188 0.040079365079365055 0.037301587301587294 0.04047619047619044 0.04047619047619044 0.03968253968253966 0.04444444444444441 0.038888888888888855 0.04047619047619046 0.03769841269841268 0.03968253968253965 0.040079365079365055 0.038888888888888876 0.03928571428571427 0.04087301587301586 0.039682539682539666 0.03888888888888886 0.03928571428571424 0.04285714285714285 0.041269841269841234 0.04126984126984123 0.04087301587301586 0.040079365079365055
