0.06419753086419762 0.07119341563786012 0.04773662551440336 0.07037037037037043 0.06543209876543216 0.0732510288065844 0.06337448559670787 0.07119341563786011 0.07983539094650213 0.0650205761316873 0.0674897119341564 0.06090534979423877 0.06502057613168728 0.0827160493827161 0.052263374485596745
0.07279693486590035 0.07394636015325669 0.04712643678160917 0.07203065134099612 0.07164750957854403 0.08735632183908043 0.06015325670498076 0.07586206896551724 0.06590038314176241 0.06819923371647504 0.06398467432950188 0.05938697318007656 0.0551724137931034 0.0770114942528735 0.04942528735632179
0.06629629629629627 0.06481481481481478 0.13370370370370357 0.07037037037037033 0.06296296296296294 0.056296296296296296 0.06111111111111108 0.06999999999999997 0.05777777777777776 0.08740740740740738 0.059259259259259234 0.05074074074074072 0.047777777777777766 0.06666666666666667 0.04481481481481479
0.06880341880341875 0.07008547008547003 0.04444444444444439 0.05769230769230765 0.07863247863247855 0.07735042735042731 0.0743589743589743 0.07008547008547 0.06452991452991445 0.05726495726495722 0.07008547008547002 0.05940170940170936 0.0901709401709401 0.07136752136752131 0.04572649572649569
0.0666666666666666 0.058888888888888796 0.0549999999999999 0.0688888888888888 0.0638888888888888 0.06555555555555546 0.07333333333333325 0.06722222222222213 0.06499999999999989 0.06111111111111103 0.07166666666666657 0.06444444444444436 0.07555555555555547 0.09055555555555549 0.052222222222222135
0.07685185185185188 0.07222222222222227 0.05092592592592592 0.062962962962963 0.06944444444444448 0.087962962962963 0.0689814814814815 0.07777777777777779 0.08055555555555556 0.06018518518518521 0.06805555555555554 0.05416666666666667 0.05694444444444446 0.06157407407407409 0.0513888888888889
0.06923076923076918 0.06837606837606831 0.05341880341880339 0.06709401709401702 0.06752136752136746 0.07521367521367515 0.0632478632478632 0.07606837606837602 0.07350427350427347 0.0683760683760683 0.06752136752136745 0.0602564102564102 0.05940170940170935 0.07606837606837602 0.054700854700854645
0.06774193548387093 0.07240143369175622 0.04014336917562721 0.05161290322580642 0.06200716845878132 0.06881720430107521 0.060215053763440815 0.07240143369175622 0.07168458781362001 0.061648745519713215 0.058781362007168415 0.1630824372759858 0.05017921146953402 0.05627240143369173 0.04301075268817201
0.07525252525252533 0.06919191919191928 0.05101010101010104 0.07373737373737381 0.06969696969696976 0.06919191919191925 0.06060606060606066 0.07777777777777782 0.0656565656565657 0.06666666666666672 0.06565656565656573 0.056565656565656604 0.07020202020202028 0.06969696969696976 0.059090909090909145
0.06560846560846555 0.07037037037037029 0.05449735449735442 0.06666666666666658 0.06455026455026448 0.0687830687830687 0.06455026455026446 0.0687830687830687 0.06349206349206339 0.06296296296296289 0.06560846560846552 0.06243386243386234 0.05608465608465599 0.06243386243386236 0.10317460317460309
0.07192982456140345 0.07602339181286538 0.03362573099415204 0.06520467836257304 0.06549707602339176 0.10087719298245612 0.06081871345029236 0.0792397660818713 0.085672514619883 0.0643274853801169 0.06637426900584792 0.061695906432748485 0.05204678362573097 0.06812865497076016 0.04853801169590641
0.07126436781609193 0.06398467432950188 0.05363984674329496 0.06819923371647507 0.0674329501915708 0.07701149425287351 0.06436781609195398 0.0701149425287356 0.08045977011494249 0.06704980842911874 0.07241379310344821 0.06704980842911873 0.060919540229884994 0.06398467432950186 0.052107279693486545
0.07020202020202027 0.07727272727272735 0.052020202020202036 0.06616161616161621 0.07171717171717178 0.08939393939393948 0.06212121212121218 0.0747474747474748 0.07777777777777782 0.06262626262626265 0.06262626262626267 0.058080808080808136 0.05707070707070713 0.06565656565656572 0.052525252525252544
0.06666666666666662 0.06560846560846555 0.048677248677248604 0.07407407407407401 0.06507936507936497 0.06349206349206342 0.07777777777777772 0.06666666666666658 0.06243386243386235 0.07195767195767187 0.07195767195767187 0.06825396825396816 0.05132275132275125 0.09153439153439144 0.05449735449735442
0.06432748538011689 0.06315789473684205 0.057309941520467825 0.06842105263157892 0.07192982456140348 0.0695906432748538 0.06842105263157895 0.06783625730994147 0.06257309941520464 0.06725146198830406 0.07660818713450292 0.0567251461988304 0.08011695906432748 0.07076023391812863 0.054970760233918115
0.05679012345679002 0.05617283950617273 0.20679012345678977 0.05679012345679001 0.05617283950617273 0.05555555555555545 0.05617283950617273 0.05679012345679001 0.05679012345679002 0.061111111111110984 0.05617283950617273 0.05555555555555545 0.05617283950617273 0.05617283950617273 0.05679012345679001
0.06611111111111101 0.05833333333333325 0.07888888888888883 0.06666666666666658 0.06944444444444436 0.061666666666666585 0.07166666666666657 0.0677777777777777 0.06333333333333324 0.07166666666666656 0.0627777777777777 0.05611111111111104 0.08222222222222211 0.06388888888888879 0.05944444444444437
0.05906432748538005 0.06023391812865494 0.142690058479532 0.0654970760233918 0.05964912280701754 0.0590643274853801 0.059064327485380076 0.06081871345029237 0.06315789473684211 0.07836257309941513 0.06023391812865496 0.05555555555555555 0.055555555555555566 0.0660818713450292 0.054970760233918115
0.06611111111111102 0.06111111111111104 0.05444444444444436 0.06944444444444438 0.06777777777777769 0.06277777777777767 0.0666666666666666 0.05833333333333324 0.0649999999999999 0.06722222222222214 0.06666666666666655 0.06055555555555548 0.06055555555555547 0.07166666666666657 0.10166666666666663
0.05497076023391814 0.057309941520467846 0.18947368421052638 0.05555555555555554 0.05672514619883039 0.057309941520467804 0.05730994152046782 0.05789473684210524 0.06081871345029239 0.0690058479532163 0.05906432748538009 0.057309941520467804 0.05497076023391812 0.057894736842105284 0.0543859649122807
0.054545454545454584 0.05606060606060608 0.04848484848484848 0.0631313131313132 0.0560606060606061 0.06262626262626268 0.06414141414141422 0.06161616161616164 0.06010101010101016 0.06161616161616166 0.05909090909090911 0.17777777777777776 0.057070707070707126 0.06616161616161621 0.05151515151515154
0.05218855218855215 0.05117845117845114 0.04040404040404038 0.051515151515151486 0.05016835016835013 0.05589225589225586 0.056902356902356864 0.053535353535353505 0.05892255892255889 0.05319865319865316 0.057912457912457874 0.04208754208754206 0.0424242424242424 0.0434343434343434 0.2902356902356903
0.0797979797979799 0.06818181818181827 0.05000000000000001 0.06515151515151524 0.0762626262626263 0.08030303030303039 0.05909090909090915 0.07070707070707077 0.07474747474747484 0.0641414141414142 0.0656565656565657 0.06565656565656572 0.05808080808080812 0.06868686868686875 0.053535353535353554
0.058680555555555555 0.05347222222222222 0.03888888888888889 0.06354166666666666 0.053125 0.05625 0.07083333333333333 0.05590277777777778 0.05486111111111111 0.04722222222222222 0.07048611111111111 0.16215277777777778 0.09583333333333334 0.07013888888888889 0.04861111111111111
0.0742690058479532 0.07076023391812865 0.05497076023391812 0.06374269005847949 0.07602339181286549 0.07953216374268998 0.06432748538011691 0.06491228070175437 0.06842105263157892 0.058479532163742694 0.0654970760233918 0.06374269005847953 0.059064327485380076 0.07836257309941515 0.05789473684210525
0.07246376811594213 0.07198067632850251 0.05507246376811603 0.05942028985507256 0.07101449275362327 0.08115942028985515 0.06666666666666678 0.07198067632850248 0.06376811594202907 0.06280193236714984 0.07004830917874405 0.061352657004831 0.07246376811594213 0.060386473429951765 0.05942028985507256
0.058237547892720266 0.059386973180076574 0.043295019157088076 0.064367816091954 0.05747126436781604 0.059386973180076554 0.057088122605363965 0.06590038314176241 0.07547892720306512 0.05363984674329498 0.06245210727969345 0.05172413793103444 0.0712643678160919 0.0659003831417624 0.15440613026819933
0.06266666666666672 0.07555555555555561 0.05288888888888892 0.06888888888888893 0.062222222222222255 0.06622222222222227 0.07422222222222227 0.06666666666666671 0.06977777777777781 0.06888888888888894 0.06800000000000005 0.08577777777777783 0.054666666666666704 0.07066666666666672 0.05288888888888892
0.07453703703703704 0.07268518518518521 0.04768518518518516 0.06388888888888888 0.07407407407407408 0.08750000000000006 0.06990740740740745 0.06574074074074081 0.08240740740740742 0.06574074074074077 0.06851851851851853 0.05833333333333331 0.04953703703703701 0.06064814814814817 0.05879629629629631
0.07611111111111103 0.07722222222222208 0.054999999999999924 0.061666666666666564 0.06833333333333323 0.07388888888888881 0.0666666666666666 0.06333333333333324 0.07166666666666659 0.06333333333333326 0.07222222222222212 0.061111111111111005 0.06944444444444438 0.06333333333333326 0.056666666666666574
0.0590643274853801 0.06315789473684211 0.1403508771929823 0.06432748538011691 0.06666666666666662 0.06315789473684208 0.06491228070175437 0.058479532163742694 0.05847953216374267 0.07134502923976602 0.0614035087719298 0.056725146198830394 0.05555555555555557 0.06198830409356724 0.0543859649122807
0.06549707602339176 0.06198830409356721 0.07836257309941522 0.06842105263157892 0.06257309941520463 0.0701754385964912 0.06257309941520466 0.06140350877192982 0.06783625730994146 0.0760233918128654 0.06608187134502919 0.05964912280701752 0.05614035087719297 0.06432748538011693 0.07894736842105267
0.0699999999999999 0.06499999999999992 0.08333333333333327 0.06944444444444435 0.07333333333333324 0.06722222222222213 0.06722222222222213 0.06666666666666658 0.06666666666666657 0.08444444444444431 0.057222222222222126 0.05833333333333325 0.057222222222222126 0.058888888888888796 0.05499999999999991
0.07251461988304089 0.07251461988304092 0.05380116959064329 0.06842105263157892 0.06900584795321635 0.0730994152046783 0.06725146198830406 0.061988304093567224 0.07076023391812863 0.06666666666666662 0.06549707602339178 0.0654970760233918 0.05789473684210523 0.06900584795321633 0.06608187134502921
0.05847953216374269 0.059649122807017514 0.19415204678362577 0.05730994152046782 0.0567251461988304 0.05497076023391813 0.0573099415204678 0.05789473684210523 0.05964912280701752 0.06432748538011693 0.057309941520467825 0.055555555555555546 0.05380116959064327 0.05789473684210525 0.05497076023391812
0.05925925925925918 0.06772486772486765 0.07248677248677238 0.06243386243386234 0.07142857142857136 0.06190476190476183 0.06931216931216924 0.06984126984126972 0.06296296296296287 0.06084656084656078 0.07089947089947081 0.06455026455026446 0.08042328042328034 0.06931216931216921 0.05661375661375654
0.06296296296296289 0.07037037037037029 0.05449735449735442 0.06455026455026448 0.06825396825396819 0.07142857142857137 0.07513227513227504 0.06825396825396816 0.06825396825396815 0.06560846560846552 0.07407407407407397 0.06878306878306871 0.0613756613756613 0.06455026455026446 0.061904761904761844
0.06262626262626265 0.06060606060606067 0.05151515151515154 0.06262626262626272 0.06161616161616167 0.06363636363636369 0.06767676767676771 0.06868686868686881 0.06868686868686875 0.05555555555555561 0.06414141414141424 0.053535353535353554 0.07272727272727278 0.06969696969696976 0.11666666666666664
0.08159722222222222 0.08576388888888889 0.04583333333333333 0.06909722222222223 0.07083333333333333 0.08541666666666667 0.06736111111111111 0.078125 0.08055555555555556 0.0625 0.065625 0.05277777777777778 0.044097222222222225 0.06111111111111111 0.049305555555555554
0.06928104575163387 0.06862745098039202 0.06405228758169922 0.0679738562091502 0.0640522875816992 0.07124183006535934 0.0679738562091502 0.06797385620915018 0.0640522875816992 0.0660130718954247 0.06535947712418289 0.06601307189542473 0.06405228758169923 0.06666666666666653 0.06666666666666653
0.07555555555555561 0.0755555555555556 0.04844444444444447 0.06711111111111115 0.08088888888888895 0.08622222222222228 0.06222222222222227 0.06666666666666671 0.09200000000000005 0.06133333333333338 0.05866666666666671 0.05422222222222226 0.05155555555555559 0.06622222222222227 0.05333333333333337
0.05893719806763295 0.05507246376811604 0.13188405797101452 0.05700483091787445 0.05120772946859911 0.05458937198067641 0.05265700483091796 0.054106280193236794 0.056521739130434866 0.06376811594202911 0.058454106280193326 0.15217391304347827 0.05072463768115952 0.055555555555555636 0.0473429951690822
0.065079365079365 0.0682539682539682 0.059259259259259164 0.07513227513227505 0.07354497354497345 0.06613756613756606 0.06772486772486766 0.06507936507936497 0.06560846560846552 0.06984126984126976 0.07037037037037029 0.058730158730158646 0.05502645502645498 0.08148148148148136 0.05873015873015868
0.06388888888888891 0.06712962962962968 0.05324074074074076 0.07592592592592594 0.07222222222222228 0.06759259259259262 0.06990740740740743 0.07083333333333333 0.06851851851851853 0.07731481481481484 0.06851851851851855 0.06435185185185185 0.05509259259259259 0.0675925925925926 0.057870370370370405
0.06161616161616168 0.06464646464646474 0.052525252525252544 0.06212121212121217 0.06666666666666672 0.06565656565656569 0.06767676767676774 0.0732323232323233 0.06515151515151521 0.06262626262626267 0.06919191919191925 0.11010101010101017 0.05858585858585862 0.06565656565656572 0.054545454545454584
0.06777777777777769 0.0677777777777777 0.055555555555555455 0.06388888888888879 0.06555555555555546 0.06777777777777769 0.06777777777777767 0.06777777777777771 0.06888888888888875 0.06833333333333325 0.06333333333333324 0.07499999999999989 0.07333333333333324 0.06444444444444436 0.0627777777777777
0.07076023391812862 0.06491228070175435 0.0608187134502924 0.0707602339181286 0.06666666666666662 0.06491228070175435 0.06491228070175435 0.06198830409356726 0.07076023391812865 0.07485380116959064 0.07134502923976606 0.0678362573099415 0.06315789473684207 0.06491228070175434 0.06140350877192982
0.05873015873015869 0.0595238095238095 0.11388888888888885 0.055555555555555525 0.0591269841269841 0.0587301587301587 0.06785714285714277 0.057539682539682495 0.05436507936507933 0.05793650793650791 0.05595238095238094 0.14960317460317463 0.04563492063492061 0.05952380952380947 0.04603174603174601
0.06666666666666655 0.06666666666666654 0.06049382716049371 0.06543209876543198 0.06234567901234556 0.06234567901234556 0.06728395061728382 0.06604938271604927 0.05987654320987644 0.06728395061728384 0.07160493827160483 0.07037037037037026 0.08456790123456777 0.06851851851851837 0.06049382716049373
0.0660130718954247 0.06535947712418289 0.06405228758169922 0.06535947712418286 0.06601307189542469 0.0660130718954247 0.06928104575163387 0.06797385620915021 0.06797385620915018 0.06862745098039202 0.06535947712418287 0.06666666666666653 0.06928104575163384 0.06601307189542471 0.06601307189542471
0.05175438596491224 0.05292397660818711 0.0614035087719298 0.05058479532163739 0.04824561403508769 0.047953216374269005 0.058771929824561385 0.05233918128654968 0.04532163742690057 0.052339181286549664 0.054678362573099354 0.053216374269005814 0.2821637426900585 0.05292397660818711 0.035380116959064324
0.04404761904761904 0.04325396825396823 0.038492063492063466 0.04444444444444441 0.04206349206349203 0.042857142857142816 0.04563492063492061 0.04404761904761904 0.041666666666666616 0.04206349206349204 0.04285714285714284 0.038492063492063466 0.3345238095238099 0.043650793650793634 0.11190476190476184
0.06728395061728383 0.06975308641975296 0.061728395061728274 0.06666666666666655 0.07037037037037026 0.06790123456790112 0.0679012345679011 0.07469135802469123 0.06543209876543199 0.06419753086419742 0.06419753086419741 0.06296296296296283 0.06419753086419741 0.06975308641975296 0.06296296296296286
0.06257309941520466 0.061403508771929814 0.05847953216374269 0.06842105263157892 0.06432748538011694 0.0649122807017544 0.06491228070175435 0.06608187134502921 0.06666666666666665 0.061988304093567224 0.06023391812865496 0.06081871345029235 0.061403508771929814 0.061403508771929835 0.11637426900584782
0.06419753086419742 0.06543209876543199 0.05987654320987644 0.06975308641975296 0.06296296296296285 0.06172839506172827 0.06851851851851837 0.07037037037037024 0.061111111111111005 0.061728395061728294 0.06481481481481471 0.06296296296296283 0.07962962962962951 0.06975308641975296 0.07716049382716039
0.06177777777777782 0.07288888888888895 0.04888888888888892 0.06488888888888893 0.06088888888888892 0.06577777777777781 0.06577777777777782 0.07244444444444449 0.061333333333333365 0.0635555555555556 0.06177777777777781 0.05422222222222225 0.09511111111111117 0.06400000000000004 0.08666666666666673
0.0464285714285714 0.05039682539682538 0.03928571428571427 0.04365079365079363 0.04246031746031745 0.04920634920634918 0.04444444444444441 0.04285714285714283 0.044047619047619 0.048809523809523796 0.046825396825396805 0.04682539682539682 0.3146825396825397 0.04563492063492061 0.09444444444444439
0.07870370370370373 0.06944444444444446 0.08981481481481478 0.06203703703703704 0.06250000000000006 0.06574074074074068 0.07175925925925929 0.06342592592592593 0.06342592592592597 0.06296296296296297 0.06388888888888886 0.08379629629629629 0.050462962962962946 0.061574074074074066 0.05046296296296292
0.06597222222222222 0.06597222222222222 0.06319444444444444 0.06388888888888888 0.0625 0.06736111111111111 0.06527777777777778 0.06944444444444445 0.06597222222222222 0.06527777777777778 0.06736111111111111 0.06319444444444444 0.06319444444444444 0.06388888888888888 0.0875
0.05092592592592592 0.050462962962962946 0.04259259259259254 0.04537037037037034 0.049537037037037046 0.05185185185185182 0.04583333333333328 0.049537037037037046 0.053240740740740713 0.04629629629629626 0.04999999999999997 0.04907407407407404 0.3249999999999999 0.048148148148148114 0.04212962962962958
0.0614035087719298 0.06491228070175437 0.061988304093567266 0.06374269005847952 0.07017543859649121 0.07426900584795317 0.06959064327485374 0.06608187134502926 0.07602339181286544 0.06842105263157892 0.06666666666666662 0.0654970760233918 0.06549707602339179 0.06432748538011693 0.0614035087719298
0.05600000000000004 0.06177777777777782 0.19155555555555537 0.05866666666666671 0.057333333333333375 0.05911111111111114 0.05244444444444448 0.06088888888888892 0.05511111111111115 0.06800000000000005 0.054666666666666704 0.05022222222222226 0.0466666666666667 0.06400000000000004 0.0635555555555556
0.0647619047619047 0.06507936507936501 0.04095238095238088 0.07111111111111101 0.06412698412698406 0.06444444444444439 0.06444444444444439 0.06793650793650786 0.05650793650793642 0.06571428571428561 0.061587301587301496 0.052063492063491985 0.06285714285714276 0.0698412698412698 0.12857142857142845
0.06759259259259259 0.07453703703703707 0.04814814814814815 0.06527777777777777 0.059259259259259255 0.07500000000000005 0.06851851851851858 0.06944444444444446 0.08333333333333333 0.06157407407407411 0.06990740740740743 0.05740740740740739 0.07731481481481484 0.0685185185185185 0.05416666666666665
0.0574074074074073 0.05925925925925915 0.18703703703703675 0.05617283950617273 0.058024691358024585 0.0574074074074073 0.05617283950617273 0.05925925925925914 0.05864197530864187 0.061111111111110984 0.06049382716049371 0.05925925925925915 0.05740740740740729 0.05555555555555545 0.05679012345679001
0.06198830409356721 0.05672514619883042 0.05555555555555555 0.06432748538011694 0.05730994152046784 0.06257309941520464 0.05847953216374267 0.0672514619883041 0.0637426900584795 0.0596491228070175 0.061988304093567224 0.06257309941520467 0.06198830409356721 0.056725146198830394 0.1491228070175436
0.06777777777777769 0.07333333333333324 0.059999999999999915 0.07166666666666657 0.06833333333333326 0.07277777777777769 0.0766666666666666 0.06388888888888881 0.062222222222222116 0.06444444444444437 0.06333333333333324 0.05777777777777768 0.06333333333333324 0.07444444444444435 0.05999999999999991
0.06274509803921556 0.06535947712418287 0.0614379084967319 0.06013071895424824 0.06666666666666653 0.06470588235294106 0.06274509803921556 0.06535947712418287 0.06405228758169922 0.06274509803921555 0.0640522875816992 0.0614379084967319 0.0640522875816992 0.06470588235294104 0.10980392156862726
0.05037037037037038 0.051481481481481454 0.07962962962962958 0.04703703703703703 0.04592592592592591 0.04999999999999997 0.05185185185185182 0.05296296296296294 0.04925925925925924 0.050740740740740725 0.048518518518518516 0.12407407407407399 0.20333333333333323 0.055925925925925886 0.03888888888888886
0.05761316872427989 0.057201646090535054 0.04032921810699592 0.049794238683127615 0.048148148148148204 0.0592592592592593 0.05761316872427987 0.05514403292181073 0.05432098765432105 0.04897119341563791 0.061316872427983574 0.05679012345679019 0.21563786008230454 0.058024691358024724 0.07983539094650208
0.06470588235294104 0.06928104575163385 0.11176470588235274 0.062091503267973726 0.06209150326797371 0.0614379084967319 0.0614379084967319 0.06601307189542469 0.06013071895424824 0.06535947712418287 0.06405228758169922 0.06274509803921555 0.06209150326797373 0.0640522875816992 0.06274509803921555
0.06601307189542473 0.07058823529411752 0.0640522875816992 0.06666666666666651 0.06797385620915021 0.0660130718954247 0.06470588235294104 0.07124183006535935 0.06993464052287568 0.06535947712418287 0.06862745098039204 0.06013071895424823 0.06339869281045737 0.06928104575163387 0.06601307189542471
0.07192982456140345 0.06549707602339178 0.06198830409356722 0.07076023391812868 0.06666666666666664 0.06666666666666667 0.06725146198830405 0.0637426900584795 0.06725146198830408 0.06842105263157891 0.06491228070175438 0.0660818713450292 0.061403508771929814 0.07251461988304092 0.06491228070175435
0.06790123456790113 0.06913580246913568 0.06234567901234556 0.07037037037037026 0.06543209876543199 0.06543209876543198 0.06728395061728383 0.0685185185185184 0.06728395061728383 0.07222222222222212 0.06666666666666655 0.06358024691358014 0.06234567901234558 0.06481481481481469 0.06666666666666654
0.08999999999999996 0.07999999999999992 0.04518518518518518 0.06259259259259256 0.08259259259259258 0.09666666666666662 0.05851851851851849 0.0596296296296296 0.08259259259259252 0.06185185185185181 0.06259259259259257 0.05888888888888889 0.0474074074074074 0.06666666666666665 0.04481481481481479
0.04975845410628026 0.05748792270531409 0.17922705314009682 0.0608695652173914 0.05700483091787449 0.05265700483091796 0.0647342995169083 0.055555555555555636 0.05265700483091796 0.06231884057971023 0.057487922705314096 0.06570048309178754 0.07681159420289868 0.05845410628019331 0.04927536231884067
0.06388888888888891 0.06157407407407411 0.044444444444444384 0.06851851851851853 0.06481481481481483 0.06342592592592596 0.06296296296296298 0.06250000000000001 0.06018518518518522 0.06481481481481481 0.0643518518518519 0.05648148148148146 0.0703703703703704 0.07175925925925923 0.11990740740740742
0.06797385620915021 0.0679738562091502 0.061437908496731884 0.06928104575163385 0.06732026143790837 0.06209150326797371 0.06928104575163382 0.06797385620915018 0.06862745098039204 0.0614379084967319 0.06535947712418287 0.0679738562091502 0.06797385620915021 0.07058823529411752 0.06470588235294106
0.06851851851851844 0.08412698412698408 0.049470899470899415 0.07619047619047614 0.0769841269841269 0.07248677248677243 0.065079365079365 0.07037037037037032 0.07910052910052903 0.07592592592592587 0.07486772486772476 0.05158730158730154 0.04285714285714283 0.06613756613756606 0.04629629629629626
0.06825396825396816 0.06825396825396818 0.05714285714285705 0.07142857142857134 0.06190476190476181 0.06560846560846555 0.06825396825396815 0.0719576719576719 0.07037037037037028 0.06719576719576713 0.0687830687830687 0.07354497354497345 0.06402116402116394 0.07089947089947082 0.05238095238095229
0.05972222222222225 0.06666666666666672 0.049074074074074055 0.06527777777777782 0.06342592592592597 0.060648148148148166 0.0893518518518519 0.06620370370370371 0.06111111111111112 0.06944444444444445 0.08101851851851855 0.06157407407407409 0.0689814814814815 0.08425925925925924 0.05324074074074073
0.061728395061728274 0.06296296296296285 0.058024691358024585 0.06604938271604925 0.06666666666666655 0.06604938271604927 0.06913580246913567 0.06049382716049371 0.0641975308641974 0.06296296296296286 0.062345679012345556 0.06728395061728387 0.05987654320987644 0.062345679012345556 0.10987654320987639
0.07248677248677242 0.05925925925925918 0.050264550264550185 0.06349206349206342 0.07142857142857136 0.06878306878306871 0.07777777777777772 0.06825396825396814 0.07195767195767185 0.0629629629629629 0.07142857142857136 0.06507936507936501 0.06560846560846552 0.0835978835978835 0.04761904761904755
0.07254901960784299 0.06732026143790837 0.06013071895424823 0.06666666666666654 0.07843137254901945 0.06797385620915017 0.06274509803921555 0.0660130718954247 0.06928104575163387 0.07058823529411751 0.06862745098039204 0.06078431372549007 0.06078431372549008 0.06732026143790837 0.06078431372549007
0.05740740740740738 0.059722222222222225 0.04675925925925924 0.06157407407407408 0.05092592592592593 0.06018518518518523 0.06018518518518521 0.0574074074074074 0.05462962962962963 0.06250000000000001 0.0569444444444444 0.052777777777777785 0.05509259259259261 0.06203703703703705 0.20185185185185184
0.06666666666666664 0.05789473684210524 0.07953216374269009 0.06374269005847953 0.06725146198830403 0.06432748538011696 0.0619883040935672 0.06432748538011689 0.06608187134502923 0.07192982456140348 0.059064327485380076 0.059649122807017535 0.05730994152046779 0.0596491228070175 0.10058479532163743
0.0627777777777777 0.05944444444444437 0.12333333333333335 0.06333333333333324 0.06611111111111102 0.05611111111111102 0.06611111111111101 0.062222222222222116 0.06277777777777768 0.06944444444444434 0.06444444444444437 0.055555555555555476 0.07166666666666656 0.06222222222222213 0.05444444444444435
0.07119341563786016 0.07489711934156383 0.04650205761316877 0.06831275720164613 0.06337448559670787 0.0732510288065844 0.06502057613168727 0.07489711934156384 0.07201646090534984 0.06172839506172844 0.0650205761316873 0.08518518518518525 0.05308641975308646 0.06831275720164613 0.057201646090535026
0.06137566137566128 0.06560846560846555 0.052380952380952306 0.06349206349206342 0.06084656084656076 0.058730158730158646 0.06560846560846553 0.06666666666666658 0.06772486772486765 0.0592592592592592 0.06296296296296287 0.057671957671957604 0.05714285714285706 0.057671957671957576 0.14285714285714274
0.07283950617283956 0.071604938271605 0.051440329218107046 0.0650205761316873 0.06872427983539096 0.071604938271605 0.05843621399176961 0.06954732510288071 0.07078189300411528 0.06213991769547331 0.07119341563786011 0.05967078189300417 0.0695473251028807 0.055555555555555594 0.08189300411522636
0.061375661375661306 0.06402116402116394 0.05291005291005284 0.05873015873015866 0.06402116402116391 0.06084656084656077 0.06084656084656078 0.06719576719576713 0.06666666666666655 0.058201058201058115 0.06084656084656076 0.05238095238095231 0.05661375661375654 0.05449735449735443 0.1608465608465606
0.05555555555555545 0.05617283950617273 0.2123456790123454 0.05617283950617273 0.05740740740740729 0.05617283950617273 0.05555555555555545 0.05555555555555545 0.05617283950617273 0.058641975308641854 0.05679012345679001 0.05679012345679001 0.05555555555555545 0.05555555555555545 0.05555555555555545
0.058547008547008506 0.056837606837606774 0.13034188034188018 0.06709401709401702 0.06324786324786318 0.06239316239316235 0.058974358974358945 0.056837606837606816 0.05940170940170935 0.059401709401709336 0.06068376068376061 0.05726495726495721 0.057692307692307654 0.06709401709401705 0.08418803418803407
0.055555555555555525 0.06531986531986528 0.04444444444444441 0.06060606060606057 0.06902356902356897 0.05151515151515148 0.06195286195286192 0.0663299663299663 0.06161616161616158 0.05824915824915822 0.06262626262626259 0.16666666666666669 0.07272727272727268 0.06060606060606057 0.04276094276094273
0.06666666666666671 0.06755555555555559 0.04977777777777781 0.07733333333333338 0.0715555555555556 0.06711111111111116 0.07333333333333339 0.07022222222222227 0.06577777777777781 0.06355555555555559 0.0764444444444445 0.06000000000000003 0.06266666666666672 0.07200000000000005 0.05600000000000004
0.055050505050505086 0.056565656565656604 0.18383838383838377 0.06565656565656569 0.06313131313131316 0.05353535353535355 0.059090909090909145 0.05707070707070713 0.05808080808080814 0.07121212121212131 0.05757575757575759 0.05404040404040407 0.05050505050505051 0.0631313131313132 0.05151515151515155
0.056746031746031725 0.057539682539682516 0.04484126984126982 0.05992063492063489 0.05317460317460313 0.0559523809523809 0.0591269841269841 0.06230158730158727 0.06507936507936504 0.06111111111111106 0.052380952380952354 0.04801587301587299 0.04603174603174599 0.05158730158730157 0.22619047619047616
0.054406130268199196 0.07739463601532565 0.050191570881225986 0.07547892720306512 0.06934865900383134 0.06666666666666664 0.06934865900383137 0.07662835249042138 0.07509578544061297 0.07394636015325669 0.08467432950191565 0.054789272030651294 0.05747126436781604 0.060153256704980805 0.05440613026819921
0.06296296296296294 0.05833333333333336 0.04675925925925924 0.06111111111111113 0.05694444444444446 0.06759259259259263 0.061574074074074066 0.05740740740740744 0.05601851851851855 0.05833333333333334 0.06342592592592598 0.16898148148148143 0.06574074074074075 0.06574074074074078 0.04907407407407404
0.04933333333333337 0.05688888888888892 0.04400000000000003 0.06088888888888892 0.05600000000000004 0.055555555555555594 0.05377777777777781 0.05688888888888892 0.05111111111111115 0.05422222222222226 0.05377777777777781 0.04755555555555559 0.04933333333333337 0.057333333333333375 0.25333333333333324
0.06266666666666672 0.06933333333333337 0.1071111111111111 0.06933333333333337 0.06755555555555559 0.06400000000000004 0.06488888888888894 0.06933333333333339 0.06977777777777781 0.07466666666666671 0.06711111111111115 0.05244444444444448 0.05111111111111115 0.05955555555555559 0.05111111111111115
0.05987654320987644 0.06296296296296285 0.05740740740740729 0.062345679012345556 0.06419753086419741 0.06358024691358014 0.05925925925925915 0.06234567901234556 0.059876543209876426 0.059876543209876426 0.059876543209876426 0.06049382716049371 0.05987654320987644 0.06358024691358012 0.14444444444444424
0.05059101654846336 0.05130023640661939 0.028132387706855787 0.05815602836879429 0.058156028368794306 0.0546099290780142 0.11040189125295503 0.06572104018912525 0.04988179669030731 0.047517730496453886 0.11938534278959809 0.04491725768321515 0.0884160756501182 0.13853427895981085 0.03427895981087471
0.065079365079365 0.06613756613756606 0.06031746031746024 0.07195767195767187 0.06825396825396816 0.0671957671957671 0.07407407407407397 0.07248677248677243 0.06772486772486765 0.06296296296296289 0.06772486772486765 0.06560846560846553 0.058201058201058135 0.06613756613756606 0.06613756613756605
0.06060606060606065 0.05707070707070709 0.051010101010101 0.05858585858585862 0.05757575757575761 0.05707070707070711 0.053030303030303046 0.05505050505050509 0.05454545454545458 0.05202020202020206 0.05505050505050508 0.05505050505050511 0.05404040404040407 0.05909090909090911 0.22020202020202032
0.055555555555555546 0.05847953216374267 0.05555555555555555 0.05906432748538009 0.05321637426900584 0.058479532163742666 0.056725146198830394 0.05555555555555555 0.0543859649122807 0.05614035087719299 0.06081871345029239 0.05614035087719297 0.05497076023391814 0.05964912280701752 0.20526315789473684
0.07602339181286548 0.07192982456140351 0.05497076023391812 0.06374269005847949 0.06198830409356724 0.0853801169590643 0.06725146198830409 0.0719298245614035 0.06959064327485381 0.06374269005847953 0.06315789473684212 0.06608187134502921 0.060233918128654924 0.067251461988304 0.05672514619883039
0.06999999999999995 0.06944444444444435 0.053888888888888806 0.07055555555555545 0.06499999999999989 0.07722222222222215 0.06944444444444435 0.06277777777777768 0.0699999999999999 0.0649999999999999 0.0638888888888888 0.0677777777777777 0.05777777777777769 0.06111111111111102 0.07611111111111106
0.0643274853801169 0.06725146198830408 0.05789473684210523 0.06666666666666662 0.06023391812865497 0.06140350877192982 0.06081871345029235 0.06842105263157895 0.06725146198830408 0.061988304093567224 0.0660818713450292 0.06081871345029241 0.06023391812865496 0.06374269005847948 0.11286549707602328
0.06111111111111113 0.06262626262626267 0.04797979797979798 0.06666666666666672 0.06262626262626268 0.060101010101010134 0.056565656565656604 0.06262626262626272 0.06262626262626271 0.057575757575757634 0.06666666666666674 0.053030303030303046 0.06818181818181826 0.06010101010101017 0.1515151515151515
0.06333333333333324 0.06444444444444435 0.07722222222222214 0.07277777777777769 0.06722222222222213 0.066111111111111 0.06166666666666658 0.06833333333333322 0.06722222222222214 0.07444444444444434 0.06111111111111102 0.05777777777777767 0.058333333333333244 0.0627777777777777 0.07722222222222211
0.0675555555555556 0.0626666666666667 0.0946666666666667 0.07288888888888893 0.07511111111111116 0.0626666666666667 0.06755555555555559 0.06888888888888893 0.07066666666666672 0.07288888888888893 0.057333333333333375 0.055555555555555594 0.05155555555555559 0.06755555555555559 0.05244444444444448
0.06432748538011696 0.05730994152046784 0.10526315789473684 0.05555555555555555 0.05497076023391812 0.05730994152046782 0.056725146198830435 0.05614035087719298 0.0549707602339181 0.05730994152046782 0.05614035087719299 0.15614035087719272 0.05555555555555555 0.05847953216374267 0.05380116959064327
0.07063492063492059 0.06746031746031741 0.03928571428571427 0.05595238095238092 0.061111111111111074 0.06428571428571424 0.061904761904761865 0.05793650793650789 0.06944444444444439 0.0559523809523809 0.07222222222222219 0.14007936507936508 0.0571428571428571 0.08611111111111105 0.04047619047619046
0.06570048309178754 0.06570048309178751 0.04927536231884065 0.07246376811594213 0.06570048309178753 0.07053140096618365 0.05652173913043487 0.06376811594202911 0.06038647342995179 0.060869565217391404 0.060869565217391376 0.14637681159420285 0.04975845410628028 0.06425120772946871 0.04782608695652181
0.07294685990338173 0.07294685990338175 0.04927536231884067 0.06714975845410634 0.06280193236714984 0.0840579710144928 0.06908212560386483 0.06473429951690828 0.07681159420289868 0.07004830917874405 0.06425120772946867 0.07053140096618368 0.054106280193236794 0.05555555555555564 0.06570048309178757
0.07592592592592581 0.0716049382716048 0.05740740740740729 0.05987654320987644 0.07283950617283941 0.0728395061728394 0.062345679012345556 0.07345679012345668 0.08209876543209867 0.06481481481481469 0.06543209876543199 0.05987654320987644 0.05679012345679001 0.06604938271604929 0.05864197530864187
0.06608187134502923 0.06140350877192979 0.0573099415204678 0.06900584795321633 0.06549707602339176 0.06959064327485379 0.07076023391812865 0.06549707602339178 0.0637426900584795 0.06549707602339179 0.06549707602339179 0.059649122807017514 0.0801169590643274 0.06783625730994146 0.07251461988304095
0.06604938271604927 0.0648148148148147 0.05679012345679002 0.06604938271604927 0.06543209876543198 0.06666666666666655 0.06913580246913568 0.0641975308641974 0.0691358024691357 0.06666666666666655 0.06604938271604927 0.05925925925925915 0.08703703703703689 0.07160493827160481 0.06111111111111099
0.07037037037037029 0.07248677248677239 0.06560846560846553 0.06984126984126975 0.06931216931216923 0.06455026455026446 0.06137566137566128 0.07142857142857136 0.06560846560846555 0.07566137566137555 0.06613756613756608 0.05714285714285706 0.06084656084656078 0.0634920634920634 0.06613756613756605
0.05915032679738553 0.055555555555555476 0.14052287581699335 0.06176470588235286 0.07287581699346399 0.05588235294117639 0.06470588235294111 0.06928104575163392 0.049673202614379026 0.08823529411764695 0.06405228758169927 0.0539215686274509 0.04640522875816987 0.04901960784313718 0.06895424836601298
0.0716049382716048 0.06543209876543198 0.05740740740740729 0.0759259259259258 0.06790123456790112 0.06728395061728383 0.06790123456790112 0.0679012345679011 0.0685185185185184 0.06543209876543198 0.06358024691358012 0.06296296296296283 0.06234567901234556 0.07839506172839494 0.05740740740740729
0.0626262626262627 0.05858585858585862 0.14949494949494957 0.06060606060606068 0.06363636363636369 0.05757575757575764 0.06111111111111115 0.059090909090909145 0.06262626262626267 0.0651515151515152 0.06414141414141418 0.05808080808080812 0.0565656565656566 0.0646464646464647 0.0560606060606061
0.07555555555555545 0.06999999999999991 0.0527777777777777 0.06555555555555546 0.06944444444444439 0.0777777777777777 0.07055555555555547 0.06555555555555544 0.07833333333333327 0.061666666666666585 0.06944444444444438 0.05666666666666658 0.059444444444444335 0.0688888888888888 0.05833333333333322
0.05955555555555559 0.06044444444444448 0.15466666666666656 0.05377777777777781 0.06488888888888893 0.060000000000000046 0.06133333333333338 0.05911111111111114 0.06133333333333338 0.05600000000000004 0.059111111111111156 0.06800000000000005 0.07733333333333338 0.06177777777777781 0.04266666666666669
0.06993464052287567 0.062091503267973726 0.0594771241830064 0.06470588235294106 0.06339869281045739 0.061437908496731905 0.06470588235294104 0.06339869281045739 0.0660130718954247 0.06535947712418289 0.06078431372549007 0.06666666666666653 0.06339869281045737 0.06339869281045739 0.10522875816993446
0.06491228070175437 0.06432748538011694 0.05906432748538011 0.07076023391812862 0.06959064327485377 0.06608187134502923 0.06783625730994157 0.06666666666666662 0.05906432748538009 0.06725146198830408 0.06959064327485373 0.06315789473684207 0.08128654970760232 0.06842105263157892 0.06198830409356722
0.07134502923976607 0.06783625730994153 0.05730994152046784 0.06491228070175434 0.07134502923976602 0.06315789473684208 0.06959064327485376 0.06725146198830406 0.0660818713450292 0.06842105263157888 0.06959064327485377 0.06491228070175438 0.06725146198830408 0.06783625730994149 0.06315789473684207
0.06613756613756604 0.06878306878306867 0.053968253968253894 0.06560846560846553 0.06931216931216924 0.07142857142857136 0.06666666666666658 0.06772486772486762 0.07142857142857136 0.059259259259259185 0.06613756613756606 0.05925925925925918 0.08148148148148143 0.07724867724867718 0.055555555555555476
0.0684210526315789 0.07134502923976607 0.05964912280701756 0.06549707602339179 0.06608187134502923 0.07251461988304084 0.06842105263157892 0.06315789473684207 0.07368421052631577 0.06432748538011694 0.06783625730994154 0.06725146198830409 0.0596491228070175 0.07660818713450285 0.055555555555555566
0.0716049382716048 0.06790123456790112 0.06049382716049371 0.06543209876543199 0.07037037037037026 0.06728395061728382 0.0679012345679011 0.06296296296296286 0.0691358024691357 0.07160493827160481 0.06666666666666654 0.06975308641975296 0.0604938271604937 0.07098765432098753 0.05740740740740729
0.06488888888888893 0.06844444444444449 0.11644444444444439 0.06044444444444449 0.06355555555555559 0.07555555555555561 0.05911111111111114 0.06400000000000004 0.06577777777777782 0.07866666666666672 0.059111111111111156 0.056888888888888926 0.05111111111111115 0.06266666666666672 0.05333333333333337
0.07166666666666657 0.06722222222222213 0.08499999999999991 0.0627777777777777 0.0638888888888888 0.06166666666666658 0.06055555555555547 0.06444444444444437 0.07277777777777769 0.07666666666666658 0.06555555555555546 0.0627777777777777 0.057222222222222126 0.06722222222222213 0.06055555555555549
