0.1093567251461988 0.2877192982456141 0.11988304093567238 0.38362573099415215 0.09941520467836251
0.10404040404040406 0.20303030303030314 0.11111111111111117 0.46262626262626266 0.11919191919191932
0.5 0.125 0.125 0.125 0.125
0.4370370370370367 0.11851851851851831 0.1419753086419751 0.18024691358024672 0.12222222222222197
0.5172839506172844 0.11481481481481458 0.12345679012345655 0.12469135802469111 0.11975308641975284
0.14691358024691328 0.33950617283950574 0.16666666666666644 0.18148148148148124 0.16543209876543186
0.14017094017094006 0.3555555555555553 0.13162393162393146 0.16153846153846135 0.21111111111111094
0.11703703703703695 0.26592592592592584 0.1355555555555555 0.3066666666666666 0.17481481481481476
0.1015873015873015 0.4595238095238095 0.14285714285714274 0.1753968253968253 0.12063492063492057
0.4444444444444443 0.12777777777777757 0.13111111111111093 0.14333333333333317 0.15333333333333315
0.13434343434343446 0.5020202020202018 0.09797979797979804 0.15404040404040412 0.11161616161616165
0.1841269841269841 0.20158730158730145 0.21904761904761894 0.20476190476190462 0.19047619047619038
0.09555555555555557 0.5340740740740743 0.1103703703703704 0.1659259259259258 0.09407407407407406
0.23030303030303037 0.176767676767677 0.21818181818181823 0.22323232323232334 0.15151515151515163
0.12037037037037042 0.2787037037037038 0.19351851851851856 0.20370370370370372 0.20370370370370353
0.15308641975308615 0.23703703703703674 0.21358024691358005 0.2148148148148146 0.18148148148148124
0.20308641975308636 0.24506172839506166 0.16111111111111098 0.12654320987654308 0.26419753086419784
0.12182539682539678 0.08888888888888885 0.09722222222222218 0.130952380952381 0.561111111111111
0.06975308641975296 0.06296296296296285 0.2574074074074074 0.07098765432098753 0.5388888888888894
0.15555555555555556 0.15138888888888888 0.26666666666666666 0.18611111111111112 0.24027777777777778
0.07407407407407396 0.06790123456790109 0.24259259259259253 0.06975308641975296 0.5456790123456793
0.17407407407407385 0.21851851851851822 0.2123456790123454 0.20493827160493797 0.1901234567901232
0.10476190476190471 0.2793650793650794 0.1285714285714285 0.24761904761904766 0.2396825396825397
0.12222222222222198 0.15061728395061705 0.43333333333333307 0.1382716049382714 0.15555555555555528
0.152222222222222 0.2666666666666666 0.14888888888888868 0.24222222222222214 0.18999999999999995
0.1730158730158729 0.17142857142857137 0.33174603174603134 0.1698412698412698 0.1539682539682538
0.3811965811965808 0.1153846153846153 0.11709401709401701 0.18376068376068355 0.2025641025641024
0.0912698412698412 0.11269841269841262 0.4095238095238094 0.22301587301587292 0.16349206349206338
0.10079365079365073 0.14126984126984113 0.09999999999999998 0.5079365079365081 0.14999999999999988
0.1597222222222222 0.15138888888888888 0.36527777777777776 0.14722222222222223 0.1763888888888889
0.10404040404040411 0.2969696969696972 0.09393939393939392 0.1686868686868688 0.3363636363636363
0.1857142857142857 0.15238095238095223 0.15714285714285708 0.21746031746031724 0.28730158730158706
0.11269841269841263 0.09920634920634913 0.5912698412698417 0.09841269841269835 0.09841269841269838
0.45999999999999974 0.10111111111111093 0.10777777777777761 0.14111111111111094 0.18999999999999986
0.09738562091503256 0.3816993464052285 0.1522875816993463 0.21176470588235266 0.15686274509803905
0.11111111111111115 0.18989898989898996 0.397979797979798 0.13838383838383855 0.1626262626262627
0.09934640522875804 0.2790849673202611 0.3091503267973853 0.09738562091503256 0.21503267973856183
0.19191919191919207 0.11111111111111119 0.44848484848484843 0.12323232323232335 0.12525252525252537
0.49722222222222223 0.125 0.125 0.125 0.12777777777777777
0.28518518518518493 0.12888888888888886 0.11481481481481479 0.19333333333333327 0.2777777777777775
0.0984126984126984 0.36507936507936495 0.1055555555555555 0.14841269841269839 0.2825396825396828
0.13555555555555543 0.0837037037037037 0.6044444444444445 0.08444444444444442 0.0918518518518518
0.5533333333333335 0.10222222222222221 0.1377777777777777 0.10962962962962962 0.09703703703703703
0.15416666666666667 0.13055555555555556 0.4083333333333333 0.15555555555555556 0.15138888888888888
0.04804804804804807 0.07627627627627631 0.08168168168168169 0.45315315315315313 0.3408408408408408
0.19696969696969716 0.2000000000000003 0.2313131313131315 0.1979797979797981 0.1737373737373739
0.12345679012345655 0.5098765432098769 0.11728395061728374 0.1259259259259257 0.12345679012345655
0.1088888888888887 0.39222222222222214 0.20444444444444423 0.14333333333333317 0.1511111111111109
0.18765432098765408 0.14197530864197508 0.3679012345679008 0.15679012345678991 0.14567901234567876
0.09444444444444439 0.12129629629629639 0.47129629629629605 0.16018518518518515 0.1527777777777777
0.24777777777777774 0.13999999999999985 0.3733333333333332 0.12111111111111088 0.11777777777777763
0.2938271604938267 0.211111111111111 0.11358024691358004 0.12345679012345658 0.25802469135802447
0.06975308641975296 0.2734567901234567 0.07098765432098753 0.34506172839506144 0.24074074074074103
0.10085470085470077 0.2675213675213673 0.1307692307692307 0.27863247863247825 0.22222222222222202
0.23194444444444445 0.36666666666666664 0.13194444444444445 0.13194444444444445 0.1375
0.3676767676767677 0.13737373737373754 0.1777777777777779 0.17878787878787894 0.1383838383838385
0.1527777777777778 0.2375 0.14583333333333334 0.3111111111111111 0.1527777777777778
0.3787037037037037 0.18425925925925923 0.11388888888888887 0.19722222222222222 0.125925925925926
0.11616161616161624 0.2656565656565659 0.11919191919191928 0.2616161616161617 0.23737373737373746
0.14197530864197505 0.4123456790123454 0.13086419753086398 0.16296296296296267 0.1518518518518516
0.15833333333333333 0.18611111111111112 0.14722222222222223 0.2569444444444444 0.2513888888888889
0.3629629629629627 0.2614814814814812 0.11629629629629626 0.13629629629629628 0.12296296296296294
0.4838383838383838 0.11717171717171726 0.12323232323232336 0.1212121212121213 0.15454545454545468
0.13666666666666652 0.21555555555555547 0.1566666666666665 0.34888888888888897 0.142222222222222
0.3040404040404043 0.15656565656565674 0.09494949494949495 0.16060606060606078 0.28383838383838383
0.176543209876543 0.18518518518518493 0.15679012345678991 0.19753086419753052 0.28395061728395027
0.4375 0.12291666666666666 0.09791666666666667 0.19305555555555556 0.1486111111111111
0.12444444444444423 0.12333333333333313 0.11111111111111091 0.4877777777777779 0.1533333333333332
0.1686868686868689 0.2222222222222223 0.20909090909090924 0.1989898989898991 0.20101010101010117
0.3188888888888891 0.34 0.10666666666666651 0.11777777777777759 0.1166666666666665
0.5456790123456798 0.11358024691358003 0.11358024691358004 0.11358024691358003 0.11358024691358003
0.14285714285714277 0.14603174603174593 0.41904761904761884 0.1476190476190475 0.14444444444444435
0.5 0.125 0.125 0.125 0.125
0.1592592592592591 0.20793650793650775 0.12857142857142845 0.3698412698412696 0.13439153439153423
0.21282051282051256 0.4136752136752135 0.1179487179487179 0.129059829059829 0.12649572649572643
0.42272727272727273 0.16464646464646457 0.12676767676767683 0.1282828282828283 0.15757575757575756
0.11444444444444428 0.3666666666666666 0.10999999999999985 0.27111111111111097 0.13777777777777758
0.2637037037037035 0.07555555555555551 0.2244444444444442 0.1414814814814814 0.29481481481481453
0.18148148148148127 0.2123456790123454 0.22098765432098735 0.2086419753086417 0.17654320987654298
0.16666666666666646 0.17037037037037017 0.3222222222222219 0.17222222222222203 0.1685185185185183
0.16555555555555534 0.34555555555555545 0.14777777777777762 0.18888888888888872 0.15222222222222206
0.13333333333333322 0.11185185185185183 0.12740740740740733 0.30962962962962925 0.3177777777777775
0.1388888888888889 0.18333333333333332 0.1736111111111111 0.3333333333333333 0.17083333333333334
0.13111111111111093 0.3166666666666667 0.14222222222222203 0.21333333333333324 0.19666666666666663
0.13333333333333325 0.134074074074074 0.11185185185185179 0.47037037037037055 0.15037037037037032
0.39305555555555566 0.06620370370370371 0.2768518518518517 0.1078703703703704 0.15601851851851853
0.23571428571428565 0.17380952380952372 0.31825396825396823 0.11190476190476184 0.16031746031746025
0.10238095238095231 0.14365079365079356 0.10873015873015868 0.5007936507936507 0.14444444444444426
0.10740740740740742 0.1555555555555555 0.18425925925925923 0.3916666666666666 0.16111111111111123
0.1185185185185183 0.49629629629629635 0.12592592592592566 0.12345679012345655 0.1358024691358022
0.1925925925925927 0.22314814814814807 0.15277777777777785 0.15740740740740755 0.2740740740740742
0.10505050505050509 0.270707070707071 0.1545454545454547 0.18484848484848493 0.2848484848484848
0.10707070707070711 0.11111111111111117 0.5464646464646462 0.13232323232323243 0.10303030303030308
0.11234567901234546 0.11358024691358003 0.5296296296296301 0.12098765432098744 0.12345679012345655
0.0696581196581196 0.17478632478632466 0.37564102564102564 0.18632478632478622 0.1935897435897435
0.14848484848484864 0.10909090909090917 0.28282828282828304 0.16464646464646485 0.2949494949494949
0.25833333333333336 0.25416666666666665 0.12638888888888888 0.14027777777777778 0.22083333333333333
0.1580246913580245 0.11049382716049369 0.14382716049382693 0.49320987654320986 0.09444444444444433
0.3686868686868685 0.10606060606060608 0.09494949494949492 0.29090909090909095 0.13939393939393951
0.15648148148148155 0.1953703703703704 0.18981481481481496 0.27222222222222203 0.1861111111111112
0.207142857142857 0.14841269841269833 0.10158730158730152 0.41984126984126957 0.12301587301587295
0.31851851851851853 0.12160493827160478 0.14320987654320977 0.31604938271604927 0.10061728395061714
0.14747474747474756 0.15757575757575776 0.12121212121212138 0.43737373737373747 0.13636363636363658
0.1809523809523808 0.18095238095238086 0.1968253968253968 0.2666666666666664 0.17460317460317454
0.2999999999999999 0.1947368421052632 0.14678362573099407 0.2830409356725146 0.07543859649122804
0.1066666666666666 0.13407407407407407 0.13259259259259257 0.482222222222222 0.1444444444444444
0.5064814814814819 0.11296296296296303 0.11018518518518519 0.16851851851851848 0.10185185185185179
0.4555555555555557 0.12222222222222236 0.13131313131313144 0.1757575757575759 0.11515151515151523
0.1515873015873015 0.19444444444444434 0.20396825396825385 0.2825396825396827 0.16746031746031736
0.2222222222222223 0.11666666666666654 0.11269841269841263 0.32222222222222213 0.2261904761904762
0.4263888888888889 0.15069444444444444 0.09722222222222222 0.19236111111111112 0.13333333333333333
0.1388888888888889 0.10370370370370365 0.10740740740740738 0.43796296296296294 0.212037037037037
0.6444444444444445 0.09019607843137241 0.0882352941176469 0.08496732026143777 0.09215686274509789
0.15151515151515169 0.1393939393939396 0.17272727272727292 0.22121212121212133 0.3151515151515152
0.12156862745098024 0.29019607843137224 0.18627450980392135 0.21568627450980365 0.18627450980392135
0.46543209876543185 0.12839506172839485 0.12716049382716027 0.14691358024691328 0.13209876543209853
0.4274509803921565 0.18562091503267947 0.20065359477124162 0.09607843137254886 0.09019607843137241
0.1283950617283948 0.26790123456790094 0.23827160493827132 0.15185185185185163 0.21358024691357988
0.08300653594771228 0.33856209150326777 0.19477124183006522 0.18496732026143775 0.19869281045751613
0.10679012345679 0.1746913580246912 0.12777777777777763 0.4697530864197534 0.12098765432098749
0.09135802469135794 0.34876543209876537 0.358641975308642 0.10370370370370355 0.09753086419753071
0.1076923076923076 0.25555555555555526 0.13846153846153836 0.2290598290598288 0.2692307692307689
0.17863247863247847 0.16324786324786314 0.16324786324786317 0.35726495726495694 0.13760683760683748
0.15111111111111092 0.23222222222222227 0.14111111111111094 0.24111111111111105 0.23444444444444446
0.3944444444444444 0.1500000000000001 0.13611111111111113 0.18055555555555555 0.13888888888888898
0.16984126984126974 0.17777777777777767 0.19999999999999993 0.27460317460317424 0.17777777777777776
0.0940740740740741 0.0837037037037037 0.2066666666666666 0.5348148148148151 0.08074074074074072
0.19523809523809513 0.15873015873015864 0.17142857142857132 0.3015873015873012 0.17301587301587296
0.13756613756613748 0.1592592592592591 0.22116402116402092 0.21481481481481468 0.267195767195767
0.09688888888888886 0.2191111111111111 0.09555555555555557 0.21333333333333324 0.37511111111111095
0.2325925925925924 0.21333333333333318 0.07851851851851849 0.20222222222222214 0.27333333333333304
0.1484848484848486 0.3464646464646467 0.17474747474747485 0.16666666666666682 0.16363636363636377
0.25897435897435866 0.21623931623931603 0.08632478632478625 0.146153846153846 0.29230769230769194
0.3934640522875814 0.11241830065359461 0.2921568627450976 0.1143790849673201 0.08758169934640511
0.16086956521739135 0.18550724637681162 0.2560386473429951 0.14299516908212556 0.2545893719806763
0.12136752136752127 0.20854700854700836 0.14102564102564089 0.16410256410256394 0.3649572649572647
0.1255555555555554 0.17999999999999988 0.1866666666666665 0.29333333333333333 0.21444444444444438
0.1539682539682538 0.15396825396825387 0.22857142857142848 0.2063492063492062 0.257142857142857
0.15858585858585875 0.20000000000000004 0.20404040404040416 0.1323232323232325 0.305050505050505
0.3013888888888889 0.13472222222222222 0.15694444444444444 0.2513888888888889 0.15555555555555556
0.1288888888888887 0.142222222222222 0.40888888888888886 0.1733333333333332 0.14666666666666647
0.10000000000000002 0.39393939393939387 0.13030303030303045 0.1252525252525253 0.25050505050505056
0.49722222222222223 0.125 0.125 0.12777777777777777 0.125
0.0469841269841269 0.7104761904761904 0.053968253968253894 0.08222222222222215 0.1063492063492062
0.25 0.22685185185185183 0.09166666666666659 0.11111111111111105 0.3203703703703703
0.12716049382716027 0.13086419753086395 0.48641975308641977 0.12839506172839485 0.12716049382716027
0.07301587301587295 0.07619047619047614 0.5920634920634921 0.10079365079365077 0.15793650793650774
0.1361111111111111 0.1875 0.13333333333333333 0.18194444444444444 0.3611111111111111
0.08888888888888884 0.42460317460317476 0.08253968253968254 0.09841269841269834 0.30555555555555586
0.3767676767676766 0.1292929292929294 0.12424242424242432 0.25050505050505073 0.11919191919191928
0.1711111111111109 0.12333333333333313 0.39222222222222214 0.13777777777777758 0.17555555555555538
0.08402777777777778 0.08194444444444444 0.08402777777777778 0.08819444444444445 0.6618055555555555
0.10264550264550258 0.5486772486772487 0.06560846560846555 0.08253968253968252 0.20052910052910033
0.13535353535353548 0.12727272727272737 0.4545454545454548 0.1343434343434345 0.1484848484848486
0.3928571428571427 0.18888888888888897 0.08650793650793645 0.1253968253968254 0.20634920634920675
0.12716049382716027 0.12098765432098744 0.48395061728395095 0.12962962962962937 0.13827160493827134
0.07301587301587296 0.08015873015873012 0.0785714285714285 0.07857142857142854 0.6896825396825406
0.19555555555555545 0.1866666666666665 0.2088888888888889 0.20111111111111105 0.20777777777777773
0.16527777777777777 0.1597222222222222 0.2875 0.15138888888888888 0.2361111111111111
0.05449735449735441 0.19629629629629608 0.0634920634920634 0.10793650793650789 0.5777777777777777
0.17058823529411749 0.33856209150326755 0.103267973856209 0.1581699346405227 0.229411764705882
0.07222222222222228 0.04671717171717176 0.3472222222222221 0.0507575757575758 0.4830808080808079
0.08333333333333333 0.09305555555555556 0.5256944444444445 0.12430555555555556 0.1736111111111111
0.14507936507936492 0.15968253968253948 0.11999999999999987 0.06253968253968248 0.5126984126984125
0.25228758169934606 0.07124183006535935 0.07647058823529398 0.07450980392156849 0.5254901960784313
0.13888888888888873 0.22810457516339863 0.12026143790849662 0.23300653594771237 0.27973856209150344
0.14920634920634912 0.16825396825396827 0.3333333333333329 0.19682539682539676 0.15238095238095226
0.04444444444444441 0.28080808080808084 0.05589225589225586 0.0821548821548821 0.5367003367003366
0.1145299145299144 0.14273504273504256 0.4410256410256411 0.12735042735042726 0.17435897435897413
0.06888888888888887 0.17111111111111096 0.07407407407407406 0.09333333333333334 0.5925925925925929
0.12638888888888888 0.44305555555555554 0.12638888888888888 0.1527777777777778 0.15138888888888888
0.42539682539682516 0.14285714285714277 0.14285714285714277 0.14603174603174596 0.14285714285714277
0.14761904761904754 0.15714285714285703 0.2269841269841269 0.1539682539682539 0.3142857142857139
0.14166666666666666 0.35555555555555557 0.13055555555555556 0.20277777777777778 0.16944444444444445
0.21037037037037007 0.12888888888888886 0.07111111111111111 0.15851851851851845 0.4311111111111108
0.4583333333333333 0.1375 0.12638888888888888 0.1375 0.14027777777777778
0.07530864197530852 0.16913580246913568 0.06419753086419741 0.10679012345678997 0.5845679012345683
0.1476190476190475 0.1460317460317459 0.4111111111111108 0.14603174603174596 0.14920634920634912
0.17999999999999983 0.23333333333333345 0.19999999999999996 0.21444444444444447 0.1722222222222221
0.46444444444444427 0.1366666666666665 0.1344444444444443 0.14222222222222206 0.12222222222222201
0.482222222222222 0.23407407407407388 0.10518518518518515 0.08518518518518516 0.09333333333333332
0.0825396825396825 0.30079365079365084 0.19523809523809518 0.14365079365079358 0.27777777777777773
0.16397306397306408 0.4952861952861952 0.11010101010101012 0.11212121212121219 0.11851851851851854
0.09166666666666666 0.28402777777777777 0.14583333333333334 0.19652777777777777 0.28194444444444444
0.07901234567901223 0.2808641975308645 0.3944444444444442 0.1290123456790122 0.1166666666666665
0.1619047619047618 0.18888888888888877 0.18730158730158722 0.29365079365079333 0.1682539682539682
0.12424242424242429 0.1484848484848486 0.17676767676767688 0.14444444444444454 0.40606060606060623
0.12430555555555556 0.23819444444444443 0.12708333333333333 0.3333333333333333 0.17708333333333334
0.3102564102564098 0.16153846153846138 0.1487179487179486 0.2145299145299144 0.16495726495726487
0.10714285714285708 0.36031746031746026 0.19365079365079355 0.18333333333333326 0.15555555555555536
0.3034722222222222 0.08611111111111111 0.4166666666666667 0.08402777777777778 0.10972222222222222
0.1268518518518519 0.16944444444444454 0.3916666666666666 0.16018518518518518 0.15185185185185193
0.11452991452991448 0.09230769230769222 0.18803418803418784 0.3521367521367518 0.2529914529914527
0.0793650793650793 0.08174603174603166 0.08571428571428567 0.5833333333333337 0.16984126984126968
0.5237037037037038 0.11629629629629622 0.0837037037037037 0.11925925925925923 0.157037037037037
0.10486111111111111 0.26666666666666666 0.09444444444444444 0.4201388888888889 0.11388888888888889
0.10793650793650784 0.24920634920634924 0.10317460317460313 0.3619047619047619 0.17777777777777773
0.4292929292929293 0.08030303030303038 0.12171717171717182 0.26717171717171717 0.1015151515151516
0.12549019607843118 0.29084967320261396 0.1424836601307187 0.19215686274509786 0.24901960784313712
0.1608187134502923 0.10760233918128646 0.38070175438596493 0.15497076023391804 0.1959064327485379
0.12222222222222208 0.13444444444444426 0.39555555555555544 0.21666666666666667 0.13111111111111093
0.5888888888888897 0.10222222222222206 0.10555555555555537 0.10111111111111094 0.10222222222222206
0.09230769230769226 0.09230769230769223 0.6264957264957267 0.08547008547008539 0.10341880341880337
0.08115942028985518 0.24927536231884062 0.24154589371980684 0.1536231884057971 0.27439613526570056
0.14040404040404061 0.2848484848484849 0.13939393939393957 0.2828282828282829 0.1525252525252527
0.35964912280701744 0.10701754385964903 0.08654970760233914 0.25146198830409355 0.19532163742690054
0.14537037037037043 0.19722222222222213 0.3583333333333334 0.16296296296296295 0.13611111111111113
0.19999999999999996 0.15648148148148147 0.13333333333333336 0.17499999999999993 0.33518518518518525
0.5577777777777777 0.09333333333333332 0.08222222222222218 0.13037037037037033 0.1362962962962962
0.15486111111111112 0.21388888888888888 0.1736111111111111 0.13194444444444445 0.32569444444444445
0.5299145299145298 0.1145299145299145 0.12478632478632468 0.12820512820512805 0.10256410256410249
0.1632478632478631 0.12051282051282038 0.48547008547008547 0.11452991452991444 0.11623931623931616
0.14444444444444457 0.2515151515151515 0.1989898989898991 0.21111111111111122 0.19393939393939413
0.14444444444444438 0.39365079365079325 0.14603174603174596 0.15396825396825384 0.16190476190476177
0.11888888888888872 0.29999999999999993 0.2666666666666666 0.12555555555555534 0.18888888888888877
0.08571428571428567 0.334920634920635 0.08968253968253961 0.1547619047619046 0.3349206349206349
0.08333333333333333 0.10208333333333333 0.5881944444444445 0.11805555555555555 0.10833333333333334
0.08717948717948709 0.2264957264957264 0.09743589743589734 0.19316239316239306 0.3957264957264954
0.10999999999999985 0.45888888888888885 0.11222222222222204 0.1755555555555554 0.14333333333333315
0.4086419753086415 0.12222222222222198 0.11728395061728374 0.16296296296296267 0.18888888888888866
0.5686868686868685 0.11010101010101013 0.10505050505050509 0.1 0.11616161616161623
0.187179487179487 0.3444444444444441 0.1410256410256409 0.1410256410256409 0.18632478632478616
0.12352941176470576 0.2320261437908494 0.15882352941176445 0.17320261437908485 0.31241830065359444
0.0972222222222222 0.09074074074074064 0.6101851851851853 0.10370370370370371 0.09814814814814814
0.4236111111111111 0.1326388888888889 0.13819444444444445 0.17708333333333334 0.1284722222222222
0.24222222222222214 0.1766666666666665 0.1466666666666665 0.26666666666666655 0.16777777777777758
0.25050505050505056 0.1656565656565657 0.3247474747474746 0.1368686868686869 0.12222222222222229
0.37901234567901193 0.12098765432098742 0.12222222222222197 0.1790123456790121 0.19876543209876515
0.17333333333333317 0.2666666666666667 0.1833333333333333 0.1899999999999998 0.1866666666666665
0.17345679012345672 0.2037037037037036 0.11728395061728379 0.13950617283950606 0.3660493827160494
0.4629629629629629 0.11296296296296297 0.10092592592592595 0.10925925925925932 0.21388888888888888
0.0719806763285025 0.20144927536231888 0.09033816425120783 0.17246376811594202 0.46376811594202916
0.19766081871345023 0.09590643274853797 0.13157894736842102 0.3953216374269005 0.1795321637426899
0.08518518518518507 0.18425925925925912 0.0888888888888888 0.3249999999999999 0.31666666666666665
0.11212121212121223 0.4696969696969697 0.11111111111111122 0.18888888888888905 0.11818181818181829
0.15111111111111092 0.152222222222222 0.29999999999999993 0.16555555555555537 0.23111111111111104
0.13418803418803407 0.25641025641025605 0.1427350427350426 0.16324786324786306 0.3034188034188031
0.10256410256410245 0.22136752136752114 0.11452991452991441 0.1803418803418801 0.3811965811965813
0.0789682539682539 0.1761904761904762 0.2813492063492062 0.33214285714285713 0.13134920634920638
0.09777777777777774 0.1688888888888888 0.3599999999999995 0.16888888888888878 0.20444444444444446
0.1701388888888889 0.21319444444444444 0.14027777777777778 0.15069444444444444 0.32569444444444445
0.10760233918128649 0.4251461988304095 0.16666666666666666 0.12690058479532157 0.17368421052631566
0.12828282828282833 0.37373737373737387 0.23535353535353556 0.1292929292929294 0.13333333333333341
0.08148148148148134 0.3932098765432098 0.09999999999999987 0.16975308641975287 0.2555555555555558
0.11777777777777758 0.42333333333333345 0.11111111111111094 0.1899999999999998 0.15777777777777757
0.13055555555555562 0.19722222222222222 0.17962962962962972 0.15277777777777793 0.3398148148148148
0.15964912280701743 0.10116959064327477 0.5584795321637427 0.08011695906432748 0.10058479532163739
0.11010101010101017 0.11616161616161623 0.12222222222222232 0.48282828282828283 0.16868686868686888
0.11111111111111101 0.34365079365079354 0.27142857142857135 0.13412698412698407 0.13968253968253957
0.12430555555555556 0.14097222222222222 0.20555555555555555 0.25763888888888886 0.27152777777777776
0.12777777777777777 0.12777777777777777 0.49027777777777776 0.12777777777777777 0.12638888888888888
0.1481481481481479 0.13580246913580224 0.1259259259259257 0.3765432098765429 0.21358024691358005
0.2111111111111111 0.2125 0.2125 0.1736111111111111 0.19027777777777777
0.3691358024691353 0.11604938271604917 0.1148148148148146 0.20123456790123428 0.19876543209876515
0.2691358024691355 0.12469135802469111 0.12716049382716027 0.1740740740740738 0.3049382716049379
0.09111111111111109 0.40962962962962957 0.15037037037037032 0.1466666666666666 0.20222222222222222
0.5311111111111112 0.1962962962962962 0.08074074074074072 0.10222222222222221 0.08962962962962963
0.14444444444444443 0.38819444444444445 0.14027777777777778 0.16041666666666668 0.16666666666666666
0.10238095238095234 0.1595238095238094 0.10952380952380945 0.4349206349206347 0.19365079365079363
0.11358024691358003 0.1888888888888886 0.3308641975308637 0.2111111111111108 0.15555555555555528
0.06979166666666667 0.3770833333333333 0.1371527777777778 0.146875 0.2690972222222222
0.6232323232323224 0.09595959595959594 0.0929292929292929 0.09393939393939392 0.09393939393939392
0.40634920634920624 0.17301587301587304 0.11031746031746026 0.08809523809523802 0.22222222222222263
0.21349206349206337 0.34682539682539676 0.11587301587301575 0.19285714285714278 0.13095238095238088
0.25333333333333335 0.12111111111111092 0.15111111111111092 0.142222222222222 0.33222222222222214
0.4030303030303031 0.23232323232323246 0.13030303030303042 0.11010101010101017 0.12424242424242428
0.11728395061728374 0.13456790123456763 0.45802469135802426 0.12839506172839482 0.16172839506172818
0.5488888888888893 0.11111111111111094 0.1144444444444443 0.11222222222222206 0.11333333333333316
0.5605555555555556 0.09722222222222222 0.08499999999999995 0.16277777777777783 0.09444444444444439
0.3896296296296293 0.19259259259259254 0.13999999999999993 0.13037037037037033 0.1474074074074074
0.08666666666666667 0.4022222222222224 0.09111111111111109 0.11333333333333323 0.3066666666666665
0.5843434343434345 0.12272727272727287 0.07626262626262632 0.09343434343434352 0.12323232323232322
0.13194444444444445 0.13055555555555556 0.48055555555555557 0.12916666666666668 0.12777777777777777
0.11604938271604923 0.13703703703703687 0.4722222222222222 0.1432098765432097 0.13148148148148137
0.5222222222222224 0.1088888888888887 0.11333333333333316 0.11333333333333316 0.14222222222222206
0.2620370370370371 0.13888888888888898 0.14999999999999997 0.23055555555555549 0.21851851851851845
0.5984126984126985 0.09523809523809515 0.10079365079365073 0.0944444444444444 0.11111111111111104
0.5982905982905984 0.08034188034188026 0.11538461538461527 0.09999999999999996 0.1059829059829059
0.5814814814814815 0.11388888888888891 0.11018518518518518 0.09999999999999994 0.09444444444444443
0.1314814814814815 0.2185185185185185 0.12685185185185188 0.3851851851851852 0.13796296296296298
0.15679012345678986 0.3382716049382712 0.12222222222222198 0.2160493827160491 0.16666666666666638
0.09185185185185182 0.09555555555555553 0.5681481481481481 0.11333333333333333 0.13111111111111107
0.21111111111111136 0.1242424242424244 0.1333333333333335 0.2666666666666669 0.2646464646464647
0.11444444444444428 0.22444444444444445 0.26000000000000006 0.17555555555555535 0.22555555555555548
0.3259259259259259 0.12314814814814821 0.11203703703703706 0.26203703703703696 0.1768518518518519
0.12839506172839482 0.16913580246913557 0.38765432098765396 0.16419753086419736 0.15061728395061702
0.14603174603174593 0.14285714285714277 0.42063492063492036 0.14444444444444438 0.1460317460317459
0.11818181818181826 0.1616161616161618 0.14949494949494957 0.412121212121212 0.15858585858585872
0.23222222222222225 0.3399999999999999 0.14777777777777762 0.13444444444444426 0.14555555555555533
0.5506172839506183 0.1111111111111109 0.1111111111111109 0.11604938271604914 0.1111111111111109
0.10925925925925926 0.11574074074074077 0.5435185185185185 0.11018518518518523 0.12129629629629633
0.08809523809523803 0.10714285714285705 0.5801587301587304 0.11349206349206342 0.11111111111111101
0.37222222222222223 0.23472222222222222 0.12916666666666668 0.12916666666666668 0.13472222222222222
0.09595959595959597 0.5373737373737373 0.0929292929292929 0.10707070707070715 0.1666666666666667
0.5419753086419761 0.11358024691358003 0.11481481481481458 0.11604938271604917 0.11358024691358003
0.1255555555555554 0.1488888888888887 0.4177777777777778 0.1755555555555554 0.13222222222222202
0.10873015873015864 0.12142857142857137 0.4142857142857142 0.13730158730158723 0.21825396825396817
0.17149758454106281 0.20579710144927532 0.07536231884057981 0.35990338164251223 0.18743961352657018
0.08809523809523805 0.2571428571428571 0.38015873015873003 0.12301587301587297 0.1515873015873015
0.16851851851851848 0.10462962962962959 0.5092592592592595 0.11481481481481486 0.10277777777777782
0.15185185185185165 0.15061728395061708 0.23580246913580222 0.22222222222222188 0.23950617283950584
0.1649572649572648 0.117094017094017 0.12820512820512805 0.2811965811965808 0.30854700854700834
0.41812865497076035 0.09999999999999998 0.29122807017543845 0.11637426900584791 0.07426900584795317
0.42698412698412674 0.14444444444444432 0.14285714285714277 0.14285714285714277 0.14285714285714277
0.11358024691358003 0.11358024691358003 0.5259259259259266 0.12098765432098744 0.12592592592592566
0.12098765432098742 0.12098765432098744 0.4703703703703702 0.17037037037037006 0.11728395061728374
0.4666666666666665 0.13444444444444428 0.14111111111111094 0.12666666666666646 0.13111111111111093
0.19797979797979817 0.21313131313131323 0.11111111111111117 0.25151515151515175 0.22626262626262625
0.2262626262626265 0.11616161616161627 0.12222222222222234 0.4040404040404041 0.13131313131313144
0.1040404040404041 0.2404040404040403 0.11111111111111122 0.1969696969696972 0.34747474747474766
0.5141414141414142 0.10808080808080817 0.1828282828282828 0.097979797979798 0.09696969696969698
0.08596491228070169 0.10409356725146193 0.3438596491228068 0.2672514619883041 0.19883040935672508
0.4572649572649571 0.12820512820512805 0.16581196581196567 0.09829059829059822 0.15042735042735023
0.12638888888888888 0.475 0.12638888888888888 0.13333333333333333 0.1388888888888889
0.0880952380952381 0.08174603174603172 0.6547619047619051 0.09365079365079361 0.0817460317460317
0.4986111111111111 0.125 0.125 0.12638888888888888 0.125
0.5592592592592595 0.08148148148148146 0.08592592592592589 0.10222222222222213 0.17111111111111116
0.583333333333334 0.10444444444444427 0.10333333333333317 0.10444444444444428 0.10444444444444427
0.11728395061728375 0.5222222222222228 0.11604938271604917 0.11975308641975285 0.12469135802469113
0.15641025641025624 0.1273504273504272 0.13247863247863234 0.42393162393162387 0.1598290598290597
0.15802469135802438 0.2123456790123454 0.15802469135802444 0.26296296296296257 0.20864197530864176
0.35424836601307136 0.06862745098039204 0.07712418300653583 0.25882352941176445 0.2411764705882351
0.12888888888888872 0.431111111111111 0.11888888888888867 0.1855555555555555 0.1355555555555554
0.19259259259259245 0.10185185185185175 0.4765432098765431 0.152469135802469 0.07654320987654306
0.3285714285714282 0.14761904761904754 0.1539682539682539 0.2015873015873015 0.16825396825396813
0.10952380952380945 0.4333333333333334 0.12777777777777768 0.20396825396825397 0.1253968253968253
0.15555555555555547 0.28730158730158706 0.20952380952380945 0.16984126984126974 0.17777777777777767
0.5805555555555558 0.09074074074074064 0.10370370370370369 0.12037037037037038 0.10462962962962963
0.16597222222222222 0.12916666666666668 0.22569444444444445 0.2763888888888889 0.20277777777777778
0.17575757575757583 0.10909090909090915 0.46060606060606085 0.11818181818181829 0.13636363636363644
0.5555555555555566 0.1111111111111109 0.1111111111111109 0.1111111111111109 0.1111111111111109
0.3333333333333329 0.10512820512820505 0.08803418803418796 0.3188034188034183 0.1547008547008545
0.4222222222222224 0.14853801169590627 0.10233918128654967 0.21403508771929824 0.11286549707602332
0.49583333333333335 0.12638888888888888 0.125 0.12638888888888888 0.12638888888888888
0.12393162393162382 0.3376068376068372 0.12478632478632462 0.2581196581196578 0.1555555555555554
0.11919191919191931 0.14444444444444457 0.46363636363636357 0.1464646464646466 0.12626262626262644
0.12333333333333317 0.1277777777777776 0.4877777777777777 0.1299999999999998 0.13111111111111093
0.17698412698412683 0.20396825396825394 0.1380952380952379 0.3293650793650794 0.1515873015873015
0.3266666666666667 0.1733333333333332 0.1699999999999999 0.17333333333333314 0.15666666666666645
0.554320987654322 0.1111111111111109 0.11234567901234546 0.1111111111111109 0.1111111111111109
0.16419753086419725 0.16172839506172815 0.1481481481481479 0.3777777777777774 0.14814814814814792
0.571851851851852 0.08148148148148147 0.1155555555555555 0.117037037037037 0.11407407407407402
0.10085470085470077 0.4427350427350427 0.1034188034188033 0.20769230769230745 0.14529914529914512
0.13333333333333333 0.325 0.13055555555555556 0.2375 0.1736111111111111
0.15238095238095228 0.16666666666666657 0.268253968253968 0.23809523809523792 0.17460317460317462
0.13086419753086398 0.34320987654320934 0.13333333333333308 0.18765432098765406 0.20493827160493797
0.06993464052287568 0.2705882352941173 0.07973856209150314 0.07973856209150311 0.5000000000000001
0.49722222222222223 0.125 0.125 0.12777777777777777 0.125
0.12129629629629633 0.41944444444444445 0.11388888888888891 0.19259259259259254 0.1527777777777778
0.13333333333333305 0.13333333333333305 0.46666666666666673 0.12962962962962937 0.13703703703703682
0.41944444444444445 0.13333333333333333 0.12916666666666668 0.16805555555555557 0.15
0.11259259259259256 0.12814814814814804 0.11703703703703698 0.30888888888888844 0.3333333333333331
0.11111111111111108 0.07142857142857137 0.18095238095238098 0.51984126984127 0.11666666666666663
0.28194444444444444 0.3145833333333333 0.12569444444444444 0.11527777777777778 0.1625
0.18395061728395035 0.2555555555555552 0.17901234567901214 0.19259259259259232 0.1888888888888887
0.48641975308641966 0.11975308641975285 0.11851851851851831 0.14567901234567876 0.12962962962962937
0.5248366013071895 0.1888888888888887 0.08954248366013058 0.12026143790849654 0.07647058823529397
0.34074074074074084 0.16018518518518524 0.1212962962962963 0.23888888888888885 0.13888888888888898
0.3246913580246909 0.14197530864197505 0.13086419753086398 0.16666666666666638 0.23580246913580213
0.4888888888888887 0.12962962962962937 0.12839506172839485 0.12098765432098744 0.13209876543209856
0.22361111111111112 0.24583333333333332 0.08263888888888889 0.17291666666666666 0.275
0.5511111111111113 0.07259259259259254 0.0992592592592592 0.1022222222222222 0.17481481481481476
0.34269005847953204 0.21812865497076014 0.2169590643274853 0.10643274853801163 0.11578947368421046
0.2759259259259259 0.21944444444444444 0.14259259259259266 0.18796296296296297 0.17407407407407408
0.06908212560386481 0.41449275362318855 0.2565217391304347 0.0864734299516909 0.17342995169082126
0.10444444444444427 0.4488888888888886 0.10777777777777761 0.17888888888888874 0.15999999999999984
0.12323232323232332 0.11313131313131322 0.4505050505050505 0.1848484848484849 0.12828282828282836
0.16666666666666646 0.16666666666666646 0.3222222222222219 0.16851851851851832 0.1759259259259257
0.1375 0.1527777777777778 0.4041666666666667 0.15138888888888888 0.15416666666666667
0.1920634920634921 0.17619047619047618 0.15873015873015864 0.1912698412698412 0.28174603174603197
0.11999999999999979 0.1399999999999998 0.23222222222222236 0.17666666666666647 0.3311111111111112
0.1476190476190475 0.2730158730158727 0.17619047619047606 0.1507936507936507 0.2523809523809522
0.43240740740740746 0.1574074074074074 0.10740740740740737 0.13611111111111113 0.16666666666666666
0.12098765432098742 0.22716049382716008 0.19876543209876532 0.2407407407407404 0.21234567901234536
0.2423611111111111 0.08055555555555556 0.39861111111111114 0.1527777777777778 0.12569444444444444
0.05999999999999993 0.07166666666666659 0.3283333333333332 0.4355555555555556 0.10444444444444442
0.1233333333333332 0.12999999999999978 0.43222222222222195 0.17777777777777765 0.13666666666666652
0.12013888888888889 0.30277777777777776 0.12638888888888888 0.11736111111111111 0.3333333333333333
0.18518518518518493 0.1370370370370368 0.1493827160493825 0.39012345679012317 0.13827160493827134
0.1148148148148146 0.5259259259259266 0.11234567901234546 0.12345679012345655 0.12345679012345655
0.45555555555555555 0.13333333333333333 0.12638888888888888 0.14305555555555555 0.14166666666666666
0.14444444444444438 0.14444444444444438 0.42380952380952347 0.14285714285714277 0.14444444444444435
0.0733333333333333 0.11703703703703698 0.24666666666666642 0.3911111111111106 0.17185185185185173
0.08518518518518517 0.1392592592592592 0.09777777777777773 0.2970370370370367 0.38074074074074055
0.11333333333333319 0.12333333333333317 0.22555555555555545 0.3455555555555555 0.19222222222222204
0.08296296296296295 0.10370370370370369 0.07925925925925924 0.6237037037037039 0.11037037037037035
0.1407407407407405 0.37037037037037 0.12222222222222198 0.1358024691358022 0.23086419753086393
0.4231884057971017 0.08840579710144938 0.09758454106280197 0.15942028985507253 0.23140096618357486
0.07259259259259256 0.2622222222222221 0.07703703703703701 0.29111111111111077 0.2970370370370367
0.13209876543209853 0.2716049382716046 0.2086419753086417 0.2407407407407404 0.14691358024691334
0.4152777777777778 0.14722222222222223 0.14305555555555555 0.15555555555555556 0.1388888888888889
0.23162393162393127 0.262393162393162 0.08376068376068367 0.2726495726495723 0.14957264957264943
0.2648148148148148 0.10740740740740742 0.09444444444444434 0.23333333333333328 0.2999999999999998
0.6141414141414134 0.09595959595959597 0.0929292929292929 0.10101010101010106 0.09595959595959597
0.37777777777777743 0.2170370370370369 0.09703703703703706 0.12962962962962957 0.17851851851851844
0.35259259259259207 0.07777777777777775 0.3874074074074069 0.09703703703703705 0.08518518518518521
0.10592592592592592 0.30592592592592566 0.31407407407407384 0.1251851851851851 0.14888888888888885
0.39696969696969664 0.12929292929292932 0.23787878787878794 0.07474747474747483 0.16111111111111098
0.1031746031746031 0.10634920634920626 0.4619047619047622 0.12857142857142848 0.20000000000000004
0.09603174603174598 0.10793650793650789 0.46746031746031774 0.12539682539682534 0.20317460317460323
