0.06896551724137931 0.034482758620689655 0.034482758620689655 0.034482758620689655 0.06896551724137931 0.034482758620689655 0.10344827586206896 0.13793103448275862 0.034482758620689655 0.034482758620689655 0.06896551724137931 0.034482758620689655 0.1724137931034483 0.10344827586206896 0.034482758620689655
0.047619047619047616 0.14285714285714285 0.047619047619047616 0.047619047619047616 0.047619047619047616 0.047619047619047616 0.19047619047619047 0.047619047619047616 0.047619047619047616 0.047619047619047616 0.09523809523809523 0.047619047619047616 0.047619047619047616 0.047619047619047616 0.047619047619047616
0.05555555555555555 0.05555555555555555 0.05555555555555555 0.05555555555555555 0.05555555555555555 0.05555555555555555 0.05555555555555555 0.05555555555555555 0.2222222222222222 0.05555555555555555 0.05555555555555555 0.05555555555555555 0.05555555555555555 0.05555555555555555 0.05555555555555555
0.10526315789473684 0.05263157894736842 0.05263157894736842 0.05263157894736842 0.05263157894736842 0.05263157894736842 0.10526315789473684 0.05263157894736842 0.10526315789473684 0.05263157894736842 0.10526315789473684 0.05263157894736842 0.05263157894736842 0.05263157894736842 0.05263157894736842
0.05263157894736842 0.05263157894736842 0.05263157894736842 0.05263157894736842 0.05263157894736842 0.05263157894736842 0.05263157894736842 0.05263157894736842 0.2631578947368421 0.05263157894736842 0.05263157894736842 0.05263157894736842 0.05263157894736842 0.05263157894736842 0.05263157894736842
0.05263157894736842 0.05263157894736842 0.05263157894736842 0.10526315789473684 0.05263157894736842 0.05263157894736842 0.10526315789473684 0.10526315789473684 0.05263157894736842 0.05263157894736842 0.05263157894736842 0.05263157894736842 0.10526315789473684 0.05263157894736842 0.05263157894736842
0.08695652173913043 0.043478260869565216 0.043478260869565216 0.043478260869565216 0.043478260869565216 0.08695652173913043 0.13043478260869565 0.043478260869565216 0.043478260869565216 0.17391304347826086 0.043478260869565216 0.043478260869565216 0.043478260869565216 0.043478260869565216 0.08695652173913043
0.04 0.04 0.04 0.04 0.04 0.04 0.36 0.04 0.08 0.04 0.04 0.08 0.04 0.04 0.04
0.041666666666666664 0.125 0.041666666666666664 0.041666666666666664 0.041666666666666664 0.041666666666666664 0.041666666666666664 0.20833333333333334 0.041666666666666664 0.041666666666666664 0.041666666666666664 0.041666666666666664 0.08333333333333333 0.041666666666666664 0.125
0.1 0.05 0.05 0.05 0.1 0.05 0.05 0.05 0.2 0.05 0.05 0.05 0.05 0.05 0.05
0.0625 0.03125 0.03125 0.15625 0.03125 0.03125 0.0625 0.09375 0.03125 0.1875 0.03125 0.09375 0.09375 0.03125 0.03125
0.058823529411764705 0.058823529411764705 0.058823529411764705 0.058823529411764705 0.11764705882352941 0.058823529411764705 0.058823529411764705 0.058823529411764705 0.11764705882352941 0.058823529411764705 0.058823529411764705 0.058823529411764705 0.058823529411764705 0.058823529411764705 0.058823529411764705
0.08 0.04 0.08 0.04 0.04 0.04 0.04 0.2 0.04 0.04 0.04 0.08 0.04 0.16 0.04
0.047619047619047616 0.047619047619047616 0.09523809523809523 0.047619047619047616 0.047619047619047616 0.09523809523809523 0.09523809523809523 0.047619047619047616 0.047619047619047616 0.09523809523809523 0.09523809523809523 0.047619047619047616 0.09523809523809523 0.047619047619047616 0.047619047619047616
0.045454545454545456 0.045454545454545456 0.045454545454545456 0.13636363636363635 0.045454545454545456 0.045454545454545456 0.045454545454545456 0.09090909090909091 0.045454545454545456 0.045454545454545456 0.09090909090909091 0.045454545454545456 0.09090909090909091 0.13636363636363635 0.045454545454545456
0.10526315789473684 0.05263157894736842 0.05263157894736842 0.05263157894736842 0.05263157894736842 0.10526315789473684 0.05263157894736842 0.05263157894736842 0.05263157894736842 0.05263157894736842 0.05263157894736842 0.15789473684210525 0.05263157894736842 0.05263157894736842 0.05263157894736842
0.10714285714285714 0.03571428571428571 0.03571428571428571 0.03571428571428571 0.03571428571428571 0.03571428571428571 0.10714285714285714 0.10714285714285714 0.07142857142857142 0.03571428571428571 0.07142857142857142 0.10714285714285714 0.07142857142857142 0.07142857142857142 0.07142857142857142
0.07894736842105263 0.2631578947368421 0.02631578947368421 0.05263157894736842 0.07894736842105263 0.07894736842105263 0.05263157894736842 0.05263157894736842 0.05263157894736842 0.05263157894736842 0.05263157894736842 0.02631578947368421 0.02631578947368421 0.02631578947368421 0.07894736842105263
0.07142857142857142 0.32142857142857145 0.10714285714285714 0.03571428571428571 0.03571428571428571 0.03571428571428571 0.10714285714285714 0.03571428571428571 0.03571428571428571 0.03571428571428571 0.03571428571428571 0.03571428571428571 0.03571428571428571 0.03571428571428571 0.03571428571428571
0.05555555555555555 0.05555555555555555 0.05555555555555555 0.05555555555555555 0.05555555555555555 0.05555555555555555 0.1111111111111111 0.05555555555555555 0.05555555555555555 0.05555555555555555 0.05555555555555555 0.05555555555555555 0.05555555555555555 0.16666666666666666 0.05555555555555555
0.07142857142857142 0.2857142857142857 0.14285714285714285 0.03571428571428571 0.03571428571428571 0.03571428571428571 0.03571428571428571 0.03571428571428571 0.03571428571428571 0.03571428571428571 0.03571428571428571 0.03571428571428571 0.07142857142857142 0.07142857142857142 0.03571428571428571
0.10526315789473684 0.05263157894736842 0.05263157894736842 0.05263157894736842 0.05263157894736842 0.05263157894736842 0.05263157894736842 0.10526315789473684 0.05263157894736842 0.05263157894736842 0.10526315789473684 0.05263157894736842 0.05263157894736842 0.10526315789473684 0.05263157894736842
0.041666666666666664 0.041666666666666664 0.041666666666666664 0.08333333333333333 0.08333333333333333 0.08333333333333333 0.041666666666666664 0.08333333333333333 0.08333333333333333 0.041666666666666664 0.041666666666666664 0.041666666666666664 0.125 0.08333333333333333 0.08333333333333333
0.05263157894736842 0.05263157894736842 0.15789473684210525 0.05263157894736842 0.05263157894736842 0.05263157894736842 0.05263157894736842 0.05263157894736842 0.05263157894736842 0.05263157894736842 0.10526315789473684 0.05263157894736842 0.05263157894736842 0.05263157894736842 0.10526315789473684
0.1 0.05 0.05 0.05 0.05 0.05 0.15 0.05 0.05 0.05 0.1 0.05 0.05 0.05 0.1
0.11764705882352941 0.058823529411764705 0.11764705882352941 0.058823529411764705 0.058823529411764705 0.058823529411764705 0.058823529411764705 0.058823529411764705 0.058823529411764705 0.058823529411764705 0.058823529411764705 0.058823529411764705 0.058823529411764705 0.058823529411764705 0.058823529411764705
0.08695652173913043 0.043478260869565216 0.08695652173913043 0.08695652173913043 0.043478260869565216 0.043478260869565216 0.08695652173913043 0.043478260869565216 0.21739130434782608 0.043478260869565216 0.043478260869565216 0.043478260869565216 0.043478260869565216 0.043478260869565216 0.043478260869565216
0.08333333333333333 0.08333333333333333 0.125 0.08333333333333333 0.041666666666666664 0.041666666666666664 0.041666666666666664 0.041666666666666664 0.041666666666666664 0.041666666666666664 0.041666666666666664 0.041666666666666664 0.16666666666666666 0.041666666666666664 0.08333333333333333
0.041666666666666664 0.08333333333333333 0.041666666666666664 0.20833333333333334 0.041666666666666664 0.125 0.041666666666666664 0.041666666666666664 0.08333333333333333 0.041666666666666664 0.041666666666666664 0.041666666666666664 0.041666666666666664 0.041666666666666664 0.08333333333333333
0.05555555555555555 0.05555555555555555 0.05555555555555555 0.05555555555555555 0.05555555555555555 0.05555555555555555 0.05555555555555555 0.05555555555555555 0.05555555555555555 0.16666666666666666 0.1111111111111111 0.05555555555555555 0.05555555555555555 0.05555555555555555 0.05555555555555555
0.047619047619047616 0.09523809523809523 0.047619047619047616 0.047619047619047616 0.047619047619047616 0.047619047619047616 0.14285714285714285 0.14285714285714285 0.047619047619047616 0.047619047619047616 0.09523809523809523 0.047619047619047616 0.047619047619047616 0.047619047619047616 0.047619047619047616
0.058823529411764705 0.058823529411764705 0.058823529411764705 0.058823529411764705 0.058823529411764705 0.058823529411764705 0.058823529411764705 0.11764705882352941 0.058823529411764705 0.058823529411764705 0.058823529411764705 0.11764705882352941 0.058823529411764705 0.058823529411764705 0.058823529411764705
0.041666666666666664 0.041666666666666664 0.2916666666666667 0.041666666666666664 0.08333333333333333 0.041666666666666664 0.08333333333333333 0.041666666666666664 0.041666666666666664 0.041666666666666664 0.041666666666666664 0.041666666666666664 0.041666666666666664 0.08333333333333333 0.041666666666666664
0.05 0.05 0.05 0.1 0.05 0.05 0.05 0.05 0.15 0.1 0.05 0.05 0.1 0.05 0.05
0.037037037037037035 0.07407407407407407 0.07407407407407407 0.07407407407407407 0.037037037037037035 0.14814814814814814 0.037037037037037035 0.037037037037037035 0.037037037037037035 0.07407407407407407 0.037037037037037035 0.1111111111111111 0.037037037037037035 0.037037037037037035 0.14814814814814814
0.047619047619047616 0.09523809523809523 0.23809523809523808 0.047619047619047616 0.09523809523809523 0.047619047619047616 0.047619047619047616 0.047619047619047616 0.047619047619047616 0.047619047619047616 0.047619047619047616 0.047619047619047616 0.047619047619047616 0.047619047619047616 0.047619047619047616
0.037037037037037035 0.037037037037037035 0.07407407407407407 0.07407407407407407 0.037037037037037035 0.037037037037037035 0.07407407407407407 0.037037037037037035 0.037037037037037035 0.1111111111111111 0.037037037037037035 0.1111111111111111 0.1111111111111111 0.14814814814814814 0.037037037037037035
0.047619047619047616 0.047619047619047616 0.23809523809523808 0.047619047619047616 0.047619047619047616 0.047619047619047616 0.047619047619047616 0.047619047619047616 0.047619047619047616 0.047619047619047616 0.047619047619047616 0.09523809523809523 0.09523809523809523 0.047619047619047616 0.047619047619047616
0.05555555555555555 0.05555555555555555 0.05555555555555555 0.05555555555555555 0.05555555555555555 0.05555555555555555 0.05555555555555555 0.05555555555555555 0.2222222222222222 0.05555555555555555 0.05555555555555555 0.05555555555555555 0.05555555555555555 0.05555555555555555 0.05555555555555555
0.04 0.12 0.04 0.04 0.12 0.08 0.04 0.04 0.04 0.04 0.08 0.12 0.04 0.04 0.12
0.041666666666666664 0.041666666666666664 0.041666666666666664 0.041666666666666664 0.08333333333333333 0.041666666666666664 0.041666666666666664 0.08333333333333333 0.041666666666666664 0.041666666666666664 0.20833333333333334 0.08333333333333333 0.041666666666666664 0.125 0.041666666666666664
0.04 0.08 0.32 0.04 0.04 0.04 0.04 0.04 0.04 0.04 0.04 0.12 0.04 0.04 0.04
0.16 0.04 0.04 0.04 0.12 0.08 0.04 0.04 0.08 0.04 0.04 0.04 0.04 0.16 0.04
0.05555555555555555 0.05555555555555555 0.16666666666666666 0.05555555555555555 0.05555555555555555 0.1111111111111111 0.05555555555555555 0.05555555555555555 0.05555555555555555 0.05555555555555555 0.05555555555555555 0.05555555555555555 0.05555555555555555 0.05555555555555555 0.05555555555555555
0.02127659574468085 0.14893617021276595 0.0851063829787234 0.2553191489361702 0.02127659574468085 0.1276595744680851 0.02127659574468085 0.0851063829787234 0.02127659574468085 0.02127659574468085 0.0425531914893617 0.06382978723404255 0.0425531914893617 0.02127659574468085 0.02127659574468085
0.09523809523809523 0.047619047619047616 0.09523809523809523 0.047619047619047616 0.047619047619047616 0.047619047619047616 0.047619047619047616 0.047619047619047616 0.09523809523809523 0.047619047619047616 0.047619047619047616 0.047619047619047616 0.09523809523809523 0.14285714285714285 0.047619047619047616
0.05263157894736842 0.05263157894736842 0.05263157894736842 0.05263157894736842 0.05263157894736842 0.05263157894736842 0.05263157894736842 0.05263157894736842 0.05263157894736842 0.05263157894736842 0.05263157894736842 0.15789473684210525 0.10526315789473684 0.10526315789473684 0.05263157894736842
0.05 0.05 0.15 0.05 0.05 0.05 0.05 0.1 0.05 0.05 0.05 0.1 0.05 0.05 0.1
0.05263157894736842 0.05263157894736842 0.15789473684210525 0.10526315789473684 0.05263157894736842 0.05263157894736842 0.05263157894736842 0.05263157894736842 0.05263157894736842 0.05263157894736842 0.05263157894736842 0.05263157894736842 0.05263157894736842 0.05263157894736842 0.10526315789473684
0.045454545454545456 0.09090909090909091 0.09090909090909091 0.045454545454545456 0.18181818181818182 0.045454545454545456 0.045454545454545456 0.045454545454545456 0.045454545454545456 0.045454545454545456 0.045454545454545456 0.13636363636363635 0.045454545454545456 0.045454545454545456 0.045454545454545456
0.1 0.05 0.05 0.05 0.05 0.05 0.05 0.05 0.05 0.1 0.05 0.1 0.1 0.05 0.1
0.10526315789473684 0.05263157894736842 0.10526315789473684 0.05263157894736842 0.05263157894736842 0.05263157894736842 0.05263157894736842 0.05263157894736842 0.05263157894736842 0.05263157894736842 0.10526315789473684 0.05263157894736842 0.10526315789473684 0.05263157894736842 0.05263157894736842
0.07142857142857142 0.07142857142857142 0.03571428571428571 0.07142857142857142 0.03571428571428571 0.07142857142857142 0.10714285714285714 0.07142857142857142 0.03571428571428571 0.10714285714285714 0.10714285714285714 0.03571428571428571 0.03571428571428571 0.10714285714285714 0.03571428571428571
0.043478260869565216 0.08695652173913043 0.043478260869565216 0.043478260869565216 0.043478260869565216 0.08695652173913043 0.08695652173913043 0.043478260869565216 0.043478260869565216 0.08695652173913043 0.13043478260869565 0.08695652173913043 0.08695652173913043 0.043478260869565216 0.043478260869565216
0.05555555555555555 0.05555555555555555 0.05555555555555555 0.05555555555555555 0.1111111111111111 0.05555555555555555 0.05555555555555555 0.1111111111111111 0.05555555555555555 0.05555555555555555 0.05555555555555555 0.1111111111111111 0.05555555555555555 0.05555555555555555 0.05555555555555555
0.047619047619047616 0.09523809523809523 0.047619047619047616 0.047619047619047616 0.09523809523809523 0.047619047619047616 0.047619047619047616 0.047619047619047616 0.047619047619047616 0.047619047619047616 0.047619047619047616 0.047619047619047616 0.047619047619047616 0.19047619047619047 0.09523809523809523
0.05555555555555555 0.05555555555555555 0.05555555555555555 0.05555555555555555 0.05555555555555555 0.05555555555555555 0.1111111111111111 0.05555555555555555 0.05555555555555555 0.05555555555555555 0.1111111111111111 0.05555555555555555 0.05555555555555555 0.05555555555555555 0.1111111111111111
0.045454545454545456 0.09090909090909091 0.045454545454545456 0.045454545454545456 0.045454545454545456 0.045454545454545456 0.09090909090909091 0.045454545454545456 0.13636363636363635 0.045454545454545456 0.13636363636363635 0.045454545454545456 0.09090909090909091 0.045454545454545456 0.045454545454545456
0.047619047619047616 0.09523809523809523 0.047619047619047616 0.09523809523809523 0.047619047619047616 0.047619047619047616 0.047619047619047616 0.047619047619047616 0.09523809523809523 0.047619047619047616 0.09523809523809523 0.047619047619047616 0.09523809523809523 0.047619047619047616 0.09523809523809523
0.05263157894736842 0.05263157894736842 0.05263157894736842 0.05263157894736842 0.05263157894736842 0.05263157894736842 0.05263157894736842 0.10526315789473684 0.05263157894736842 0.05263157894736842 0.15789473684210525 0.10526315789473684 0.05263157894736842 0.05263157894736842 0.05263157894736842
0.05555555555555555 0.05555555555555555 0.05555555555555555 0.05555555555555555 0.05555555555555555 0.05555555555555555 0.1111111111111111 0.05555555555555555 0.05555555555555555 0.05555555555555555 0.05555555555555555 0.1111111111111111 0.05555555555555555 0.05555555555555555 0.1111111111111111
0.04 0.08 0.16 0.04 0.04 0.04 0.04 0.04 0.08 0.04 0.08 0.12 0.12 0.04 0.04
0.047619047619047616 0.09523809523809523 0.047619047619047616 0.047619047619047616 0.047619047619047616 0.047619047619047616 0.14285714285714285 0.047619047619047616 0.19047619047619047 0.047619047619047616 0.047619047619047616 0.047619047619047616 0.047619047619047616 0.047619047619047616 0.047619047619047616
0.1 0.05 0.05 0.05 0.1 0.05 0.1 0.05 0.05 0.05 0.1 0.05 0.1 0.05 0.05
0.047619047619047616 0.047619047619047616 0.047619047619047616 0.09523809523809523 0.09523809523809523 0.047619047619047616 0.047619047619047616 0.09523809523809523 0.14285714285714285 0.047619047619047616 0.047619047619047616 0.047619047619047616 0.09523809523809523 0.047619047619047616 0.047619047619047616
0.05263157894736842 0.05263157894736842 0.05263157894736842 0.05263157894736842 0.10526315789473684 0.05263157894736842 0.05263157894736842 0.05263157894736842 0.05263157894736842 0.10526315789473684 0.05263157894736842 0.10526315789473684 0.10526315789473684 0.05263157894736842 0.05263157894736842
0.07692307692307693 0.038461538461538464 0.038461538461538464 0.038461538461538464 0.07692307692307693 0.07692307692307693 0.07692307692307693 0.038461538461538464 0.23076923076923078 0.038461538461538464 0.038461538461538464 0.038461538461538464 0.07692307692307693 0.07692307692307693 0.038461538461538464
0.05 0.05 0.05 0.1 0.05 0.1 0.05 0.05 0.05 0.05 0.05 0.05 0.15 0.05 0.1
0.047619047619047616 0.047619047619047616 0.047619047619047616 0.09523809523809523 0.047619047619047616 0.09523809523809523 0.14285714285714285 0.047619047619047616 0.047619047619047616 0.047619047619047616 0.047619047619047616 0.14285714285714285 0.047619047619047616 0.047619047619047616 0.047619047619047616
0.05 0.05 0.05 0.1 0.05 0.05 0.05 0.15 0.15 0.05 0.05 0.05 0.05 0.05 0.05
0.05263157894736842 0.05263157894736842 0.05263157894736842 0.05263157894736842 0.05263157894736842 0.10526315789473684 0.05263157894736842 0.05263157894736842 0.21052631578947367 0.05263157894736842 0.05263157894736842 0.05263157894736842 0.05263157894736842 0.05263157894736842 0.05263157894736842
0.058823529411764705 0.058823529411764705 0.11764705882352941 0.058823529411764705 0.058823529411764705 0.058823529411764705 0.058823529411764705 0.058823529411764705 0.058823529411764705 0.058823529411764705 0.058823529411764705 0.058823529411764705 0.11764705882352941 0.058823529411764705 0.058823529411764705
0.05555555555555555 0.05555555555555555 0.05555555555555555 0.05555555555555555 0.05555555555555555 0.05555555555555555 0.05555555555555555 0.05555555555555555 0.2222222222222222 0.05555555555555555 0.05555555555555555 0.05555555555555555 0.05555555555555555 0.05555555555555555 0.05555555555555555
0.06451612903225806 0.03225806451612903 0.03225806451612903 0.06451612903225806 0.03225806451612903 0.12903225806451613 0.0967741935483871 0.06451612903225806 0.03225806451612903 0.12903225806451613 0.06451612903225806 0.06451612903225806 0.06451612903225806 0.06451612903225806 0.06451612903225806
0.043478260869565216 0.08695652173913043 0.043478260869565216 0.043478260869565216 0.13043478260869565 0.043478260869565216 0.08695652173913043 0.08695652173913043 0.043478260869565216 0.043478260869565216 0.043478260869565216 0.17391304347826086 0.043478260869565216 0.043478260869565216 0.043478260869565216
0.03125 0.03125 0.03125 0.03125 0.0625 0.25 0.03125 0.03125 0.125 0.125 0.03125 0.0625 0.03125 0.0625 0.0625
0.05 0.05 0.05 0.05 0.05 0.05 0.1 0.05 0.05 0.15 0.05 0.15 0.05 0.05 0.05
0.04 0.08 0.12 0.04 0.04 0.04 0.08 0.04 0.08 0.08 0.04 0.04 0.08 0.16 0.04
0.05263157894736842 0.05263157894736842 0.05263157894736842 0.05263157894736842 0.10526315789473684 0.05263157894736842 0.05263157894736842 0.05263157894736842 0.05263157894736842 0.05263157894736842 0.05263157894736842 0.05263157894736842 0.15789473684210525 0.10526315789473684 0.05263157894736842
0.0625 0.0625 0.125 0.0625 0.0625 0.0625 0.0625 0.0625 0.0625 0.0625 0.0625 0.0625 0.0625 0.0625 0.0625
0.05 0.05 0.05 0.05 0.05 0.05 0.05 0.1 0.05 0.05 0.1 0.15 0.05 0.05 0.1
0.04 0.04 0.04 0.04 0.12 0.08 0.12 0.12 0.04 0.04 0.04 0.08 0.08 0.04 0.08
0.1111111111111111 0.05555555555555555 0.05555555555555555 0.05555555555555555 0.05555555555555555 0.05555555555555555 0.1111111111111111 0.05555555555555555 0.05555555555555555 0.1111111111111111 0.05555555555555555 0.05555555555555555 0.05555555555555555 0.05555555555555555 0.05555555555555555
0.05 0.05 0.05 0.05 0.05 0.1 0.1 0.1 0.05 0.1 0.05 0.05 0.05 0.1 0.05
0.04 0.04 0.04 0.16 0.08 0.04 0.16 0.04 0.04 0.08 0.04 0.04 0.04 0.12 0.04
0.058823529411764705 0.08823529411764706 0.11764705882352941 0.029411764705882353 0.17647058823529413 0.029411764705882353 0.029411764705882353 0.029411764705882353 0.14705882352941177 0.029411764705882353 0.08823529411764706 0.029411764705882353 0.058823529411764705 0.058823529411764705 0.029411764705882353
0.041666666666666664 0.041666666666666664 0.08333333333333333 0.125 0.08333333333333333 0.08333333333333333 0.08333333333333333 0.041666666666666664 0.08333333333333333 0.08333333333333333 0.041666666666666664 0.041666666666666664 0.041666666666666664 0.08333333333333333 0.041666666666666664
0.041666666666666664 0.125 0.041666666666666664 0.08333333333333333 0.041666666666666664 0.041666666666666664 0.125 0.125 0.041666666666666664 0.041666666666666664 0.041666666666666664 0.041666666666666664 0.08333333333333333 0.08333333333333333 0.041666666666666664
0.045454545454545456 0.045454545454545456 0.09090909090909091 0.045454545454545456 0.045454545454545456 0.045454545454545456 0.09090909090909091 0.13636363636363635 0.045454545454545456 0.045454545454545456 0.045454545454545456 0.045454545454545456 0.09090909090909091 0.045454545454545456 0.13636363636363635
0.05263157894736842 0.05263157894736842 0.05263157894736842 0.10526315789473684 0.05263157894736842 0.05263157894736842 0.05263157894736842 0.05263157894736842 0.05263157894736842 0.15789473684210525 0.05263157894736842 0.05263157894736842 0.05263157894736842 0.10526315789473684 0.05263157894736842
0.09090909090909091 0.045454545454545456 0.045454545454545456 0.09090909090909091 0.09090909090909091 0.09090909090909091 0.045454545454545456 0.13636363636363635 0.045454545454545456 0.045454545454545456 0.045454545454545456 0.09090909090909091 0.045454545454545456 0.045454545454545456 0.045454545454545456
0.047619047619047616 0.047619047619047616 0.047619047619047616 0.09523809523809523 0.047619047619047616 0.14285714285714285 0.09523809523809523 0.047619047619047616 0.047619047619047616 0.047619047619047616 0.047619047619047616 0.14285714285714285 0.047619047619047616 0.047619047619047616 0.047619047619047616
0.09523809523809523 0.09523809523809523 0.047619047619047616 0.047619047619047616 0.047619047619047616 0.09523809523809523 0.047619047619047616 0.047619047619047616 0.047619047619047616 0.047619047619047616 0.047619047619047616 0.047619047619047616 0.047619047619047616 0.09523809523809523 0.14285714285714285
0.05263157894736842 0.05263157894736842 0.2631578947368421 0.05263157894736842 0.05263157894736842 0.05263157894736842 0.05263157894736842 0.05263157894736842 0.05263157894736842 0.05263157894736842 0.05263157894736842 0.05263157894736842 0.05263157894736842 0.05263157894736842 0.05263157894736842
0.08333333333333333 0.05555555555555555 0.05555555555555555 0.027777777777777776 0.027777777777777776 0.027777777777777776 0.05555555555555555 0.027777777777777776 0.027777777777777776 0.027777777777777776 0.08333333333333333 0.05555555555555555 0.05555555555555555 0.25 0.1388888888888889
0.047619047619047616 0.047619047619047616 0.14285714285714285 0.09523809523809523 0.09523809523809523 0.047619047619047616 0.047619047619047616 0.047619047619047616 0.047619047619047616 0.047619047619047616 0.047619047619047616 0.047619047619047616 0.09523809523809523 0.09523809523809523 0.047619047619047616
0.05555555555555555 0.05555555555555555 0.05555555555555555 0.05555555555555555 0.05555555555555555 0.05555555555555555 0.05555555555555555 0.1111111111111111 0.05555555555555555 0.05555555555555555 0.05555555555555555 0.05555555555555555 0.16666666666666666 0.05555555555555555 0.05555555555555555
0.07142857142857142 0.07142857142857142 0.14285714285714285 0.03571428571428571 0.07142857142857142 0.03571428571428571 0.03571428571428571 0.03571428571428571 0.07142857142857142 0.07142857142857142 0.03571428571428571 0.03571428571428571 0.07142857142857142 0.14285714285714285 0.07142857142857142
0.047619047619047616 0.047619047619047616 0.047619047619047616 0.047619047619047616 0.047619047619047616 0.047619047619047616 0.047619047619047616 0.047619047619047616 0.19047619047619047 0.047619047619047616 0.047619047619047616 0.047619047619047616 0.047619047619047616 0.14285714285714285 0.09523809523809523
0.09090909090909091 0.045454545454545456 0.09090909090909091 0.045454545454545456 0.09090909090909091 0.045454545454545456 0.045454545454545456 0.045454545454545456 0.13636363636363635 0.045454545454545456 0.09090909090909091 0.045454545454545456 0.045454545454545456 0.045454545454545456 0.09090909090909091
0.08333333333333333 0.041666666666666664 0.041666666666666664 0.041666666666666664 0.08333333333333333 0.041666666666666664 0.041666666666666664 0.08333333333333333 0.08333333333333333 0.08333333333333333 0.125 0.041666666666666664 0.08333333333333333 0.041666666666666664 0.08333333333333333
0.07142857142857142 0.14285714285714285 0.03571428571428571 0.10714285714285714 0.03571428571428571 0.03571428571428571 0.03571428571428571 0.03571428571428571 0.03571428571428571 0.07142857142857142 0.07142857142857142 0.03571428571428571 0.14285714285714285 0.10714285714285714 0.03571428571428571
0.047619047619047616 0.14285714285714285 0.047619047619047616 0.047619047619047616 0.047619047619047616 0.047619047619047616 0.047619047619047616 0.19047619047619047 0.047619047619047616 0.047619047619047616 0.047619047619047616 0.09523809523809523 0.047619047619047616 0.047619047619047616 0.047619047619047616
0.058823529411764705 0.058823529411764705 0.058823529411764705 0.058823529411764705 0.058823529411764705 0.058823529411764705 0.058823529411764705 0.058823529411764705 0.058823529411764705 0.11764705882352941 0.058823529411764705 0.058823529411764705 0.058823529411764705 0.058823529411764705 0.11764705882352941
0.034482758620689655 0.06896551724137931 0.034482758620689655 0.13793103448275862 0.034482758620689655 0.034482758620689655 0.034482758620689655 0.13793103448275862 0.10344827586206896 0.13793103448275862 0.06896551724137931 0.034482758620689655 0.06896551724137931 0.034482758620689655 0.034482758620689655
0.16 0.04 0.04 0.04 0.12 0.04 0.08 0.04 0.12 0.08 0.08 0.04 0.04 0.04 0.04
0.045454545454545456 0.045454545454545456 0.045454545454545456 0.045454545454545456 0.045454545454545456 0.045454545454545456 0.13636363636363635 0.09090909090909091 0.18181818181818182 0.09090909090909091 0.045454545454545456 0.045454545454545456 0.045454545454545456 0.045454545454545456 0.045454545454545456
0.09523809523809523 0.047619047619047616 0.047619047619047616 0.047619047619047616 0.047619047619047616 0.047619047619047616 0.09523809523809523 0.047619047619047616 0.19047619047619047 0.047619047619047616 0.047619047619047616 0.047619047619047616 0.09523809523809523 0.047619047619047616 0.047619047619047616
0.041666666666666664 0.041666666666666664 0.08333333333333333 0.041666666666666664 0.125 0.08333333333333333 0.041666666666666664 0.08333333333333333 0.041666666666666664 0.041666666666666664 0.041666666666666664 0.08333333333333333 0.08333333333333333 0.08333333333333333 0.08333333333333333
0.08333333333333333 0.08333333333333333 0.041666666666666664 0.041666666666666664 0.041666666666666664 0.16666666666666666 0.08333333333333333 0.041666666666666664 0.041666666666666664 0.125 0.08333333333333333 0.041666666666666664 0.041666666666666664 0.041666666666666664 0.041666666666666664
0.038461538461538464 0.07692307692307693 0.07692307692307693 0.07692307692307693 0.038461538461538464 0.19230769230769232 0.038461538461538464 0.038461538461538464 0.11538461538461539 0.038461538461538464 0.038461538461538464 0.07692307692307693 0.038461538461538464 0.038461538461538464 0.07692307692307693
0.045454545454545456 0.045454545454545456 0.045454545454545456 0.09090909090909091 0.045454545454545456 0.13636363636363635 0.045454545454545456 0.045454545454545456 0.045454545454545456 0.18181818181818182 0.045454545454545456 0.045454545454545456 0.09090909090909091 0.045454545454545456 0.045454545454545456
0.037037037037037035 0.037037037037037035 0.07407407407407407 0.037037037037037035 0.037037037037037035 0.07407407407407407 0.037037037037037035 0.037037037037037035 0.25925925925925924 0.07407407407407407 0.037037037037037035 0.07407407407407407 0.037037037037037035 0.07407407407407407 0.07407407407407407
0.14285714285714285 0.047619047619047616 0.047619047619047616 0.047619047619047616 0.047619047619047616 0.09523809523809523 0.14285714285714285 0.047619047619047616 0.047619047619047616 0.047619047619047616 0.047619047619047616 0.047619047619047616 0.047619047619047616 0.047619047619047616 0.09523809523809523
0.18518518518518517 0.037037037037037035 0.07407407407407407 0.037037037037037035 0.037037037037037035 0.037037037037037035 0.1111111111111111 0.07407407407407407 0.037037037037037035 0.037037037037037035 0.037037037037037035 0.07407407407407407 0.07407407407407407 0.07407407407407407 0.07407407407407407
0.05263157894736842 0.05263157894736842 0.05263157894736842 0.10526315789473684 0.10526315789473684 0.05263157894736842 0.10526315789473684 0.05263157894736842 0.05263157894736842 0.05263157894736842 0.05263157894736842 0.05263157894736842 0.05263157894736842 0.10526315789473684 0.05263157894736842
0.07407407407407407 0.037037037037037035 0.1111111111111111 0.037037037037037035 0.037037037037037035 0.037037037037037035 0.037037037037037035 0.037037037037037035 0.2962962962962963 0.037037037037037035 0.037037037037037035 0.037037037037037035 0.037037037037037035 0.037037037037037035 0.1111111111111111
0.05263157894736842 0.05263157894736842 0.05263157894736842 0.05263157894736842 0.05263157894736842 0.10526315789473684 0.05263157894736842 0.05263157894736842 0.05263157894736842 0.15789473684210525 0.05263157894736842 0.10526315789473684 0.05263157894736842 0.05263157894736842 0.05263157894736842
0.037037037037037035 0.037037037037037035 0.037037037037037035 0.037037037037037035 0.07407407407407407 0.1111111111111111 0.037037037037037035 0.037037037037037035 0.037037037037037035 0.037037037037037035 0.07407407407407407 0.14814814814814814 0.07407407407407407 0.037037037037037035 0.18518518518518517
0.03571428571428571 0.03571428571428571 0.07142857142857142 0.03571428571428571 0.03571428571428571 0.03571428571428571 0.10714285714285714 0.25 0.03571428571428571 0.03571428571428571 0.03571428571428571 0.03571428571428571 0.03571428571428571 0.03571428571428571 0.17857142857142858
0.03571428571428571 0.03571428571428571 0.10714285714285714 0.10714285714285714 0.07142857142857142 0.03571428571428571 0.07142857142857142 0.03571428571428571 0.03571428571428571 0.07142857142857142 0.10714285714285714 0.17857142857142858 0.03571428571428571 0.03571428571428571 0.03571428571428571
0.043478260869565216 0.043478260869565216 0.043478260869565216 0.043478260869565216 0.17391304347826086 0.13043478260869565 0.043478260869565216 0.043478260869565216 0.08695652173913043 0.043478260869565216 0.043478260869565216 0.08695652173913043 0.043478260869565216 0.08695652173913043 0.043478260869565216
0.043478260869565216 0.043478260869565216 0.08695652173913043 0.13043478260869565 0.043478260869565216 0.043478260869565216 0.043478260869565216 0.17391304347826086 0.08695652173913043 0.043478260869565216 0.043478260869565216 0.08695652173913043 0.043478260869565216 0.043478260869565216 0.043478260869565216
0.05 0.05 0.1 0.1 0.1 0.05 0.05 0.1 0.05 0.05 0.05 0.05 0.05 0.05 0.1
0.045454545454545456 0.09090909090909091 0.045454545454545456 0.045454545454545456 0.045454545454545456 0.045454545454545456 0.045454545454545456 0.09090909090909091 0.13636363636363635 0.045454545454545456 0.09090909090909091 0.09090909090909091 0.09090909090909091 0.045454545454545456 0.045454545454545456
0.058823529411764705 0.058823529411764705 0.058823529411764705 0.058823529411764705 0.058823529411764705 0.058823529411764705 0.17647058823529413 0.058823529411764705 0.058823529411764705 0.058823529411764705 0.058823529411764705 0.058823529411764705 0.058823529411764705 0.058823529411764705 0.058823529411764705
0.04 0.08 0.16 0.16 0.04 0.04 0.08 0.04 0.04 0.04 0.08 0.04 0.08 0.04 0.04
0.058823529411764705 0.058823529411764705 0.058823529411764705 0.058823529411764705 0.058823529411764705 0.11764705882352941 0.11764705882352941 0.058823529411764705 0.058823529411764705 0.058823529411764705 0.058823529411764705 0.058823529411764705 0.058823529411764705 0.058823529411764705 0.058823529411764705
0.06451612903225806 0.03225806451612903 0.0967741935483871 0.0967741935483871 0.0967741935483871 0.03225806451612903 0.03225806451612903 0.06451612903225806 0.03225806451612903 0.03225806451612903 0.03225806451612903 0.0967741935483871 0.03225806451612903 0.0967741935483871 0.16129032258064516
0.02857142857142857 0.11428571428571428 0.02857142857142857 0.08571428571428572 0.22857142857142856 0.08571428571428572 0.05714285714285714 0.11428571428571428 0.02857142857142857 0.02857142857142857 0.05714285714285714 0.02857142857142857 0.02857142857142857 0.02857142857142857 0.05714285714285714
0.08 0.2 0.04 0.04 0.04 0.04 0.04 0.04 0.08 0.16 0.04 0.04 0.04 0.04 0.08
0.09523809523809523 0.047619047619047616 0.047619047619047616 0.047619047619047616 0.047619047619047616 0.047619047619047616 0.047619047619047616 0.047619047619047616 0.14285714285714285 0.047619047619047616 0.047619047619047616 0.19047619047619047 0.047619047619047616 0.047619047619047616 0.047619047619047616
0.043478260869565216 0.08695652173913043 0.043478260869565216 0.043478260869565216 0.043478260869565216 0.043478260869565216 0.043478260869565216 0.08695652173913043 0.17391304347826086 0.13043478260869565 0.043478260869565216 0.043478260869565216 0.043478260869565216 0.08695652173913043 0.043478260869565216
0.14814814814814814 0.07407407407407407 0.07407407407407407 0.037037037037037035 0.07407407407407407 0.07407407407407407 0.037037037037037035 0.07407407407407407 0.07407407407407407 0.07407407407407407 0.037037037037037035 0.037037037037037035 0.1111111111111111 0.037037037037037035 0.037037037037037035
0.06060606060606061 0.09090909090909091 0.21212121212121213 0.09090909090909091 0.030303030303030304 0.030303030303030304 0.09090909090909091 0.030303030303030304 0.030303030303030304 0.06060606060606061 0.030303030303030304 0.09090909090909091 0.06060606060606061 0.06060606060606061 0.030303030303030304
0.043478260869565216 0.08695652173913043 0.08695652173913043 0.043478260869565216 0.08695652173913043 0.043478260869565216 0.043478260869565216 0.043478260869565216 0.043478260869565216 0.08695652173913043 0.043478260869565216 0.043478260869565216 0.13043478260869565 0.08695652173913043 0.08695652173913043
0.05 0.05 0.05 0.05 0.05 0.1 0.1 0.05 0.05 0.1 0.1 0.05 0.05 0.1 0.05
0.058823529411764705 0.058823529411764705 0.058823529411764705 0.058823529411764705 0.058823529411764705 0.058823529411764705 0.058823529411764705 0.058823529411764705 0.058823529411764705 0.058823529411764705 0.058823529411764705 0.11764705882352941 0.058823529411764705 0.058823529411764705 0.11764705882352941
0.19047619047619047 0.047619047619047616 0.047619047619047616 0.047619047619047616 0.09523809523809523 0.047619047619047616 0.047619047619047616 0.09523809523809523 0.047619047619047616 0.047619047619047616 0.047619047619047616 0.047619047619047616 0.047619047619047616 0.047619047619047616 0.09523809523809523
0.05555555555555555 0.05555555555555555 0.05555555555555555 0.05555555555555555 0.05555555555555555 0.05555555555555555 0.1111111111111111 0.05555555555555555 0.1111111111111111 0.05555555555555555 0.1111111111111111 0.05555555555555555 0.05555555555555555 0.05555555555555555 0.05555555555555555
0.1 0.05 0.1 0.05 0.05 0.1 0.05 0.05 0.05 0.05 0.05 0.1 0.1 0.05 0.05
0.047619047619047616 0.047619047619047616 0.047619047619047616 0.047619047619047616 0.047619047619047616 0.047619047619047616 0.047619047619047616 0.047619047619047616 0.09523809523809523 0.047619047619047616 0.19047619047619047 0.09523809523809523 0.047619047619047616 0.047619047619047616 0.09523809523809523
0.1111111111111111 0.05555555555555555 0.05555555555555555 0.05555555555555555 0.05555555555555555 0.05555555555555555 0.05555555555555555 0.05555555555555555 0.1111111111111111 0.05555555555555555 0.05555555555555555 0.05555555555555555 0.1111111111111111 0.05555555555555555 0.05555555555555555
0.022222222222222223 0.044444444444444446 0.06666666666666667 0.06666666666666667 0.022222222222222223 0.06666666666666667 0.044444444444444446 0.4222222222222222 0.044444444444444446 0.022222222222222223 0.022222222222222223 0.022222222222222223 0.022222222222222223 0.08888888888888889 0.022222222222222223
0.045454545454545456 0.045454545454545456 0.045454545454545456 0.045454545454545456 0.045454545454545456 0.09090909090909091 0.09090909090909091 0.045454545454545456 0.09090909090909091 0.045454545454545456 0.13636363636363635 0.09090909090909091 0.045454545454545456 0.09090909090909091 0.045454545454545456
0.05263157894736842 0.05263157894736842 0.21052631578947367 0.05263157894736842 0.05263157894736842 0.05263157894736842 0.05263157894736842 0.05263157894736842 0.05263157894736842 0.05263157894736842 0.05263157894736842 0.05263157894736842 0.10526315789473684 0.05263157894736842 0.05263157894736842
0.041666666666666664 0.041666666666666664 0.20833333333333334 0.08333333333333333 0.041666666666666664 0.041666666666666664 0.041666666666666664 0.041666666666666664 0.041666666666666664 0.041666666666666664 0.041666666666666664 0.08333333333333333 0.041666666666666664 0.041666666666666664 0.16666666666666666
0.05555555555555555 0.05555555555555555 0.05555555555555555 0.05555555555555555 0.05555555555555555 0.05555555555555555 0.05555555555555555 0.05555555555555555 0.05555555555555555 0.05555555555555555 0.05555555555555555 0.05555555555555555 0.05555555555555555 0.1111111111111111 0.16666666666666666
0.041666666666666664 0.041666666666666664 0.041666666666666664 0.041666666666666664 0.041666666666666664 0.08333333333333333 0.125 0.041666666666666664 0.041666666666666664 0.041666666666666664 0.2916666666666667 0.041666666666666664 0.041666666666666664 0.041666666666666664 0.041666666666666664
0.09523809523809523 0.047619047619047616 0.047619047619047616 0.09523809523809523 0.09523809523809523 0.09523809523809523 0.047619047619047616 0.047619047619047616 0.09523809523809523 0.047619047619047616 0.047619047619047616 0.047619047619047616 0.047619047619047616 0.047619047619047616 0.09523809523809523
0.1 0.05 0.05 0.2 0.05 0.05 0.05 0.05 0.05 0.05 0.05 0.05 0.05 0.1 0.05
0.038461538461538464 0.3076923076923077 0.07692307692307693 0.038461538461538464 0.038461538461538464 0.038461538461538464 0.038461538461538464 0.038461538461538464 0.038461538461538464 0.07692307692307693 0.038461538461538464 0.07692307692307693 0.038461538461538464 0.038461538461538464 0.07692307692307693
0.0967741935483871 0.03225806451612903 0.03225806451612903 0.03225806451612903 0.12903225806451613 0.03225806451612903 0.03225806451612903 0.16129032258064516 0.0967741935483871 0.06451612903225806 0.12903225806451613 0.06451612903225806 0.03225806451612903 0.03225806451612903 0.03225806451612903
0.09523809523809523 0.09523809523809523 0.047619047619047616 0.047619047619047616 0.047619047619047616 0.047619047619047616 0.09523809523809523 0.047619047619047616 0.047619047619047616 0.047619047619047616 0.047619047619047616 0.09523809523809523 0.09523809523809523 0.09523809523809523 0.047619047619047616
