0.06513409961685818 0.054022988505747084 0.05900383141762448 0.06321839080459765 0.08122605363984674 0.056704980842911826 0.060919540229885 0.0651340996168582 0.0693486590038314 0.07432950191570876 0.08160919540229884 0.06743295019157083 0.0800766283524904 0.045210727969348614 0.07662835249042142
0.07407407407407399 0.05291005291005283 0.07037037037037029 0.0597883597883597 0.07777777777777771 0.06560846560846553 0.07301587301587292 0.06719576719576711 0.06666666666666661 0.0629629629629629 0.07619047619047611 0.06084656084656076 0.06984126984126975 0.05132275132275125 0.07142857142857137
0.05617283950617273 0.05555555555555545 0.0574074074074073 0.05679012345679001 0.05617283950617273 0.05555555555555545 0.0574074074074073 0.058024691358024585 0.05740740740740729 0.05679012345679001 0.05679012345679001 0.05617283950617273 0.05679012345679001 0.20555555555555527 0.05740740740740729
0.06549707602339178 0.05497076023391812 0.05789473684210525 0.059649122807017535 0.06725146198830405 0.056725146198830394 0.0567251461988304 0.05730994152046782 0.0614035087719298 0.05789473684210527 0.06081871345029239 0.054970760233918115 0.060818713450292376 0.1614035087719296 0.06666666666666668
0.06023391812865494 0.05555555555555555 0.05614035087719297 0.060233918128654945 0.05614035087719297 0.056725146198830415 0.057309941520467825 0.06081871345029237 0.056725146198830394 0.05789473684210523 0.055555555555555546 0.05730994152046782 0.05789473684210524 0.19532163742690054 0.056140350877193
0.0614035087719298 0.05906432748538012 0.06491228070175432 0.06900584795321638 0.0678362573099415 0.0678362573099415 0.06257309941520464 0.06198830409356721 0.06608187134502923 0.06608187134502923 0.07309941520467829 0.07602339181286547 0.07309941520467833 0.05789473684210525 0.07309941520467837
0.06714975845410638 0.06328502415458945 0.05942028985507255 0.06908212560386483 0.0719806763285025 0.07149758454106292 0.06521739130434792 0.07004830917874405 0.05603864734299526 0.06618357487922714 0.07246376811594213 0.0705314009661837 0.0652173913043479 0.051207729468599104 0.08067632850241555
0.07200000000000005 0.05244444444444448 0.07600000000000005 0.06044444444444448 0.07422222222222227 0.06888888888888894 0.06133333333333338 0.06577777777777781 0.06666666666666671 0.06711111111111116 0.0804444444444445 0.062222222222222255 0.06755555555555559 0.04844444444444448 0.0764444444444445
0.055092592592592596 0.05601851851851851 0.06296296296296297 0.06064814814814819 0.08101851851851859 0.057407407407407414 0.0689814814814815 0.07037037037037037 0.05925925925925928 0.08703703703703707 0.06990740740740747 0.07222222222222231 0.07592592592592592 0.04861111111111107 0.07453703703703708
0.07444444444444438 0.058333333333333244 0.0627777777777777 0.06444444444444436 0.06444444444444436 0.061666666666666585 0.06499999999999992 0.06666666666666658 0.06166666666666658 0.07388888888888877 0.05999999999999991 0.06555555555555546 0.07055555555555547 0.09055555555555546 0.05999999999999991
0.058333333333333334 0.04513888888888889 0.0642361111111111 0.06354166666666666 0.0875 0.060069444444444446 0.0642361111111111 0.06631944444444444 0.06145833333333333 0.07881944444444444 0.06805555555555555 0.07395833333333333 0.08298611111111111 0.051041666666666666 0.07430555555555556
0.06601307189542469 0.0633986928104574 0.06928104575163384 0.06666666666666653 0.06535947712418287 0.06732026143790838 0.06928104575163385 0.07124183006535935 0.06470588235294104 0.07058823529411751 0.06535947712418287 0.06535947712418287 0.06405228758169922 0.06470588235294104 0.06666666666666654
0.06400000000000004 0.05288888888888892 0.05688888888888892 0.0595555555555556 0.08977777777777782 0.0626666666666667 0.059111111111111156 0.06622222222222227 0.06133333333333338 0.07511111111111117 0.0755555555555556 0.09555555555555552 0.06577777777777782 0.045777777777777806 0.06977777777777783
0.07142857142857134 0.05714285714285704 0.06507936507936499 0.07354497354497348 0.07142857142857133 0.0708994708994708 0.065079365079365 0.06931216931216924 0.06719576719576711 0.0629629629629629 0.06507936507936497 0.0613756613756613 0.07195767195767187 0.05449735449735442 0.07301587301587296
0.06111111111111116 0.05454545454545458 0.09292929292929299 0.06111111111111113 0.07272727272727283 0.0626262626262627 0.08939393939393937 0.06212121212121217 0.0646464646464647 0.07272727272727277 0.06010101010101014 0.06111111111111117 0.06767676767676771 0.05252525252525256 0.0646464646464647
0.06432748538011693 0.060233918128654945 0.06666666666666665 0.07076023391812862 0.06783625730994149 0.06608187134502923 0.06608187134502923 0.0660818713450292 0.0678362573099415 0.0707602339181286 0.06842105263157892 0.06842105263157892 0.06549707602339173 0.06315789473684208 0.06783625730994146
0.0571428571428571 0.048015873015873005 0.10198412698412701 0.051587301587301564 0.0587301587301587 0.0575396825396825 0.09642857142857147 0.056746031746031704 0.05515873015873011 0.06468253968253965 0.061111111111111074 0.059126984126984077 0.05833333333333331 0.10793650793650789 0.06547619047619042
0.05292397660818711 0.2807017543859649 0.049122807017543846 0.051461988304093556 0.0485380116959064 0.05643274853801166 0.052631578947368376 0.047660818713450265 0.048830409356725106 0.05497076023391808 0.05380116959064322 0.047368421052631574 0.05204678362573098 0.05555555555555552 0.04795321637426897
0.04325396825396824 0.3305555555555557 0.04444444444444447 0.0698412698412698 0.039682539682539646 0.0591269841269841 0.04365079365079362 0.04603174603174603 0.0551587301587301 0.0464285714285714 0.04325396825396822 0.054761904761904755 0.04285714285714283 0.03769841269841267 0.043253968253968225
0.07160493827160483 0.07839506172839494 0.06234567901234556 0.0648148148148147 0.07037037037037024 0.0685185185185184 0.0679012345679011 0.0691358024691357 0.0641975308641974 0.06790123456790109 0.06358024691358014 0.05925925925925915 0.06604938271604927 0.06111111111111099 0.0648148148148147
0.04999999999999995 0.3146825396825398 0.04642857142857142 0.06230158730158725 0.04761904761904761 0.05039682539682536 0.045238095238095216 0.04761904761904759 0.05515873015873009 0.04365079365079363 0.04563492063492062 0.0579365079365079 0.04642857142857139 0.04126984126984126 0.04563492063492062
0.06315789473684207 0.06374269005847949 0.07134502923976603 0.06959064327485379 0.06666666666666664 0.0637426900584795 0.07192982456140348 0.0707602339181286 0.06491228070175438 0.07134502923976607 0.06608187134502919 0.06608187134502917 0.06725146198830408 0.05906432748538011 0.06432748538011696
0.06851851851851855 0.07731481481481484 0.06111111111111111 0.054629629629629646 0.06712962962962964 0.0657407407407407 0.06851851851851858 0.07916666666666675 0.06296296296296297 0.07453703703703705 0.06990740740740746 0.06620370370370378 0.0652777777777778 0.047685185185185136 0.07129629629629632
0.06023391812865497 0.06081871345029239 0.061988304093567245 0.09766081871345024 0.059649122807017514 0.0736842105263158 0.061988304093567224 0.06081871345029236 0.07602339181286542 0.06198830409356722 0.06081871345029236 0.08245614035087724 0.06081871345029236 0.05614035087719296 0.06491228070175435
0.07666666666666658 0.05555555555555547 0.06777777777777769 0.06499999999999989 0.06611111111111101 0.06333333333333327 0.06555555555555545 0.06333333333333324 0.0688888888888888 0.06611111111111101 0.07333333333333325 0.0677777777777777 0.0699999999999999 0.061666666666666585 0.0688888888888888
0.06666666666666653 0.062091503267973726 0.06470588235294104 0.0836601307189541 0.06274509803921555 0.07516339869281032 0.06013071895424823 0.06535947712418287 0.07124183006535934 0.06470588235294103 0.06274509803921555 0.07647058823529397 0.0640522875816992 0.05882352941176457 0.0614379084967319
0.06183574879227064 0.06521739130434791 0.06280193236714982 0.058454106280193326 0.057487922705314096 0.05797101449275369 0.05748792270531411 0.05990338164251215 0.057971014492753714 0.05797101449275372 0.06038647342995179 0.05458937198067641 0.05555555555555566 0.1758454106280195 0.056521739130434845
0.07361111111111114 0.06851851851851853 0.05879629629629632 0.0842592592592593 0.07222222222222227 0.07222222222222222 0.05740740740740743 0.06018518518518522 0.07407407407407411 0.061574074074074114 0.06666666666666668 0.0731481481481482 0.06666666666666671 0.048611111111111084 0.06203703703703707
0.06759259259259263 0.06203703703703704 0.06527777777777778 0.05694444444444446 0.07453703703703707 0.07777777777777779 0.07546296296296304 0.07916666666666668 0.0745370370370371 0.06898148148148153 0.06712962962962966 0.0606481481481482 0.05787037037037038 0.04629629629629625 0.06574074074074075
0.0648148148148147 0.06358024691358014 0.06419753086419741 0.08641975308641964 0.06234567901234556 0.06419753086419742 0.06913580246913568 0.0679012345679011 0.07283950617283938 0.06296296296296285 0.05925925925925915 0.07654320987654309 0.06234567901234556 0.05925925925925914 0.06419753086419741
0.06613756613756605 0.06931216931216923 0.06719576719576713 0.05873015873015866 0.06984126984126975 0.065079365079365 0.07566137566137557 0.07248677248677242 0.07089947089947088 0.06560846560846555 0.07354497354497347 0.06243386243386234 0.06825396825396816 0.04814814814814808 0.0666666666666666
0.07124183006535935 0.0614379084967319 0.06535947712418289 0.06535947712418289 0.06862745098039201 0.06797385620915018 0.06862745098039204 0.07124183006535934 0.06862745098039201 0.0660130718954247 0.06862745098039201 0.06601307189542473 0.06601307189542471 0.06078431372549007 0.0640522875816992
0.06527777777777777 0.05833333333333334 0.05972222222222225 0.10879629629629621 0.061111111111111144 0.07407407407407411 0.05509259259259261 0.06157407407407411 0.07962962962962972 0.06574074074074077 0.06018518518518523 0.08287037037037034 0.06342592592592593 0.04814814814814813 0.0560185185185185
0.06666666666666658 0.07111111111111101 0.061111111111111005 0.05888888888888881 0.05944444444444434 0.06111111111111102 0.06055555555555546 0.06611111111111101 0.0616666666666666 0.06055555555555547 0.05999999999999993 0.05611111111111102 0.0627777777777777 0.13500000000000006 0.05888888888888879
0.05967078189300419 0.05226337448559675 0.07078189300411529 0.07078189300411525 0.06460905349794244 0.06172839506172844 0.0769547325102881 0.06913580246913587 0.06460905349794245 0.07119341563786014 0.07572016460905358 0.07119341563786015 0.06296296296296301 0.04691358024691362 0.0814814814814815
0.06243386243386236 0.06931216931216923 0.06402116402116394 0.09047619047619038 0.06507936507936503 0.06878306878306871 0.0597883597883597 0.06031746031746024 0.07513227513227505 0.06349206349206342 0.06455026455026448 0.08253968253968254 0.055555555555555476 0.052380952380952306 0.06613756613756604
0.06543209876543214 0.07901234567901241 0.06419753086419754 0.07448559670781897 0.07530864197530868 0.060905349794238756 0.06296296296296304 0.06255144032921818 0.06954732510288066 0.06707818930041157 0.0650205761316873 0.06707818930041158 0.06913580246913581 0.050617283950617334 0.06666666666666672
0.06084656084656078 0.05238095238095231 0.06349206349206339 0.08835978835978832 0.05767195767195758 0.07989417989417982 0.06031746031746022 0.06243386243386235 0.07248677248677236 0.06455026455026444 0.06560846560846552 0.08624338624338619 0.06825396825396819 0.05238095238095232 0.06507936507936497
0.05679012345679001 0.05555555555555545 0.05740740740740729 0.05617283950617273 0.05740740740740729 0.05740740740740729 0.058024691358024585 0.05679012345679001 0.05740740740740729 0.05802469135802459 0.05617283950617273 0.05679012345679001 0.058024691358024585 0.20061728395061695 0.0574074074074073
0.08133333333333338 0.06933333333333337 0.059111111111111156 0.06400000000000004 0.06800000000000005 0.06800000000000005 0.06533333333333337 0.07422222222222227 0.06488888888888893 0.06933333333333337 0.06533333333333337 0.06488888888888894 0.07066666666666671 0.05200000000000004 0.06355555555555559
0.06203703703703705 0.062962962962963 0.11388888888888875 0.056018518518518544 0.06481481481481483 0.05879629629629629 0.10509259259259258 0.06018518518518519 0.06296296296296297 0.06481481481481483 0.05555555555555555 0.0564814814814815 0.06342592592592593 0.04953703703703703 0.06342592592592594
0.058222222222222265 0.05022222222222226 0.057333333333333375 0.13111111111111093 0.05422222222222226 0.06977777777777783 0.05777777777777782 0.05600000000000004 0.08488888888888893 0.055555555555555594 0.05600000000000004 0.10266666666666673 0.05333333333333337 0.048000000000000036 0.06488888888888894
0.06800000000000005 0.05155555555555559 0.06933333333333339 0.05600000000000004 0.06800000000000005 0.06622222222222227 0.0595555555555556 0.061333333333333365 0.05822222222222225 0.06488888888888891 0.06400000000000004 0.059111111111111156 0.08133333333333338 0.10755555555555556 0.06488888888888894
0.06049382716049372 0.06049382716049371 0.06172839506172829 0.09382716049382704 0.05925925925925915 0.06851851851851841 0.06172839506172829 0.06234567901234556 0.0753086419753085 0.05864197530864187 0.06111111111111099 0.087037037037037 0.06543209876543199 0.061728395061728274 0.062345679012345556
0.06903073286052006 0.09952718676122935 0.05224586288416073 0.051063829787234026 0.06737588652482267 0.08416075650118203 0.10472813238770683 0.10520094562647749 0.07943262411347514 0.06122931442080376 0.045626477541371134 0.04633569739952718 0.043735224586288424 0.028132387706855798 0.06217494089834516
0.07248677248677243 0.0576719576719576 0.06772486772486765 0.06984126984126977 0.06031746031746025 0.065079365079365 0.07037037037037028 0.06931216931216923 0.06455026455026448 0.06613756613756606 0.07460317460317452 0.06772486772486765 0.0666666666666666 0.057142857142857065 0.07037037037037026
0.06432748538011691 0.06257309941520466 0.07134502923976604 0.059064327485380076 0.07953216374269004 0.061403508771929786 0.07017543859649122 0.06783625730994149 0.06198830409356721 0.07602339181286545 0.06549707602339175 0.06842105263157888 0.0678362573099415 0.055555555555555525 0.06842105263157895
0.0699999999999999 0.05222222222222214 0.06388888888888879 0.06666666666666658 0.0777777777777777 0.06499999999999989 0.06666666666666657 0.06722222222222216 0.06611111111111101 0.07833333333333327 0.06277777777777768 0.07055555555555545 0.071111111111111 0.05444444444444436 0.06722222222222217
0.06432748538011693 0.06198830409356724 0.06315789473684208 0.08771929824561397 0.06081871345029234 0.06842105263157892 0.0654970760233918 0.06374269005847953 0.06900584795321632 0.06140350877192984 0.06315789473684207 0.07602339181286559 0.06666666666666665 0.05789473684210524 0.0701754385964912
0.06515151515151521 0.08383838383838389 0.06262626262626265 0.07929292929292939 0.06464646464646472 0.06464646464646473 0.05303030303030306 0.06161616161616168 0.0732323232323233 0.06212121212121217 0.06919191919191924 0.07828282828282832 0.06363636363636371 0.05555555555555562 0.06313131313131316
0.06388888888888879 0.05888888888888881 0.06388888888888881 0.06555555555555545 0.061666666666666564 0.06333333333333324 0.06555555555555546 0.06888888888888882 0.06722222222222213 0.06555555555555546 0.06388888888888881 0.06944444444444438 0.06444444444444435 0.09388888888888879 0.0638888888888888
0.05555555555555554 0.0543859649122807 0.11228070175438581 0.055555555555555546 0.05847953216374265 0.05789473684210525 0.10467836257309938 0.05964912280701756 0.056725146198830394 0.06198830409356724 0.056140350877193 0.05730994152046782 0.05847953216374269 0.09473684210526319 0.05614035087719297
0.062301587301587275 0.05634920634920631 0.10039682539682544 0.05277777777777777 0.06547619047619042 0.07301587301587302 0.10317460317460318 0.07539682539682535 0.06071428571428568 0.07142857142857137 0.05317460317460315 0.06230158730158725 0.05873015873015869 0.04047619047619046 0.06428571428571427
0.06618357487922713 0.04975845410628026 0.11352657004830899 0.05507246376811604 0.06666666666666675 0.061352657004831 0.09227053140096615 0.05990338164251217 0.0579710144927537 0.07004830917874402 0.06473429951690832 0.06086956521739142 0.07101449275362326 0.048792270531401054 0.0618357487922706
0.06543209876543198 0.05740740740740729 0.05987654320987642 0.06234567901234556 0.0765432098765431 0.06666666666666655 0.06172839506172829 0.06604938271604925 0.062345679012345556 0.0691358024691357 0.07283950617283938 0.0759259259259258 0.07160493827160483 0.05864197530864187 0.07345679012345668
0.0724867724867724 0.05714285714285705 0.06243386243386236 0.0671957671957671 0.06666666666666658 0.07301587301587295 0.06243386243386237 0.07195767195767186 0.06560846560846552 0.06825396825396819 0.06719576719576709 0.07195767195767189 0.06349206349206342 0.06084656084656076 0.06931216931216923
0.0685185185185184 0.05802469135802457 0.06851851851851841 0.06358024691358014 0.06728395061728384 0.06666666666666655 0.06049382716049372 0.06358024691358014 0.07098765432098757 0.06543209876543196 0.07901234567901222 0.05925925925925915 0.07345679012345667 0.059876543209876426 0.07530864197530855
0.06161616161616165 0.0560606060606061 0.06212121212121219 0.057575757575757586 0.06262626262626265 0.0621212121212122 0.05505050505050509 0.05959595959595962 0.06060606060606067 0.05909090909090913 0.06767676767676775 0.05858585858585865 0.06414141414141421 0.14696969696969703 0.06616161616161621
0.06402116402116396 0.07354497354497344 0.06031746031746025 0.0613756613756613 0.06772486772486765 0.06719576719576713 0.07037037037037026 0.07460317460317453 0.06666666666666658 0.06190476190476183 0.07513227513227508 0.06666666666666655 0.06455026455026448 0.053968253968253894 0.0719576719576719
0.0654970760233918 0.0573099415204678 0.0643274853801169 0.06023391812865494 0.06725146198830408 0.0660818713450292 0.06432748538011696 0.06374269005847953 0.0637426900584795 0.07134502923976603 0.0766081871345029 0.07192982456140344 0.07368421052631573 0.05964912280701754 0.07426900584795325
0.06913580246913568 0.06172839506172829 0.07345679012345666 0.06604938271604925 0.07037037037037024 0.061728395061728274 0.06666666666666655 0.06728395061728383 0.0685185185185184 0.0679012345679011 0.06913580246913568 0.06666666666666655 0.06851851851851841 0.05679012345679001 0.06604938271604927
0.058222222222222265 0.052444444444444474 0.06000000000000003 0.06311111111111116 0.0626666666666667 0.06311111111111115 0.06222222222222227 0.06133333333333338 0.058222222222222265 0.06488888888888893 0.07022222222222227 0.07022222222222227 0.06444444444444448 0.1173333333333333 0.07155555555555561
0.06296296296296289 0.05449735449735444 0.06031746031746025 0.058730158730158646 0.059259259259259185 0.06031746031746023 0.0629629629629629 0.05661375661375653 0.059259259259259164 0.05502645502645494 0.05661375661375656 0.05767195767195758 0.06243386243386236 0.16825396825396804 0.065079365079365
0.0688888888888888 0.05666666666666658 0.06722222222222213 0.06333333333333324 0.07222222222222213 0.07166666666666657 0.061666666666666564 0.06611111111111102 0.07055555555555545 0.06499999999999989 0.06999999999999992 0.06555555555555546 0.07277777777777769 0.05611111111111104 0.07222222222222213
0.06719576719576716 0.057671957671957604 0.07301587301587296 0.05396825396825389 0.06349206349206342 0.05767195767195757 0.06349206349206342 0.06560846560846555 0.06031746031746022 0.05714285714285706 0.06455026455026448 0.053439153439153356 0.06084656084656077 0.14074074074074058 0.06084656084656076
0.07543859649122803 0.0608187134502924 0.06491228070175438 0.06666666666666662 0.06608187134502923 0.07017543859649117 0.06608187134502921 0.06842105263157891 0.06491228070175431 0.06608187134502919 0.07543859649122807 0.06374269005847946 0.06725146198830405 0.059649122807017535 0.06432748538011694
0.06367521367521362 0.05213675213675209 0.05811965811965806 0.04957264957264954 0.05897435897435891 0.055555555555555525 0.05726495726495722 0.06324786324786322 0.055982905982905944 0.05811965811965806 0.0538461538461538 0.05982905982905976 0.061111111111111054 0.18589743589743568 0.0666666666666666
0.07833333333333324 0.06666666666666658 0.06388888888888881 0.06333333333333323 0.06666666666666657 0.06666666666666658 0.06999999999999988 0.06222222222222214 0.0666666666666666 0.06833333333333327 0.06833333333333326 0.06111111111111104 0.06611111111111102 0.05611111111111102 0.07555555555555546
0.0693121693121692 0.06296296296296287 0.06666666666666661 0.06402116402116394 0.07513227513227506 0.065079365079365 0.07248677248677242 0.06402116402116394 0.06931216931216924 0.06931216931216923 0.05767195767195758 0.06931216931216923 0.06984126984126979 0.059788359788359724 0.06507936507936499
0.058888888888888796 0.05222222222222214 0.05833333333333325 0.05777777777777768 0.06499999999999992 0.059999999999999915 0.058333333333333244 0.061666666666666585 0.0577777777777777 0.06333333333333326 0.0688888888888888 0.07055555555555544 0.0627777777777777 0.1411111111111112 0.06333333333333326
0.05438596491228069 0.05497076023391812 0.05730994152046782 0.05497076023391813 0.05555555555555555 0.05555555555555555 0.05614035087719296 0.05555555555555554 0.055555555555555566 0.05614035087719297 0.05438596491228071 0.05789473684210523 0.0567251461988304 0.21695906432748543 0.05789473684210526
0.0614379084967319 0.06078431372549007 0.06209150326797371 0.09215686274509786 0.061437908496731884 0.0699346405228757 0.06013071895424824 0.06666666666666653 0.07254901960784299 0.0614379084967319 0.0594771241830064 0.08300653594771229 0.0640522875816992 0.0594771241830064 0.06535947712418287
0.05617283950617273 0.05555555555555545 0.05679012345679002 0.05740740740740729 0.05679012345679001 0.05740740740740729 0.0574074074074073 0.05987654320987642 0.05740740740740729 0.05679012345679001 0.05740740740740729 0.05617283950617273 0.05617283950617273 0.2006172839506169 0.05802469135802457
0.07275985663082432 0.04982078853046591 0.06559139784946233 0.06989247311827952 0.07383512544802863 0.06989247311827952 0.07240143369175622 0.07706093189964153 0.061648745519713215 0.06810035842293902 0.06093189964157702 0.06594982078853043 0.07025089605734763 0.046594982078853014 0.07526881720430102
0.06376811594202908 0.04927536231884066 0.06666666666666676 0.0618357487922706 0.07584541062801939 0.06280193236714986 0.06618357487922714 0.0637681159420291 0.06135265700483102 0.07198067632850248 0.06666666666666675 0.07681159420289868 0.0835748792270532 0.056521739130434866 0.07294685990338173
0.059027777777777776 0.05520833333333333 0.05381944444444445 0.05590277777777778 0.06631944444444444 0.05486111111111111 0.06145833333333333 0.07361111111111111 0.059375 0.071875 0.0642361111111111 0.058333333333333334 0.05347222222222222 0.14618055555555556 0.06631944444444444
0.071111111111111 0.05555555555555547 0.08055555555555544 0.0627777777777777 0.07111111111111103 0.06055555555555546 0.07277777777777769 0.06444444444444435 0.05666666666666658 0.06833333333333326 0.06833333333333323 0.06944444444444435 0.07111111111111103 0.05444444444444435 0.07277777777777769
0.05688888888888892 0.11377777777777774 0.056444444444444485 0.08222222222222228 0.05377777777777781 0.06666666666666671 0.06711111111111115 0.05866666666666671 0.06800000000000005 0.05511111111111115 0.057333333333333375 0.06977777777777783 0.05955555555555559 0.07377777777777783 0.06088888888888892
0.06666666666666667 0.06374269005847949 0.06900584795321635 0.07076023391812862 0.06491228070175432 0.06315789473684211 0.0660818713450292 0.0660818713450292 0.06666666666666661 0.07602339181286549 0.06725146198830405 0.06608187134502923 0.06608187134502924 0.0637426900584795 0.06374269005847948
0.06319444444444444 0.06388888888888888 0.06458333333333334 0.08125 0.06388888888888888 0.07222222222222222 0.06388888888888888 0.0625 0.06805555555555555 0.06319444444444444 0.06597222222222222 0.07222222222222222 0.06597222222222222 0.0625 0.06666666666666667
0.06777777777777769 0.05444444444444436 0.06388888888888881 0.06222222222222213 0.07388888888888882 0.06222222222222213 0.06555555555555545 0.07722222222222208 0.06222222222222214 0.07444444444444434 0.06944444444444438 0.06611111111111101 0.06833333333333326 0.05777777777777771 0.07444444444444435
0.06888888888888894 0.054666666666666704 0.07600000000000005 0.06533333333333337 0.06933333333333337 0.06400000000000004 0.06977777777777781 0.07511111111111116 0.07244444444444449 0.06177777777777782 0.07333333333333338 0.06311111111111115 0.07911111111111116 0.04400000000000003 0.06311111111111115
0.06358024691358014 0.05864197530864187 0.06604938271604928 0.07098765432098754 0.07222222222222209 0.0685185185185184 0.06419753086419742 0.06604938271604925 0.06666666666666655 0.07098765432098754 0.06851851851851838 0.06728395061728384 0.06851851851851841 0.05679012345679001 0.07098765432098755
0.06833333333333323 0.05999999999999991 0.0627777777777777 0.061666666666666585 0.07222222222222212 0.06666666666666658 0.06833333333333323 0.0627777777777777 0.06555555555555546 0.06611111111111101 0.07388888888888878 0.06944444444444435 0.0777777777777777 0.05666666666666657 0.0677777777777777
0.06444444444444448 0.06977777777777781 0.07111111111111115 0.06933333333333337 0.06355555555555559 0.06711111111111116 0.07733333333333338 0.06977777777777783 0.07422222222222227 0.0644444444444445 0.07288888888888895 0.06044444444444449 0.056444444444444485 0.05022222222222226 0.06888888888888894
0.07647058823529404 0.04575163398692804 0.05653594771241822 0.07254901960784303 0.04999999999999992 0.07156862745098032 0.05065359477124175 0.06764705882352932 0.06307189542483649 0.057516339869280966 0.05424836601307182 0.07875816993464047 0.06732026143790841 0.13006535947712397 0.05784313725490188
0.06250000000000001 0.05416666666666669 0.06620370370370371 0.07685185185185191 0.06388888888888888 0.07129629629629634 0.05555555555555555 0.0643518518518519 0.06712962962962964 0.06712962962962968 0.06712962962962965 0.0717592592592592 0.06712962962962968 0.08518518518518516 0.05972222222222223
0.0745370370370371 0.06666666666666667 0.06666666666666672 0.05740740740740739 0.07500000000000002 0.07685185185185181 0.07361111111111117 0.06759259259259265 0.06759259259259263 0.07268518518518519 0.0731481481481482 0.059259259259259275 0.06111111111111112 0.0486111111111111 0.05925925925925927
0.0696969696969698 0.054545454545454564 0.06666666666666672 0.06616161616161617 0.06969696969696974 0.07121212121212127 0.0742424242424243 0.0707070707070708 0.06464646464646474 0.06767676767676775 0.07222222222222228 0.0611111111111112 0.06818181818181823 0.05202020202020203 0.07121212121212127
0.06374269005847952 0.056725146198830394 0.06666666666666661 0.06315789473684208 0.07894736842105257 0.06549707602339179 0.06374269005847949 0.06608187134502919 0.060233918128654966 0.07719298245614034 0.07076023391812863 0.07017543859649115 0.07017543859649118 0.05438596491228069 0.07251461988304096
0.0767676767676768 0.0565656565656566 0.05909090909090913 0.0646464646464647 0.07525252525252533 0.06111111111111115 0.06818181818181826 0.06414141414141424 0.07070707070707079 0.07272727272727281 0.06767676767676772 0.06767676767676778 0.07222222222222231 0.05404040404040408 0.06919191919191925
0.07037037037037026 0.06031746031746022 0.06825396825396816 0.06666666666666658 0.0793650793650793 0.0687830687830687 0.059788359788359696 0.06666666666666657 0.0666666666666666 0.06878306878306868 0.07195767195767185 0.06137566137566131 0.06878306878306871 0.05026455026455019 0.0719576719576719
0.0671957671957671 0.05820105820105812 0.06560846560846555 0.08359788359788353 0.06878306878306868 0.065079365079365 0.055555555555555476 0.06825396825396818 0.0724867724867724 0.0613756613756613 0.06984126984126973 0.0772486772486772 0.06666666666666657 0.05079365079365073 0.0693121693121692
0.057309941520467825 0.06198830409356724 0.05906432748538011 0.1017543859649122 0.057309941520467825 0.06608187134502917 0.05847953216374265 0.06549707602339178 0.07719298245614026 0.05789473684210522 0.05906432748538014 0.09298245614035087 0.06842105263157888 0.05321637426900585 0.0637426900584795
0.06820987654320981 0.07037037037037029 0.05586419753086412 0.07469135802469126 0.06327160493827153 0.08240740740740733 0.06265432098765422 0.0731481481481481 0.07654320987654316 0.05987654320987646 0.06759259259259251 0.07716049382716042 0.06358024691358016 0.03765432098765425 0.06697530864197523
0.07142857142857134 0.07513227513227504 0.07142857142857136 0.06772486772486765 0.05925925925925916 0.06878306878306871 0.0671957671957671 0.07195767195767187 0.065079365079365 0.0777777777777777 0.06190476190476183 0.06455026455026448 0.06772486772486765 0.05132275132275127 0.05873015873015866
0.06296296296296286 0.06604938271604927 0.06666666666666653 0.06234567901234556 0.06975308641975297 0.06049382716049372 0.06296296296296286 0.0641975308641974 0.05864197530864187 0.06975308641975296 0.06604938271604927 0.06666666666666653 0.06419753086419744 0.09135802469135786 0.0679012345679011
0.06031746031746027 0.06071428571428569 0.05873015873015869 0.06507936507936503 0.0678571428571428 0.07420634920634916 0.06825396825396816 0.07579365079365077 0.07738095238095234 0.0579365079365079 0.06428571428571422 0.061111111111111054 0.067063492063492 0.0777777777777777 0.06349206349206342
0.05661375661375653 0.06613756613756606 0.05767195767195762 0.05873015873015866 0.058201058201058094 0.06243386243386237 0.05925925925925916 0.06455026455026451 0.05767195767195758 0.053968253968253894 0.0582010582010581 0.05608465608465599 0.056084656084656015 0.17830687830687802 0.056084656084656015
0.0636363636363637 0.05959595959595966 0.07020202020202025 0.07020202020202027 0.07070707070707079 0.07020202020202028 0.06212121212121217 0.06666666666666676 0.06969696969696976 0.06717171717171723 0.06868686868686874 0.06565656565656572 0.07272727272727282 0.06010101010101016 0.0626262626262627
0.07083333333333333 0.05231481481481482 0.06712962962962966 0.058333333333333307 0.06388888888888891 0.06481481481481483 0.06342592592592596 0.05879629629629627 0.06851851851851858 0.06342592592592594 0.08333333333333333 0.061111111111111144 0.07546296296296301 0.08703703703703698 0.06157407407407409
0.06944444444444439 0.05674603174603171 0.06309523809523807 0.05476190476190473 0.069047619047619 0.06587301587301583 0.06269841269841263 0.05198412698412696 0.061904761904761844 0.06507936507936504 0.0682539682539682 0.054761904761904734 0.06507936507936501 0.12896825396825393 0.062301587301587275
0.06613756613756606 0.05449735449735442 0.07142857142857136 0.06772486772486765 0.0671957671957671 0.07142857142857133 0.06243386243386234 0.06455026455026446 0.06349206349206342 0.07354497354497347 0.0746031746031745 0.06984126984126975 0.07089947089947082 0.05767195767195758 0.06455026455026446
0.07254901960784302 0.06339869281045739 0.06666666666666654 0.06339869281045737 0.06993464052287567 0.06732026143790837 0.06339869281045737 0.0679738562091502 0.06928104575163384 0.06535947712418286 0.06601307189542469 0.06339869281045739 0.06862745098039202 0.06339869281045739 0.06928104575163384
0.05785440613026814 0.040613026819923334 0.062452107279693456 0.05593869731800761 0.08045977011494253 0.0647509578544061 0.062452107279693456 0.06819923371647504 0.0597701149425287 0.07088122605363979 0.06858237547892716 0.06360153256704973 0.05785440613026816 0.12605363984674336 0.06053639846743292
0.06311111111111115 0.0506666666666667 0.06088888888888893 0.07066666666666671 0.07511111111111116 0.06622222222222227 0.07511111111111117 0.06311111111111115 0.07466666666666671 0.06800000000000005 0.06933333333333337 0.07244444444444449 0.0715555555555556 0.05022222222222226 0.06888888888888893
0.06262626262626268 0.055555555555555594 0.054040404040404055 0.062121212121212147 0.06212121212121217 0.05959595959595964 0.056565656565656604 0.059090909090909124 0.0641414141414142 0.06060606060606067 0.06212121212121217 0.054040404040404076 0.06010101010101019 0.16363636363636364 0.06363636363636369
0.06243386243386234 0.05502645502645495 0.05767195767195758 0.05767195767195758 0.06031746031746024 0.059259259259259206 0.059259259259259185 0.06190476190476181 0.061375661375661306 0.0634920634920634 0.065079365079365 0.053968253968253894 0.05873015873015867 0.15661375661375643 0.0671957671957671
0.07129629629629634 0.056018518518518495 0.06666666666666667 0.07314814814814817 0.06759259259259259 0.0703703703703704 0.06250000000000004 0.06944444444444446 0.07083333333333335 0.07083333333333339 0.06851851851851853 0.06481481481481485 0.06666666666666668 0.055555555555555566 0.06574074074074078
0.0731481481481482 0.07268518518518521 0.06574074074074075 0.06805555555555556 0.062962962962963 0.06203703703703704 0.0694444444444445 0.07453703703703705 0.06342592592592597 0.06342592592592593 0.06296296296296294 0.06574074074074074 0.06712962962962964 0.05879629629629634 0.06990740740740745
0.06623931623931617 0.04957264957264954 0.06367521367521362 0.06282051282051279 0.06282051282051279 0.06495726495726488 0.061111111111111054 0.07521367521367514 0.06410256410256404 0.06794871794871789 0.06068376068376065 0.05683760683760678 0.06666666666666658 0.1047008547008546 0.07264957264957259
0.08181818181818189 0.07676767676767685 0.0646464646464647 0.0580808080808081 0.07323232323232332 0.059090909090909104 0.07272727272727281 0.07020202020202024 0.07171717171717178 0.06111111111111117 0.06666666666666672 0.06212121212121219 0.06616161616161623 0.04797979797979797 0.06767676767676775
0.05185185185185189 0.04609053497942391 0.050205761316872474 0.046502057613168765 0.05102880658436219 0.05390946502057619 0.051851851851851885 0.05432098765432105 0.056790123456790166 0.05925925925925932 0.054732510288065916 0.04773662551440336 0.04938271604938277 0.27283950617283953 0.053497942386831324
0.06931216931216926 0.0634920634920634 0.06984126984126976 0.0634920634920634 0.06190476190476181 0.06772486772486765 0.06719576719576711 0.06772486772486765 0.06825396825396815 0.06296296296296287 0.06666666666666658 0.06719576719576713 0.07142857142857136 0.05767195767195758 0.07513227513227504
0.07119341563786018 0.055555555555555615 0.06790123456790129 0.0720164609053498 0.07119341563786014 0.0703703703703704 0.06172839506172846 0.06748971193415645 0.06460905349794244 0.07037037037037042 0.07901234567901241 0.06337448559670786 0.06502057613168727 0.046090534979423906 0.07407407407407414
0.0690058479532163 0.06081871345029239 0.07485380116959064 0.059649122807017535 0.0695906432748538 0.06725146198830403 0.06257309941520464 0.06257309941520467 0.06491228070175434 0.06842105263157888 0.07251461988304092 0.06842105263157892 0.07426900584795318 0.061403508771929786 0.06374269005847949
0.05802469135802473 0.04320987654320992 0.05432098765432104 0.0547325102880659 0.052263374485596766 0.06213991769547331 0.04855967078189305 0.06378600823045272 0.05720164609053505 0.06419753086419756 0.05843621399176961 0.06543209876543216 0.05637860082304533 0.20246913580246917 0.05884773662551446
0.06257309941520468 0.07134502923976607 0.06842105263157892 0.0654970760233918 0.06491228070175438 0.06081871345029234 0.06842105263157891 0.07134502923976603 0.06900584795321638 0.07017543859649118 0.07192982456140348 0.06432748538011694 0.06491228070175435 0.05614035087719296 0.0701754385964912
0.05679012345679019 0.06255144032921818 0.0584362139917696 0.07242798353909469 0.07530864197530868 0.05802469135802476 0.06172839506172846 0.06378600823045273 0.07736625514403292 0.07160493827160495 0.07654320987654327 0.07448559670781899 0.06748971193415645 0.04526748971193422 0.07818930041152264
0.07499999999999994 0.05039682539682536 0.06706349206349202 0.05277777777777775 0.0785714285714285 0.07499999999999997 0.06825396825396822 0.07341269841269835 0.06785714285714281 0.06706349206349199 0.07103174603174597 0.06388888888888886 0.07142857142857137 0.048412698412698386 0.0698412698412698
0.06666666666666662 0.051984126984126966 0.06349206349206346 0.07539682539682532 0.06507936507936504 0.06785714285714281 0.06944444444444439 0.06825396825396818 0.06587301587301582 0.07619047619047616 0.06865079365079356 0.07658730158730154 0.07142857142857137 0.0452380952380952 0.06785714285714282
0.07342995169082132 0.05748792270531409 0.06666666666666674 0.06135265700483102 0.06618357487922713 0.07149758454106289 0.06956521739130447 0.07101449275362329 0.06425120772946871 0.061352657004831 0.07342995169082135 0.0705314009661837 0.07149758454106288 0.05507246376811603 0.06666666666666674
0.07053140096618365 0.05700483091787447 0.07342995169082135 0.06280193236714984 0.06618357487922713 0.06859903381642521 0.0647342995169083 0.06473429951690833 0.07004830917874408 0.0748792270531402 0.07101449275362329 0.06666666666666675 0.07342995169082134 0.054589371980676406 0.06135265700483102
0.06555555555555546 0.07444444444444435 0.07277777777777769 0.0699999999999999 0.06833333333333323 0.06999999999999991 0.06333333333333326 0.06666666666666658 0.06388888888888877 0.07166666666666657 0.0699999999999999 0.056666666666666574 0.06611111111111104 0.05555555555555547 0.0649999999999999
0.0656565656565657 0.054040404040404076 0.06363636363636371 0.05353535353535357 0.06111111111111115 0.057575757575757655 0.06565656565656573 0.0631313131313132 0.0641414141414142 0.0651515151515152 0.059090909090909124 0.05909090909090913 0.05858585858585863 0.14747474747474754 0.06212121212121219
0.06862745098039202 0.060784313725490056 0.06535947712418289 0.06274509803921555 0.06993464052287567 0.06732026143790835 0.062091503267973726 0.06862745098039201 0.07058823529411752 0.06339869281045737 0.06928104575163385 0.0660130718954247 0.07058823529411751 0.062091503267973726 0.072549019607843
0.06400000000000004 0.04933333333333337 0.05955555555555559 0.06044444444444449 0.08000000000000006 0.08577777777777783 0.07688888888888892 0.07777777777777782 0.07688888888888895 0.07022222222222227 0.06977777777777783 0.06266666666666672 0.056444444444444485 0.047111111111111145 0.06311111111111115
0.06666666666666655 0.0594771241830064 0.0660130718954247 0.06339869281045737 0.07320261437908483 0.0679738562091502 0.06862745098039204 0.06535947712418287 0.07189542483660115 0.06601307189542469 0.06993464052287568 0.06274509803921556 0.06862745098039204 0.06078431372549007 0.06928104575163387
0.06451612903225802 0.07419354838709671 0.061290322580645124 0.061290322580645124 0.06845878136200713 0.07240143369175622 0.07204301075268812 0.06953405017921142 0.07419354838709673 0.07275985663082432 0.06953405017921142 0.06200716845878132 0.06200716845878133 0.046236559139784916 0.06953405017921142
0.06539682539682533 0.051111111111111045 0.10793650793650783 0.0577777777777777 0.06603174603174594 0.05111111111111106 0.10666666666666656 0.07142857142857137 0.06380952380952373 0.06952380952380947 0.06698412698412692 0.06349206349206342 0.06603174603174597 0.03492063492063486 0.05777777777777769
0.07200000000000005 0.11644444444444439 0.05600000000000004 0.05511111111111115 0.06222222222222227 0.062222222222222255 0.06844444444444449 0.060000000000000046 0.05244444444444448 0.05511111111111115 0.052888888888888916 0.05600000000000004 0.057333333333333375 0.1146666666666666 0.059111111111111156
0.06455026455026448 0.05873015873015868 0.06402116402116394 0.0735449735449735 0.07407407407407399 0.06084656084656077 0.061904761904761824 0.06031746031746024 0.06878306878306871 0.07566137566137562 0.06772486772486765 0.07037037037037026 0.07724867724867719 0.05661375661375653 0.0656084656084655
0.05942028985507257 0.11111111111111113 0.061352657004831015 0.05507246376811601 0.05893719806763294 0.057487922705314116 0.057971014492753714 0.05990338164251215 0.05410628019323679 0.05603864734299526 0.06328502415458946 0.06135265700483103 0.06038647342995178 0.12270531400966175 0.060869565217391376
