0.036363636363636334 0.035353535353535324 0.08552188552188547 0.07138047138047132 0.060942760942760896 0.06397306397306393 0.08855218855218848 0.1356902356902358 0.04141414141414139 0.07878787878787874 0.06700336700336695 0.06430976430976428 0.05218855218855215 0.06632996632996628 0.05218855218855215
0.06212121212121221 0.055050505050505065 0.0722222222222223 0.08888888888888889 0.0656565656565657 0.05757575757575762 0.1131313131313132 0.05656565656565661 0.05555555555555559 0.055050505050505065 0.07121212121212127 0.06919191919191924 0.06515151515151524 0.06060606060606064 0.05202020202020205
0.05722222222222214 0.05222222222222214 0.058888888888888796 0.05666666666666658 0.05888888888888879 0.05777777777777769 0.08333333333333325 0.058888888888888796 0.05555555555555547 0.05444444444444436 0.056666666666666594 0.1855555555555555 0.053333333333333253 0.055555555555555455 0.054999999999999924
0.054700854700854666 0.04658119658119654 0.05940170940170935 0.1636752136752136 0.05769230769230763 0.06452991452991447 0.09743589743589731 0.051282051282051225 0.04871794871794867 0.05299145299145295 0.0585470085470085 0.07051282051282047 0.0636752136752136 0.05811965811965807 0.052136752136752076
0.06707818930041158 0.05226337448559678 0.09423868312757192 0.06625514403292188 0.08230452674897125 0.06378600823045272 0.044444444444444474 0.12386831275720162 0.04732510288065848 0.06666666666666671 0.0526748971193416 0.04485596707818934 0.0683127572016461 0.0674897119341564 0.0584362139917696
0.07647058823529397 0.0640522875816992 0.07450980392156849 0.06601307189542473 0.0614379084967319 0.06928104575163387 0.06209150326797371 0.061437908496731884 0.062091503267973726 0.06274509803921555 0.06470588235294104 0.06470588235294104 0.06339869281045739 0.06928104575163384 0.07777777777777763
0.0486111111111111 0.04814814814814815 0.07499999999999998 0.04675925925925923 0.052314814814814814 0.06990740740740746 0.0879629629629629 0.11388888888888887 0.04629629629629625 0.05277777777777775 0.1324074074074074 0.05972222222222226 0.053240740740740755 0.059722222222222225 0.05324074074074076
0.05134099616858233 0.05019157088122603 0.07969348659003828 0.06704980842911873 0.06590038314176243 0.11379310344827585 0.04636015325670495 0.16091954022988503 0.05210727969348656 0.05249042145593863 0.051340996168582335 0.0440613026819923 0.05708812260536394 0.054789272030651294 0.052873563218390776
0.05502645502645495 0.056084656084656015 0.06984126984126977 0.061375661375661306 0.06772486772486763 0.08201058201058192 0.056084656084656015 0.05978835978835973 0.06084656084656077 0.061375661375661306 0.11058201058201045 0.055555555555555476 0.0777777777777777 0.06455026455026446 0.061375661375661285
0.05793650793650789 0.05595238095238091 0.07142857142857138 0.07261904761904757 0.06626984126984126 0.07380952380952378 0.055555555555555525 0.067063492063492 0.0587301587301587 0.06428571428571424 0.10238095238095235 0.059920634920634874 0.07142857142857137 0.057142857142857086 0.06547619047619041
0.057894736842105284 0.05906432748538012 0.08245614035087723 0.05964912280701752 0.06432748538011696 0.06900584795321638 0.05730994152046782 0.11520467836257296 0.055555555555555566 0.06959064327485377 0.06140350877192979 0.05906432748538011 0.06315789473684207 0.06140350877192982 0.06491228070175434
0.05497076023391812 0.055555555555555546 0.060233918128654924 0.0719298245614035 0.0567251461988304 0.11052631578947361 0.11929824561403495 0.05497076023391812 0.06081871345029235 0.05380116959064329 0.06023391812865494 0.06900584795321636 0.06140350877192979 0.05614035087719296 0.05438596491228072
0.05964912280701754 0.05906432748538009 0.08070175438596494 0.06257309941520463 0.0660818713450292 0.07368421052631577 0.059649122807017535 0.09005847953216374 0.06315789473684205 0.06315789473684205 0.06198830409356724 0.05964912280701752 0.06959064327485379 0.06374269005847953 0.06725146198830405
0.05555555555555547 0.05333333333333324 0.05999999999999991 0.07611111111111106 0.05944444444444436 0.17 0.06611111111111101 0.05944444444444434 0.054999999999999924 0.05777777777777768 0.05333333333333324 0.06055555555555546 0.061666666666666585 0.053333333333333253 0.058333333333333265
0.04642857142857143 0.04682539682539682 0.09801587301587292 0.054761904761904706 0.06666666666666664 0.04722222222222219 0.04007936507936506 0.07420634920634916 0.04920634920634917 0.19960317460317442 0.051587301587301564 0.040476190476190436 0.04920634920634918 0.08888888888888886 0.04682539682539682
0.047619047619047596 0.04682539682539678 0.0857142857142857 0.057142857142857086 0.05833333333333331 0.12658730158730158 0.04563492063492061 0.05158730158730155 0.06944444444444439 0.05476190476190471 0.12857142857142853 0.04523809523809519 0.07023809523809518 0.059126984126984077 0.053174603174603145
0.0660130718954247 0.06013071895424824 0.0614379084967319 0.0614379084967319 0.06535947712418286 0.10849673202614359 0.05882352941176457 0.09215686274509786 0.05882352941176457 0.06405228758169922 0.06013071895424824 0.05882352941176457 0.060784313725490056 0.062091503267973726 0.0614379084967319
0.045185185185185175 0.045555555555555564 0.09037037037037032 0.06296296296296294 0.05481481481481479 0.09592592592592586 0.0992592592592592 0.04740740740740742 0.0474074074074074 0.04592592592592593 0.05666666666666667 0.131111111111111 0.05777777777777774 0.056296296296296275 0.06333333333333331
0.13931623931623927 0.04615384615384613 0.04999999999999995 0.053846153846153814 0.12777777777777766 0.0551282051282051 0.041880341880341836 0.05213675213675206 0.04743589743589739 0.04786324786324784 0.056837606837606795 0.042735042735042694 0.06410256410256403 0.04401709401709398 0.13076923076923064
0.06419753086419741 0.06543209876543199 0.06728395061728382 0.07160493827160481 0.06728395061728384 0.06604938271604927 0.06543209876543199 0.06790123456790112 0.06358024691358014 0.06419753086419742 0.06481481481481469 0.06296296296296283 0.06728395061728384 0.06913580246913568 0.07283950617283938
0.05555555555555545 0.16172839506172818 0.05617283950617273 0.05555555555555545 0.05555555555555545 0.05617283950617273 0.05555555555555545 0.05617283950617273 0.10864197530864178 0.05555555555555545 0.05679012345679001 0.0574074074074073 0.05679012345679001 0.05555555555555545 0.05679012345679001
0.07222222222222215 0.050555555555555465 0.05333333333333326 0.05222222222222213 0.06222222222222211 0.05611111111111102 0.05166666666666657 0.12666666666666676 0.05277777777777769 0.09166666666666656 0.12000000000000002 0.05055555555555547 0.05499999999999991 0.05444444444444435 0.050555555555555465
0.06198830409356721 0.05847953216374269 0.06783625730994153 0.05730994152046782 0.08304093567251455 0.05789473684210525 0.05555555555555555 0.058479532163742645 0.06140350877192979 0.07309941520467834 0.05672514619883039 0.05438596491228071 0.06432748538011691 0.13099415204678355 0.058479532163742666
0.0567251461988304 0.05847953216374267 0.05906432748538012 0.07309941520467836 0.06842105263157894 0.0631578947368421 0.12222222222222212 0.056725146198830394 0.06023391812865494 0.060233918128654924 0.05497076023391813 0.08947368421052627 0.06140350877192982 0.05614035087719297 0.059649122807017514
0.05324074074074074 0.048148148148148134 0.06481481481481483 0.13657407407407396 0.12592592592592589 0.06018518518518519 0.04768518518518515 0.07268518518518519 0.06435185185185184 0.05509259259259258 0.0537037037037037 0.04953703703703703 0.06111111111111112 0.059722222222222225 0.04722222222222218
0.12976190476190472 0.04285714285714287 0.04761904761904759 0.0579365079365079 0.1420634920634922 0.05992063492063489 0.03928571428571426 0.05238095238095236 0.041666666666666644 0.09206349206349207 0.05793650793650791 0.041269841269841255 0.04325396825396823 0.09880952380952378 0.05317460317460315
0.18849206349206352 0.04841269841269836 0.08134920634920632 0.04365079365079362 0.1396825396825401 0.04761904761904761 0.03888888888888886 0.038888888888888876 0.04563492063492063 0.04285714285714282 0.0682539682539682 0.04047619047619044 0.042460317460317434 0.0599206349206349 0.07341269841269833
0.05061728395061735 0.04279835390946508 0.06378600823045268 0.06255144032921815 0.0732510288065844 0.06008230452674901 0.04485596707818934 0.06707818930041161 0.07860082304526753 0.13086419753086417 0.046502057613168765 0.04650205761316879 0.055144032921810755 0.12757201646090524 0.04979423868312761
0.05882352941176457 0.05882352941176457 0.05882352941176457 0.05882352941176457 0.05882352941176457 0.05882352941176457 0.14444444444444424 0.05882352941176457 0.05882352941176457 0.05882352941176457 0.05882352941176457 0.09084967320261421 0.05882352941176457 0.05882352941176457 0.05882352941176457
0.06296296296296287 0.08465608465608458 0.06455026455026447 0.06878306878306874 0.0629629629629629 0.06613756613756604 0.06031746031746025 0.058201058201058115 0.06031746031746023 0.06031746031746025 0.09100529100529094 0.058201058201058115 0.07460317460317452 0.061375661375661306 0.06560846560846555
0.10449172576832146 0.045390070921985784 0.031442080378250595 0.09598108747044917 0.13687943262411353 0.0458628841607565 0.0973995271867612 0.04373522458628842 0.03758865248226951 0.030496453900709222 0.07470449172576832 0.11418439716312058 0.07257683215130023 0.02978723404255318 0.03947990543735224
0.05614035087719298 0.05321637426900586 0.06140350877192984 0.06549707602339176 0.05906432748538011 0.06315789473684205 0.05497076023391814 0.05555555555555555 0.0567251461988304 0.055555555555555525 0.06257309941520466 0.053801169590643266 0.057309941520467825 0.05730994152046782 0.18771929824561395
0.16339869281045744 0.03464052287581693 0.05620915032679731 0.08725490196078423 0.18954248366013063 0.04967320261437902 0.03496732026143784 0.05228758169934632 0.04444444444444436 0.047058823529411695 0.052941176470588165 0.03464052287581693 0.04313725490196072 0.060784313725490105 0.04901960784313718
0.05499999999999991 0.05777777777777769 0.057222222222222126 0.06222222222222213 0.06499999999999989 0.1222222222222222 0.05111111111111102 0.06166666666666658 0.05722222222222215 0.09388888888888886 0.0638888888888888 0.055555555555555476 0.056666666666666574 0.08333333333333323 0.05722222222222214
0.05944444444444434 0.05611111111111104 0.08611111111111099 0.05833333333333325 0.06111111111111103 0.06166666666666658 0.053888888888888806 0.05944444444444437 0.053888888888888806 0.1033333333333333 0.07277777777777772 0.05444444444444437 0.05777777777777771 0.08055555555555544 0.08111111111111104
0.058201058201058135 0.05079365079365071 0.06878306878306871 0.07037037037037029 0.07513227513227506 0.09153439153439152 0.050264550264550185 0.09735449735449726 0.05449735449735442 0.07089947089947081 0.06455026455026448 0.05238095238095231 0.06402116402116394 0.07354497354497348 0.05767195767195758
0.0525641025641025 0.05555555555555548 0.07692307692307687 0.08076923076923068 0.07264957264957259 0.06367521367521362 0.054700854700854645 0.06282051282051275 0.0585470085470085 0.0521367521367521 0.06153846153846148 0.056837606837606795 0.13205128205128192 0.06282051282051275 0.05641025641025637
0.04999999999999998 0.04398148148148143 0.058333333333333334 0.08657407407407418 0.11759259259259258 0.11435185185185187 0.04768518518518515 0.0652777777777778 0.048148148148148114 0.07916666666666665 0.05185185185185184 0.04768518518518517 0.06203703703703704 0.05370370370370369 0.07361111111111111
0.05079365079365073 0.13174603174603167 0.05502645502645497 0.05185185185185179 0.05714285714285706 0.0925925925925925 0.04814814814814808 0.053968253968253894 0.05132275132275125 0.10052910052910047 0.05132275132275125 0.050264550264550206 0.053968253968253874 0.10105820105820097 0.050264550264550185
0.047736625514403344 0.046090534979423906 0.05637860082304532 0.08106995884773668 0.11275720164609056 0.11934156378600823 0.0481481481481482 0.09876543209876544 0.04444444444444447 0.07654320987654328 0.04814814814814823 0.04650205761316875 0.0633744855967079 0.06296296296296303 0.04773662551440334
0.0649999999999999 0.05166666666666658 0.08444444444444431 0.056666666666666594 0.0538888888888888 0.10166666666666659 0.05333333333333324 0.06333333333333327 0.05444444444444435 0.05611111111111101 0.058333333333333244 0.05666666666666658 0.055555555555555476 0.05777777777777768 0.13111111111111115
0.044444444444444405 0.0457264957264957 0.07008547008547002 0.07735042735042726 0.07777777777777775 0.046153846153846115 0.12478632478632466 0.053418803418803375 0.042735042735042694 0.04487179487179482 0.04487179487179484 0.08290598290598283 0.04999999999999997 0.04529914529914525 0.14957264957264943
0.05213675213675211 0.046581196581196554 0.04786324786324782 0.06880341880341874 0.056410256410256335 0.05213675213675211 0.13247863247863234 0.04316239316239313 0.13290598290598274 0.046581196581196534 0.04743589743589738 0.12692307692307672 0.05256410256410252 0.04529914529914526 0.04871794871794869
0.0625 0.0625 0.0625 0.07916666666666666 0.08402777777777778 0.0625 0.0625 0.07847222222222222 0.0625 0.06597222222222222 0.0625 0.0625 0.06666666666666667 0.0625 0.06319444444444444
0.06363636363636371 0.05 0.06010101010101015 0.0661616161616162 0.054040404040404076 0.17828282828282835 0.04898989898989899 0.0494949494949495 0.0505050505050505 0.05101010101010104 0.09090909090909095 0.05353535353535357 0.06919191919191928 0.05808080808080814 0.05606060606060608
0.04480286738351252 0.04301075268817201 0.05304659498207882 0.09103942652329745 0.11469534050179217 0.054480286738351216 0.03906810035842291 0.06379928315412182 0.040860215053763416 0.054480286738351216 0.04480286738351252 0.03763440860215051 0.08996415770609312 0.18207885304659505 0.046236559139784916
0.059595959595959674 0.05555555555555557 0.09949494949494954 0.06010101010101015 0.06060606060606064 0.12373737373737378 0.05252525252525254 0.057070707070707126 0.05808080808080812 0.057575757575757606 0.056565656565656604 0.058080808080808115 0.06111111111111118 0.055050505050505044 0.08484848484848496
0.04742547425474257 0.039566395663956665 0.09539295392953934 0.08075880758807592 0.07588075880758813 0.10813008130081296 0.03414634146341466 0.05663956639566399 0.04579945799457997 0.05338753387533879 0.10243902439024391 0.04010840108401086 0.058536585365853704 0.10325203252032522 0.05853658536585369
0.05942028985507255 0.06183574879227064 0.059903381642512146 0.06618357487922713 0.06908212560386483 0.0681159420289856 0.05845410628019331 0.062318840579710245 0.06231884057971022 0.08743961352657012 0.06425120772946867 0.06183574879227063 0.06763285024154597 0.09130434782608704 0.059903381642512174
0.05700483091787447 0.05797101449275372 0.06376811594202908 0.05700483091787449 0.07053140096618372 0.07246376811594214 0.04734299516908222 0.055555555555555636 0.06280193236714986 0.10772946859903383 0.05169082125603874 0.047826086956521824 0.061352657004831 0.12946859903381644 0.057487922705314096
0.05092592592592593 0.050462962962962946 0.055092592592592596 0.07546296296296298 0.08194444444444447 0.05370370370370371 0.05416666666666669 0.1703703703703703 0.05555555555555554 0.05324074074074078 0.049537037037037 0.050925925925925944 0.09212962962962962 0.05416666666666667 0.0523148148148148
0.06800000000000005 0.045333333333333364 0.17644444444444418 0.05022222222222226 0.057333333333333375 0.05155555555555559 0.046222222222222255 0.048000000000000036 0.05111111111111115 0.055555555555555594 0.11066666666666666 0.04400000000000003 0.05377777777777781 0.06888888888888893 0.07288888888888895
0.0640522875816992 0.06732026143790837 0.07189542483660118 0.06928104575163385 0.06732026143790838 0.0640522875816992 0.06339869281045737 0.06993464052287568 0.06535947712418287 0.07189542483660116 0.06535947712418289 0.06405228758169922 0.06666666666666654 0.06405228758169922 0.06535947712418286
0.0448275862068965 0.04022988505747122 0.05019157088122603 0.2555555555555556 0.06973180076628352 0.05938697318007662 0.07011494252873554 0.04980842911877392 0.056704980842911826 0.046360153256704936 0.049042145593869685 0.04252873563218386 0.06666666666666661 0.05057471264367811 0.04827586206896547
0.05820105820105812 0.06084656084656079 0.0592592592592592 0.058201058201058115 0.06084656084656079 0.05714285714285705 0.06984126984126975 0.059788359788359696 0.15714285714285695 0.06031746031746024 0.05661375661375653 0.05449735449735444 0.06031746031746022 0.06507936507936501 0.06190476190476181
0.06491228070175435 0.05847953216374265 0.06725146198830413 0.06198830409356724 0.06725146198830406 0.06257309941520466 0.061403508771929786 0.06432748538011696 0.06491228070175437 0.0701754385964912 0.06315789473684208 0.05672514619883039 0.06315789473684207 0.10701754385964907 0.06666666666666665
0.0394736842105263 0.046198830409356705 0.07485380116959059 0.08099415204678354 0.07017543859649118 0.061403508771929786 0.03567251461988303 0.07660818713450292 0.04883040935672512 0.058187134502923926 0.04707602339181284 0.03859649122807017 0.21783625730994138 0.053216374269005814 0.050877192982456104
0.046031746031745986 0.04126984126984126 0.14960317460317468 0.0551587301587301 0.06666666666666664 0.11150793650793646 0.04007936507936506 0.05793650793650791 0.05277777777777776 0.0777777777777777 0.062301587301587275 0.04246031746031743 0.051984126984126966 0.07896825396825395 0.06547619047619044
0.04246031746031743 0.04166666666666663 0.06428571428571425 0.05119047619047617 0.049603174603174566 0.052380952380952354 0.19841269841269837 0.039285714285714264 0.037698412698412676 0.040873015873015825 0.03888888888888886 0.10317460317460314 0.05158730158730154 0.03809523809523807 0.15039682539682542
0.05761316872427987 0.04279835390946507 0.06460905349794245 0.05925925925925932 0.06008230452674903 0.055144032921810755 0.04526748971193421 0.05349794238683134 0.1699588477366255 0.05925925925925932 0.04567901234567906 0.044855967078189334 0.07078189300411523 0.07777777777777779 0.09341563786008232
0.042962962962962946 0.04333333333333331 0.07074074074074074 0.051851851851851836 0.044814814814814835 0.052592592592592594 0.08962962962962959 0.04259259259259259 0.04222222222222221 0.04037037037037035 0.04555555555555555 0.1766666666666665 0.041111111111111105 0.0422222222222222 0.17333333333333312
0.05987654320987644 0.06049382716049372 0.06358024691358014 0.06296296296296283 0.06851851851851838 0.06296296296296286 0.05740740740740729 0.059876543209876426 0.05987654320987642 0.130864197530864 0.06666666666666655 0.058641975308641854 0.06234567901234558 0.06358024691358014 0.062345679012345556
0.06049382716049372 0.06419753086419742 0.06728395061728383 0.0648148148148147 0.0648148148148147 0.1043209876543208 0.0604938271604937 0.06543209876543199 0.06172839506172829 0.061728395061728274 0.06851851851851841 0.06481481481481469 0.06543209876543198 0.06604938271604925 0.05987654320987644
0.05777777777777769 0.0688888888888888 0.06333333333333324 0.05888888888888881 0.06444444444444435 0.06111111111111103 0.10166666666666657 0.05833333333333324 0.06222222222222214 0.05999999999999991 0.058888888888888796 0.10111111111111112 0.061666666666666564 0.0627777777777777 0.058888888888888796
0.05396825396825389 0.05291005291005283 0.06296296296296287 0.057671957671957604 0.05714285714285706 0.09629629629629621 0.052910052910052824 0.05291005291005283 0.05661375661375654 0.16402116402116382 0.0576719576719576 0.04973544973544967 0.055555555555555476 0.06931216931216923 0.06031746031746024
0.05614035087719296 0.053801169590643266 0.06257309941520464 0.05555555555555555 0.05906432748538011 0.061988304093567224 0.1280701754385964 0.06608187134502916 0.05614035087719297 0.06081871345029241 0.056725146198830415 0.09005847953216375 0.0637426900584795 0.0713450292397661 0.05789473684210524
0.05906432748538009 0.05730994152046782 0.06725146198830406 0.08187134502923972 0.0830409356725146 0.06374269005847955 0.05789473684210526 0.07309941520467836 0.0608187134502924 0.06198830409356722 0.06081871345029236 0.0543859649122807 0.09473684210526315 0.06666666666666664 0.057309941520467825
0.05987654320987642 0.058641975308641875 0.06111111111111099 0.05925925925925914 0.061111111111110984 0.10925925925925908 0.058641975308641854 0.05925925925925916 0.05864197530864187 0.05987654320987642 0.05679012345679001 0.10679012345678994 0.0679012345679011 0.05925925925925916 0.06358024691358014
0.08245614035087717 0.05847953216374269 0.06140350877192979 0.06023391812865497 0.0701754385964912 0.06491228070175434 0.05789473684210526 0.09356725146198831 0.0590643274853801 0.07309941520467834 0.06257309941520466 0.056725146198830415 0.06491228070175442 0.07719298245614033 0.05730994152046782
0.05333333333333324 0.05222222222222214 0.05888888888888882 0.05666666666666657 0.061666666666666585 0.05944444444444437 0.05333333333333324 0.09833333333333323 0.05111111111111103 0.1394444444444444 0.06222222222222215 0.0538888888888888 0.059999999999999915 0.07833333333333321 0.06111111111111104
0.06130268199233711 0.05938697318007661 0.06628352490421455 0.07662835249042144 0.08773946360153259 0.07356321839080456 0.05172413793103445 0.07126436781609194 0.05325670498084286 0.05900383141762447 0.05402298850574709 0.051340996168582315 0.08467432950191565 0.08237547892720307 0.06743295019157082
0.043097643097643065 0.1528619528619529 0.049831649831649796 0.0757575757575757 0.10168350168350167 0.06329966329966326 0.03872053872053869 0.05420875420875418 0.08249158249158244 0.04848484848484845 0.04949494949494946 0.04141414141414139 0.05858585858585855 0.06262626262626259 0.0774410774410774
0.050925925925925895 0.04768518518518516 0.05740740740740744 0.09444444444444448 0.09212962962962966 0.07037037037037039 0.06898148148148155 0.0712962962962963 0.05648148148148148 0.056018518518518544 0.054629629629629625 0.053240740740740755 0.06527777777777782 0.0689814814814815 0.09212962962962959
0.05458937198067641 0.052173913043478334 0.06038647342995178 0.067632850241546 0.08115942028985515 0.12753623188405802 0.04975845410628028 0.062318840579710225 0.05603864734299524 0.06183574879227063 0.05169082125603875 0.04830917874396143 0.07487922705314018 0.09468599033816434 0.057004830917874484
0.0870370370370369 0.05864197530864187 0.06172839506172829 0.06296296296296287 0.06172839506172829 0.0604938271604937 0.05925925925925915 0.05925925925925914 0.05925925925925915 0.09135802469135788 0.08456790123456775 0.0574074074074073 0.05925925925925915 0.07530864197530852 0.06172839506172829
0.08954248366013054 0.06013071895424823 0.0614379084967319 0.06732026143790838 0.06601307189542469 0.06732026143790835 0.06013071895424824 0.0660130718954247 0.05882352941176457 0.06405228758169922 0.08300653594771226 0.0594771241830064 0.0679738562091502 0.06666666666666653 0.06209150326797373
0.05726495726495722 0.05128205128205126 0.057692307692307654 0.11410256410256399 0.08974358974358967 0.05940170940170937 0.05341880341880339 0.07435897435897429 0.06324786324786322 0.05683760683760678 0.05128205128205122 0.05341880341880337 0.0927350427350427 0.061965811965811926 0.06324786324786318
0.029111111111111126 0.03200000000000002 0.036000000000000025 0.036222222222222246 0.03688888888888891 0.04333333333333337 0.03800000000000003 0.030000000000000023 0.03311111111111113 0.035111111111111135 0.02622222222222224 0.033333333333333354 0.5153333333333331 0.03244444444444446 0.042888888888888914
0.06296296296296285 0.06172839506172829 0.06419753086419742 0.06913580246913567 0.07160493827160483 0.06666666666666657 0.06296296296296285 0.07839506172839497 0.0641975308641974 0.062345679012345556 0.061111111111111005 0.06049382716049372 0.08395061728395051 0.06543209876543198 0.0648148148148147
0.06363636363636371 0.06616161616161624 0.06717171717171724 0.07525252525252529 0.0732323232323233 0.07474747474747484 0.057575757575757606 0.06111111111111115 0.0646464646464647 0.05757575757575762 0.06010101010101016 0.05959595959595966 0.09090909090909097 0.06060606060606065 0.06767676767676774
0.054545454545454564 0.05404040404040407 0.06111111111111115 0.09494949494949505 0.0964646464646465 0.06464646464646472 0.053030303030303046 0.09646464646464659 0.055555555555555594 0.06767676767676775 0.054545454545454564 0.05505050505050506 0.07171717171717179 0.06414141414141422 0.05606060606060608
0.06324786324786319 0.04529914529914525 0.09145299145299142 0.08888888888888882 0.08632478632478627 0.051282051282051225 0.04871794871794869 0.06025641025641018 0.05213675213675211 0.05512820512820508 0.11068376068376054 0.04401709401709399 0.05470085470085465 0.06153846153846146 0.08632478632478621
0.07751937984496131 0.036692506459948364 0.04521963824289411 0.13540051679586576 0.16666666666666685 0.07002583979328172 0.03669250645994836 0.06175710594315249 0.03927648578811373 0.06511627906976751 0.05297157622739024 0.03824289405684759 0.04987080103359178 0.07157622739018094 0.052971576227390224
0.05467836257309937 0.03567251461988302 0.04999999999999995 0.05818713450292394 0.04824561403508771 0.08216374269005843 0.0596491228070175 0.040058479532163724 0.04005847953216373 0.039766081871345 0.2956140350877193 0.05350877192982453 0.04941520467836256 0.04473684210526314 0.04824561403508769
0.07660818713450292 0.05730994152046784 0.057309941520467804 0.05789473684210524 0.06666666666666665 0.06081871345029242 0.08771929824561402 0.06140350877192982 0.057309941520467804 0.05906432748538014 0.08713450292397663 0.08596491228070177 0.06374269005847952 0.06140350877192979 0.05964912280701752
0.05672514619883039 0.05672514619883037 0.060233918128654924 0.08538011695906426 0.07953216374269007 0.06257309941520468 0.06140350877192984 0.12280701754385953 0.05789473684210524 0.061403508771929766 0.057309941520467825 0.05789473684210526 0.059649122807017514 0.06315789473684207 0.05730994152046784
0.062318840579710266 0.05362318840579717 0.0705314009661837 0.07294685990338173 0.08454106280193242 0.0647342995169083 0.0507246376811595 0.08019323671497594 0.053140096618357585 0.061352657004831015 0.09951690821256043 0.05700483091787447 0.06908212560386483 0.05652173913043487 0.06376811594202908
0.052173913043478355 0.059420289855072576 0.06425120772946866 0.08695652173913054 0.09565217391304351 0.07487922705314021 0.05362318840579718 0.07536231884057981 0.05314009661835758 0.06231884057971023 0.057487922705314096 0.05265700483091797 0.09758454106280195 0.06425120772946867 0.0502415458937199
0.05458937198067642 0.19565217391304351 0.05942028985507257 0.05217391304347833 0.05555555555555566 0.06038647342995178 0.052173913043478334 0.05217391304347834 0.06908212560386483 0.05748792270531411 0.05120772946859911 0.05072463768115951 0.058937198067632944 0.06956521739130443 0.06086956521739139
0.03870967741935481 0.04874551971326162 0.07455197132616481 0.06415770609318992 0.07526881720430102 0.09641577060931895 0.04050179211469532 0.08028673835125442 0.04229390681003581 0.053405017921146915 0.04372759856630821 0.11648745519713267 0.05806451612903222 0.05161290322580642 0.11577060931899644
0.05449735449735442 0.050793650793650724 0.05767195767195762 0.057671957671957604 0.056084656084655994 0.09470899470899463 0.04814814814814808 0.05714285714285706 0.04920634920634914 0.1275132275132274 0.12539682539682534 0.050264550264550185 0.053439153439153377 0.06560846560846552 0.05185185185185179
0.0325396825396825 0.03412698412698409 0.04761904761904757 0.06931216931216928 0.05740740740740736 0.2193121693121693 0.030952380952380905 0.04153439153439148 0.03915343915343912 0.04259259259259256 0.1354497354497353 0.037566137566137525 0.10105820105820097 0.06269841269841263 0.04867724867724863
0.06666666666666653 0.0843137254901959 0.07124183006535932 0.06470588235294104 0.061437908496731905 0.06993464052287568 0.06274509803921555 0.06078431372549007 0.06209150326797373 0.06274509803921555 0.06274509803921556 0.06601307189542469 0.06928104575163385 0.06339869281045737 0.07189542483660116
0.04949494949494949 0.10909090909090921 0.06666666666666674 0.05000000000000002 0.05151515151515155 0.0868686868686869 0.04797979797979798 0.047474747474747475 0.05202020202020205 0.05050505050505052 0.04848484848484848 0.09393939393939395 0.055555555555555594 0.0494949494949495 0.14090909090909096
0.04131944444444444 0.10451388888888889 0.05694444444444444 0.065625 0.05694444444444444 0.06701388888888889 0.060069444444444446 0.04375 0.20416666666666666 0.03993055555555555 0.04861111111111111 0.05659722222222222 0.058680555555555555 0.05173611111111111 0.044097222222222225
0.11913580246913563 0.05740740740740729 0.0604938271604937 0.059876543209876426 0.05864197530864187 0.06172839506172829 0.0753086419753085 0.061728395061728274 0.05617283950617273 0.05802469135802457 0.05802469135802457 0.08209876543209862 0.06172839506172829 0.06234567901234556 0.06728395061728382
0.08011695906432749 0.05614035087719299 0.061403508771929786 0.06959064327485386 0.06432748538011691 0.056725146198830394 0.061988304093567176 0.05321637426900586 0.09122807017543863 0.0543859649122807 0.08128654970760232 0.05730994152046784 0.055555555555555546 0.05555555555555554 0.10116959064327487
0.05555555555555545 0.05617283950617273 0.05555555555555545 0.05555555555555545 0.05555555555555545 0.05555555555555545 0.18395061728395035 0.05617283950617273 0.05555555555555545 0.05617283950617273 0.05555555555555545 0.09197530864197517 0.05555555555555545 0.05555555555555545 0.05555555555555545
0.04927536231884065 0.04492753623188414 0.052173913043478355 0.05748792270531411 0.055555555555555636 0.05362318840579718 0.047342995169082205 0.05217391304347836 0.04589371980676337 0.2850241545893721 0.05314009661835758 0.0473429951690822 0.05314009661835756 0.05265700483091796 0.050241545893719874
0.0788888888888888 0.05944444444444435 0.06388888888888881 0.06333333333333327 0.05944444444444434 0.061666666666666585 0.06277777777777768 0.06333333333333324 0.05777777777777767 0.058333333333333244 0.08388888888888876 0.10444444444444441 0.057222222222222126 0.0577777777777777 0.06777777777777766
0.07070707070707077 0.05151515151515155 0.05505050505050509 0.054545454545454605 0.06515151515151525 0.056060606060606116 0.04848484848484849 0.048989898989899 0.04797979797979797 0.18787878787878773 0.08383838383838388 0.04949494949494949 0.0540404040404041 0.07373737373737377 0.05252525252525256
0.06081871345029235 0.06315789473684208 0.06783625730994149 0.06900584795321635 0.06783625730994149 0.06315789473684208 0.058479532163742694 0.06842105263157891 0.06023391812865496 0.06608187134502921 0.06432748538011691 0.059064327485380055 0.09883040935672517 0.06783625730994147 0.06491228070175435
0.0538888888888888 0.192222222222222 0.05333333333333324 0.0577777777777777 0.05666666666666658 0.05722222222222215 0.053333333333333253 0.05277777777777769 0.05833333333333324 0.05277777777777769 0.0538888888888888 0.09388888888888876 0.054999999999999924 0.05333333333333324 0.05555555555555547
0.048611111111111084 0.15740740740740738 0.05787037037037038 0.06481481481481483 0.055555555555555566 0.059722222222222225 0.08240740740740739 0.05740740740740745 0.06296296296296297 0.05138888888888888 0.05370370370370373 0.07731481481481481 0.0615740740740741 0.054166666666666675 0.05509259259259256
0.052631578947368425 0.0543859649122807 0.05847953216374267 0.05555555555555557 0.0543859649122807 0.09239766081871346 0.07076023391812865 0.05380116959064329 0.053801169590643266 0.05321637426900586 0.05438596491228071 0.18187134502923968 0.05614035087719299 0.053801169590643266 0.0543859649122807
0.05166666666666659 0.15888888888888886 0.050555555555555465 0.05055555555555547 0.05055555555555547 0.05166666666666658 0.050555555555555465 0.05055555555555547 0.18111111111111108 0.05055555555555547 0.050555555555555465 0.050555555555555465 0.04999999999999991 0.05111111111111102 0.05111111111111103
0.052222222222222135 0.05888888888888879 0.07388888888888881 0.057222222222222126 0.06055555555555548 0.1122222222222222 0.05833333333333324 0.05888888888888882 0.10222222222222212 0.05611111111111101 0.06611111111111101 0.059999999999999915 0.05944444444444436 0.06499999999999992 0.05888888888888881
0.06370370370370368 0.04925925925925926 0.05999999999999999 0.06999999999999998 0.07259259259259256 0.059259259259259234 0.04999999999999997 0.051111111111111086 0.055925925925925914 0.05666666666666664 0.07925925925925921 0.05259259259259257 0.06481481481481477 0.16629629629629625 0.048518518518518516
0.06111111111111115 0.05151515151515153 0.06919191919191929 0.07474747474747476 0.06262626262626268 0.058585858585858644 0.06616161616161623 0.05101010101010102 0.09898989898989909 0.055050505050505065 0.06666666666666675 0.055050505050505086 0.06313131313131323 0.05909090909090913 0.10707070707070714
0.06055555555555547 0.05333333333333323 0.06055555555555546 0.05722222222222214 0.05444444444444436 0.05944444444444435 0.10166666666666667 0.05333333333333324 0.05555555555555547 0.053888888888888806 0.05444444444444437 0.11499999999999996 0.05166666666666658 0.05666666666666657 0.11222222222222218
0.046376811594202975 0.04492753623188414 0.05555555555555564 0.13140096618357483 0.10000000000000002 0.05217391304347834 0.05458937198067642 0.0681159420289856 0.045410628019323745 0.04975845410628028 0.04830917874396144 0.04782608695652181 0.05362318840579718 0.05024154589371989 0.15169082125603867
0.056613756613756554 0.05291005291005283 0.0793650793650793 0.06349206349206342 0.059788359788359724 0.08412698412698406 0.052380952380952306 0.058730158730158646 0.05343915343915335 0.06084656084656078 0.10211640211640204 0.05555555555555548 0.08148148148148142 0.07460317460317455 0.06455026455026448
0.05672514619883039 0.10058479532163746 0.05847953216374265 0.057894736842105284 0.05730994152046784 0.05614035087719298 0.053801169590643266 0.05497076023391812 0.05789473684210526 0.0573099415204678 0.052631578947368425 0.05497076023391812 0.060233918128654966 0.05789473684210524 0.16315789473684192
0.06432748538011691 0.05906432748538009 0.0637426900584795 0.07192982456140343 0.08011695906432752 0.05964912280701755 0.057309941520467825 0.07660818713450288 0.058479532163742666 0.06140350877192984 0.054970760233918115 0.055555555555555546 0.059649122807017514 0.0654970760233918 0.1116959064327485
0.061403508771929814 0.06315789473684208 0.08830409356725147 0.06315789473684211 0.06198830409356724 0.06608187134502923 0.057309941520467825 0.05614035087719299 0.07660818713450292 0.059649122807017535 0.0543859649122807 0.05847953216374265 0.061403508771929786 0.05789473684210524 0.11403508771929816
0.04589371980676337 0.0473429951690822 0.06280193236714986 0.045410628019323766 0.04830917874396144 0.05748792270531411 0.04637681159420297 0.2497584541062801 0.04541062801932375 0.11497584541062801 0.04444444444444452 0.044444444444444536 0.046859903381642594 0.049758454106280284 0.05072463768115951
0.05882352941176457 0.06470588235294106 0.1215686274509803 0.0594771241830064 0.06013071895424824 0.0614379084967319 0.059477124183006415 0.059477124183006415 0.05882352941176457 0.06013071895424823 0.05882352941176457 0.05882352941176457 0.0594771241830064 0.0594771241830064 0.099346405228758
0.059876543209876426 0.05617283950617273 0.06111111111111099 0.058641975308641854 0.05987654320987642 0.07098765432098753 0.05555555555555545 0.15123456790123435 0.05740740740740729 0.06358024691358014 0.05802469135802457 0.05555555555555545 0.061728395061728294 0.07222222222222208 0.05802469135802457
0.0543859649122807 0.05380116959064327 0.05789473684210523 0.05438596491228069 0.056725146198830394 0.05614035087719296 0.12865497076023374 0.056725146198830394 0.057309941520467846 0.05555555555555555 0.053801169590643266 0.14210526315789454 0.0567251461988304 0.05730994152046782 0.05847953216374269
0.05555555555555555 0.05614035087719297 0.0701754385964913 0.06140350877192982 0.06081871345029236 0.06081871345029239 0.05614035087719298 0.12514619883040917 0.05614035087719295 0.10701754385964908 0.05497076023391813 0.05497076023391813 0.06140350877192979 0.06081871345029234 0.058479532163742666
0.05277777777777769 0.05333333333333324 0.12444444444444445 0.05888888888888881 0.0577777777777777 0.09611111111111105 0.05333333333333323 0.0816666666666666 0.05166666666666658 0.05444444444444436 0.05333333333333324 0.05111111111111103 0.058333333333333244 0.05611111111111102 0.09666666666666666
0.06148148148148144 0.09296296296296291 0.08999999999999998 0.06296296296296293 0.07037037037037032 0.07592592592592591 0.047777777777777766 0.10370370370370367 0.05037037037037036 0.0522222222222222 0.05740740740740738 0.0437037037037037 0.07259259259259257 0.05740740740740738 0.061111111111111074
0.06374269005847946 0.05672514619883039 0.06491228070175438 0.06842105263157892 0.08947368421052632 0.06842105263157892 0.0567251461988304 0.06608187134502923 0.05614035087719297 0.06315789473684208 0.05497076023391813 0.0567251461988304 0.09064327485380116 0.0824561403508772 0.06140350877192982
0.06049382716049371 0.0648148148148147 0.06111111111111099 0.06358024691358014 0.06666666666666655 0.06296296296296286 0.06296296296296285 0.06049382716049372 0.06296296296296283 0.06049382716049371 0.06296296296296283 0.05987654320987642 0.12222222222222208 0.06358024691358014 0.06481481481481469
0.06222222222222213 0.06777777777777769 0.06888888888888879 0.0627777777777777 0.06833333333333323 0.06888888888888878 0.06277777777777767 0.06333333333333324 0.06333333333333324 0.07222222222222213 0.0627777777777777 0.06222222222222213 0.08944444444444434 0.06055555555555546 0.06444444444444436
0.058479532163742694 0.056725146198830394 0.05906432748538007 0.060233918128654924 0.05789473684210523 0.060818713450292376 0.05614035087719296 0.10935672514619878 0.058479532163742666 0.07953216374269009 0.058479532163742666 0.056725146198830415 0.06842105263157892 0.0999999999999999 0.059649122807017535
0.053888888888888806 0.050555555555555465 0.060555555555555446 0.05277777777777769 0.0549999999999999 0.05777777777777769 0.18166666666666653 0.09055555555555549 0.050555555555555465 0.05666666666666658 0.053888888888888806 0.06777777777777769 0.05611111111111103 0.06222222222222215 0.04999999999999991
0.0565656565656566 0.057070707070707105 0.06010101010101016 0.08686868686868701 0.12373737373737378 0.0752525252525254 0.04949494949494951 0.07020202020202024 0.05858585858585862 0.057575757575757634 0.052525252525252544 0.053535353535353554 0.08232323232323241 0.06010101010101015 0.0560606060606061
0.05722222222222212 0.0549999999999999 0.08222222222222211 0.0638888888888888 0.07499999999999993 0.06499999999999989 0.053888888888888806 0.056666666666666594 0.07166666666666656 0.06222222222222211 0.058333333333333244 0.05611111111111103 0.12444444444444441 0.06055555555555547 0.05777777777777769
0.05845410628019336 0.05120772946859913 0.06666666666666675 0.07536231884057983 0.06666666666666678 0.0874396135265701 0.04975845410628028 0.058937198067632944 0.054106280193236794 0.06425120772946867 0.055072463768115996 0.05410628019323681 0.1352657004830918 0.0608695652173914 0.0618357487922706
0.05757575757575759 0.05353535353535354 0.06868686868686873 0.07929292929292943 0.08434343434343441 0.10606060606060612 0.0505050505050505 0.09595959595959602 0.05101010101010102 0.056565656565656604 0.05303030303030308 0.04797979797979797 0.08484848484848491 0.05252525252525256 0.05808080808080815
0.04485596707818932 0.04403292181069963 0.09876543209876541 0.0670781893004116 0.06543209876543211 0.07366255144032927 0.0967078189300412 0.1469135802469135 0.04362139917695476 0.04979423868312764 0.049382716049382776 0.04691358024691364 0.06378600823045273 0.0526748971193416 0.05637860082304535
0.06018518518518519 0.05601851851851853 0.08703703703703702 0.06435185185185187 0.06851851851851855 0.0726851851851852 0.05601851851851852 0.09305555555555553 0.049537037037037025 0.08981481481481482 0.06203703703703705 0.054629629629629646 0.06435185185185187 0.06250000000000001 0.05925925925925925
