0.041666666666666664 0.041666666666666664 0.041666666666666664 0.125 0.041666666666666664 0.125 0.08333333333333333 0.08333333333333333 0.08333333333333333 0.3333333333333333
0.0625 0.0625 0.0625 0.125 0.0625 0.0625 0.1875 0.125 0.0625 0.1875
0.07692307692307693 0.3076923076923077 0.07692307692307693 0.07692307692307693 0.07692307692307693 0.07692307692307693 0.07692307692307693 0.07692307692307693 0.07692307692307693 0.07692307692307693
0.07142857142857142 0.2857142857142857 0.07142857142857142 0.07142857142857142 0.07142857142857142 0.07142857142857142 0.07142857142857142 0.14285714285714285 0.07142857142857142 0.07142857142857142
0.07142857142857142 0.35714285714285715 0.07142857142857142 0.07142857142857142 0.07142857142857142 0.07142857142857142 0.07142857142857142 0.07142857142857142 0.07142857142857142 0.07142857142857142
0.07142857142857142 0.07142857142857142 0.07142857142857142 0.14285714285714285 0.07142857142857142 0.14285714285714285 0.07142857142857142 0.07142857142857142 0.14285714285714285 0.14285714285714285
0.2777777777777778 0.05555555555555555 0.1111111111111111 0.1111111111111111 0.05555555555555555 0.16666666666666666 0.05555555555555555 0.05555555555555555 0.05555555555555555 0.05555555555555555
0.15 0.05 0.05 0.15 0.1 0.05 0.1 0.1 0.15 0.1
0.05263157894736842 0.05263157894736842 0.10526315789473684 0.05263157894736842 0.10526315789473684 0.2631578947368421 0.10526315789473684 0.10526315789473684 0.05263157894736842 0.10526315789473684
0.13333333333333333 0.2 0.06666666666666667 0.06666666666666667 0.06666666666666667 0.13333333333333333 0.06666666666666667 0.06666666666666667 0.06666666666666667 0.13333333333333333
0.037037037037037035 0.07407407407407407 0.07407407407407407 0.037037037037037035 0.037037037037037035 0.3333333333333333 0.037037037037037035 0.037037037037037035 0.18518518518518517 0.14814814814814814
0.08333333333333333 0.16666666666666666 0.08333333333333333 0.08333333333333333 0.16666666666666666 0.08333333333333333 0.08333333333333333 0.08333333333333333 0.08333333333333333 0.08333333333333333
0.05 0.05 0.05 0.05 0.05 0.3 0.1 0.15 0.05 0.15
0.0625 0.0625 0.0625 0.0625 0.125 0.0625 0.0625 0.25 0.0625 0.1875
0.058823529411764705 0.058823529411764705 0.4117647058823529 0.058823529411764705 0.058823529411764705 0.058823529411764705 0.11764705882352941 0.058823529411764705 0.058823529411764705 0.058823529411764705
0.14285714285714285 0.07142857142857142 0.07142857142857142 0.07142857142857142 0.07142857142857142 0.07142857142857142 0.07142857142857142 0.07142857142857142 0.07142857142857142 0.2857142857142857
0.13043478260869565 0.17391304347826086 0.17391304347826086 0.043478260869565216 0.043478260869565216 0.08695652173913043 0.043478260869565216 0.13043478260869565 0.08695652173913043 0.08695652173913043
0.06060606060606061 0.030303030303030304 0.12121212121212122 0.030303030303030304 0.3939393939393939 0.030303030303030304 0.030303030303030304 0.12121212121212122 0.06060606060606061 0.12121212121212122
0.043478260869565216 0.08695652173913043 0.043478260869565216 0.13043478260869565 0.30434782608695654 0.043478260869565216 0.21739130434782608 0.043478260869565216 0.043478260869565216 0.043478260869565216
0.07692307692307693 0.07692307692307693 0.15384615384615385 0.15384615384615385 0.07692307692307693 0.07692307692307693 0.15384615384615385 0.07692307692307693 0.07692307692307693 0.07692307692307693
0.08695652173913043 0.043478260869565216 0.043478260869565216 0.17391304347826086 0.34782608695652173 0.08695652173913043 0.043478260869565216 0.043478260869565216 0.043478260869565216 0.08695652173913043
0.07142857142857142 0.07142857142857142 0.21428571428571427 0.14285714285714285 0.14285714285714285 0.07142857142857142 0.07142857142857142 0.07142857142857142 0.07142857142857142 0.07142857142857142
0.10526315789473684 0.05263157894736842 0.10526315789473684 0.05263157894736842 0.10526315789473684 0.15789473684210525 0.05263157894736842 0.05263157894736842 0.15789473684210525 0.15789473684210525
0.07142857142857142 0.07142857142857142 0.07142857142857142 0.35714285714285715 0.07142857142857142 0.07142857142857142 0.07142857142857142 0.07142857142857142 0.07142857142857142 0.07142857142857142
0.06666666666666667 0.06666666666666667 0.2 0.06666666666666667 0.13333333333333333 0.06666666666666667 0.13333333333333333 0.06666666666666667 0.06666666666666667 0.13333333333333333
0.08333333333333333 0.08333333333333333 0.16666666666666666 0.16666666666666666 0.08333333333333333 0.08333333333333333 0.08333333333333333 0.08333333333333333 0.08333333333333333 0.08333333333333333
0.16666666666666666 0.16666666666666666 0.05555555555555555 0.05555555555555555 0.05555555555555555 0.05555555555555555 0.1111111111111111 0.05555555555555555 0.05555555555555555 0.2222222222222222
0.05263157894736842 0.05263157894736842 0.05263157894736842 0.3157894736842105 0.10526315789473684 0.05263157894736842 0.10526315789473684 0.10526315789473684 0.05263157894736842 0.10526315789473684
0.10526315789473684 0.05263157894736842 0.05263157894736842 0.05263157894736842 0.10526315789473684 0.15789473684210525 0.2631578947368421 0.10526315789473684 0.05263157894736842 0.05263157894736842
0.07692307692307693 0.07692307692307693 0.07692307692307693 0.15384615384615385 0.07692307692307693 0.07692307692307693 0.07692307692307693 0.23076923076923078 0.07692307692307693 0.07692307692307693
0.125 0.0625 0.125 0.0625 0.0625 0.125 0.1875 0.125 0.0625 0.0625
0.08333333333333333 0.08333333333333333 0.08333333333333333 0.08333333333333333 0.08333333333333333 0.08333333333333333 0.08333333333333333 0.16666666666666666 0.16666666666666666 0.08333333333333333
0.05263157894736842 0.15789473684210525 0.15789473684210525 0.21052631578947367 0.05263157894736842 0.05263157894736842 0.10526315789473684 0.05263157894736842 0.05263157894736842 0.10526315789473684
0.06666666666666667 0.2 0.06666666666666667 0.06666666666666667 0.06666666666666667 0.13333333333333333 0.06666666666666667 0.06666666666666667 0.13333333333333333 0.13333333333333333
0.13636363636363635 0.09090909090909091 0.09090909090909091 0.09090909090909091 0.09090909090909091 0.22727272727272727 0.09090909090909091 0.045454545454545456 0.045454545454545456 0.09090909090909091
0.0625 0.0625 0.0625 0.3125 0.0625 0.125 0.0625 0.0625 0.125 0.0625
0.045454545454545456 0.045454545454545456 0.045454545454545456 0.13636363636363635 0.09090909090909091 0.4090909090909091 0.045454545454545456 0.09090909090909091 0.045454545454545456 0.045454545454545456
0.125 0.0625 0.0625 0.25 0.125 0.0625 0.0625 0.0625 0.125 0.0625
0.07692307692307693 0.23076923076923078 0.07692307692307693 0.07692307692307693 0.07692307692307693 0.07692307692307693 0.07692307692307693 0.07692307692307693 0.07692307692307693 0.15384615384615385
0.1 0.05 0.05 0.05 0.05 0.05 0.15 0.1 0.05 0.35
0.05263157894736842 0.10526315789473684 0.21052631578947367 0.05263157894736842 0.10526315789473684 0.15789473684210525 0.10526315789473684 0.05263157894736842 0.05263157894736842 0.10526315789473684
0.05 0.15 0.05 0.4 0.1 0.05 0.05 0.05 0.05 0.05
0.05 0.25 0.05 0.05 0.05 0.1 0.1 0.25 0.05 0.05
0.07692307692307693 0.07692307692307693 0.07692307692307693 0.23076923076923078 0.07692307692307693 0.07692307692307693 0.07692307692307693 0.07692307692307693 0.15384615384615385 0.07692307692307693
0.07142857142857142 0.023809523809523808 0.047619047619047616 0.023809523809523808 0.09523809523809523 0.047619047619047616 0.5476190476190477 0.023809523809523808 0.09523809523809523 0.023809523809523808
0.0625 0.0625 0.3125 0.0625 0.0625 0.0625 0.125 0.0625 0.125 0.0625
0.07142857142857142 0.07142857142857142 0.07142857142857142 0.07142857142857142 0.07142857142857142 0.2857142857142857 0.07142857142857142 0.07142857142857142 0.14285714285714285 0.07142857142857142
0.13333333333333333 0.06666666666666667 0.06666666666666667 0.06666666666666667 0.06666666666666667 0.2 0.13333333333333333 0.06666666666666667 0.13333333333333333 0.06666666666666667
0.07142857142857142 0.14285714285714285 0.07142857142857142 0.14285714285714285 0.07142857142857142 0.14285714285714285 0.14285714285714285 0.07142857142857142 0.07142857142857142 0.07142857142857142
0.058823529411764705 0.058823529411764705 0.058823529411764705 0.29411764705882354 0.058823529411764705 0.058823529411764705 0.11764705882352941 0.058823529411764705 0.17647058823529413 0.058823529411764705
0.13333333333333333 0.26666666666666666 0.06666666666666667 0.13333333333333333 0.06666666666666667 0.06666666666666667 0.06666666666666667 0.06666666666666667 0.06666666666666667 0.06666666666666667
0.07142857142857142 0.14285714285714285 0.21428571428571427 0.07142857142857142 0.07142857142857142 0.07142857142857142 0.07142857142857142 0.07142857142857142 0.07142857142857142 0.14285714285714285
0.043478260869565216 0.043478260869565216 0.13043478260869565 0.043478260869565216 0.043478260869565216 0.21739130434782608 0.34782608695652173 0.043478260869565216 0.043478260869565216 0.043478260869565216
0.05555555555555555 0.05555555555555555 0.1111111111111111 0.05555555555555555 0.1111111111111111 0.16666666666666666 0.1111111111111111 0.16666666666666666 0.1111111111111111 0.05555555555555555
0.15384615384615385 0.07692307692307693 0.07692307692307693 0.07692307692307693 0.07692307692307693 0.07692307692307693 0.07692307692307693 0.07692307692307693 0.07692307692307693 0.23076923076923078
0.0625 0.25 0.0625 0.0625 0.0625 0.1875 0.0625 0.125 0.0625 0.0625
0.07692307692307693 0.07692307692307693 0.15384615384615385 0.07692307692307693 0.15384615384615385 0.07692307692307693 0.07692307692307693 0.15384615384615385 0.07692307692307693 0.07692307692307693
0.058823529411764705 0.23529411764705882 0.17647058823529413 0.058823529411764705 0.058823529411764705 0.11764705882352941 0.058823529411764705 0.058823529411764705 0.058823529411764705 0.11764705882352941
0.0625 0.0625 0.0625 0.125 0.0625 0.125 0.1875 0.0625 0.0625 0.1875
0.07142857142857142 0.07142857142857142 0.14285714285714285 0.14285714285714285 0.07142857142857142 0.21428571428571427 0.07142857142857142 0.07142857142857142 0.07142857142857142 0.07142857142857142
0.23076923076923078 0.07692307692307693 0.07692307692307693 0.07692307692307693 0.07692307692307693 0.07692307692307693 0.15384615384615385 0.07692307692307693 0.07692307692307693 0.07692307692307693
0.1 0.2 0.05 0.1 0.05 0.25 0.05 0.1 0.05 0.05
0.0625 0.4375 0.0625 0.0625 0.0625 0.0625 0.0625 0.0625 0.0625 0.0625
0.06666666666666667 0.2 0.06666666666666667 0.06666666666666667 0.06666666666666667 0.13333333333333333 0.06666666666666667 0.13333333333333333 0.06666666666666667 0.13333333333333333
0.1875 0.1875 0.0625 0.0625 0.0625 0.0625 0.0625 0.125 0.125 0.0625
0.07142857142857142 0.14285714285714285 0.07142857142857142 0.21428571428571427 0.07142857142857142 0.07142857142857142 0.07142857142857142 0.14285714285714285 0.07142857142857142 0.07142857142857142
0.09523809523809523 0.14285714285714285 0.047619047619047616 0.047619047619047616 0.047619047619047616 0.19047619047619047 0.047619047619047616 0.23809523809523808 0.09523809523809523 0.047619047619047616
0.06666666666666667 0.06666666666666667 0.06666666666666667 0.06666666666666667 0.2 0.06666666666666667 0.26666666666666666 0.06666666666666667 0.06666666666666667 0.06666666666666667
0.0625 0.0625 0.125 0.25 0.0625 0.125 0.0625 0.0625 0.125 0.0625
0.13333333333333333 0.2 0.06666666666666667 0.06666666666666667 0.06666666666666667 0.2 0.06666666666666667 0.06666666666666667 0.06666666666666667 0.06666666666666667
0.07142857142857142 0.21428571428571427 0.07142857142857142 0.07142857142857142 0.07142857142857142 0.14285714285714285 0.07142857142857142 0.07142857142857142 0.07142857142857142 0.14285714285714285
0.16666666666666666 0.08333333333333333 0.08333333333333333 0.16666666666666666 0.08333333333333333 0.08333333333333333 0.08333333333333333 0.08333333333333333 0.08333333333333333 0.08333333333333333
0.07692307692307693 0.23076923076923078 0.07692307692307693 0.07692307692307693 0.07692307692307693 0.07692307692307693 0.07692307692307693 0.07692307692307693 0.15384615384615385 0.07692307692307693
0.038461538461538464 0.11538461538461539 0.038461538461538464 0.07692307692307693 0.038461538461538464 0.2692307692307692 0.15384615384615385 0.038461538461538464 0.15384615384615385 0.07692307692307693
0.16666666666666666 0.05555555555555555 0.05555555555555555 0.05555555555555555 0.1111111111111111 0.2222222222222222 0.05555555555555555 0.1111111111111111 0.05555555555555555 0.1111111111111111
0.037037037037037035 0.3333333333333333 0.037037037037037035 0.037037037037037035 0.037037037037037035 0.18518518518518517 0.037037037037037035 0.037037037037037035 0.18518518518518517 0.07407407407407407
0.06666666666666667 0.06666666666666667 0.2 0.06666666666666667 0.06666666666666667 0.13333333333333333 0.2 0.06666666666666667 0.06666666666666667 0.06666666666666667
0.05 0.05 0.05 0.2 0.15 0.05 0.1 0.05 0.2 0.1
0.07142857142857142 0.07142857142857142 0.07142857142857142 0.07142857142857142 0.07142857142857142 0.07142857142857142 0.14285714285714285 0.07142857142857142 0.21428571428571427 0.14285714285714285
0.09090909090909091 0.09090909090909091 0.09090909090909091 0.18181818181818182 0.09090909090909091 0.09090909090909091 0.09090909090909091 0.09090909090909091 0.09090909090909091 0.09090909090909091
0.13333333333333333 0.13333333333333333 0.06666666666666667 0.13333333333333333 0.13333333333333333 0.13333333333333333 0.06666666666666667 0.06666666666666667 0.06666666666666667 0.06666666666666667
0.15 0.05 0.05 0.2 0.05 0.15 0.05 0.1 0.05 0.15
0.07692307692307693 0.07692307692307693 0.15384615384615385 0.07692307692307693 0.15384615384615385 0.07692307692307693 0.07692307692307693 0.15384615384615385 0.07692307692307693 0.07692307692307693
0.13333333333333333 0.06666666666666667 0.13333333333333333 0.06666666666666667 0.06666666666666667 0.13333333333333333 0.06666666666666667 0.06666666666666667 0.06666666666666667 0.2
0.05 0.05 0.15 0.05 0.1 0.05 0.2 0.15 0.15 0.05
0.3103448275862069 0.20689655172413793 0.034482758620689655 0.13793103448275862 0.034482758620689655 0.13793103448275862 0.034482758620689655 0.034482758620689655 0.034482758620689655 0.034482758620689655
0.10526315789473684 0.10526315789473684 0.05263157894736842 0.15789473684210525 0.10526315789473684 0.21052631578947367 0.05263157894736842 0.05263157894736842 0.05263157894736842 0.10526315789473684
0.15789473684210525 0.05263157894736842 0.05263157894736842 0.05263157894736842 0.05263157894736842 0.05263157894736842 0.3157894736842105 0.10526315789473684 0.05263157894736842 0.10526315789473684
0.23529411764705882 0.058823529411764705 0.17647058823529413 0.11764705882352941 0.058823529411764705 0.058823529411764705 0.11764705882352941 0.058823529411764705 0.058823529411764705 0.058823529411764705
0.07142857142857142 0.07142857142857142 0.14285714285714285 0.07142857142857142 0.07142857142857142 0.07142857142857142 0.07142857142857142 0.07142857142857142 0.07142857142857142 0.2857142857142857
0.29411764705882354 0.058823529411764705 0.058823529411764705 0.058823529411764705 0.058823529411764705 0.11764705882352941 0.058823529411764705 0.058823529411764705 0.17647058823529413 0.058823529411764705
0.0625 0.0625 0.0625 0.0625 0.0625 0.0625 0.0625 0.375 0.125 0.0625
0.0625 0.0625 0.0625 0.3125 0.0625 0.0625 0.0625 0.0625 0.1875 0.0625
0.07142857142857142 0.14285714285714285 0.07142857142857142 0.2857142857142857 0.07142857142857142 0.07142857142857142 0.07142857142857142 0.07142857142857142 0.07142857142857142 0.07142857142857142
0.1935483870967742 0.03225806451612903 0.06451612903225806 0.06451612903225806 0.03225806451612903 0.12903225806451613 0.16129032258064516 0.12903225806451613 0.03225806451612903 0.16129032258064516
0.1875 0.0625 0.0625 0.1875 0.0625 0.0625 0.125 0.0625 0.0625 0.125
0.07692307692307693 0.15384615384615385 0.07692307692307693 0.07692307692307693 0.07692307692307693 0.23076923076923078 0.07692307692307693 0.07692307692307693 0.07692307692307693 0.07692307692307693
0.043478260869565216 0.17391304347826086 0.08695652173913043 0.043478260869565216 0.043478260869565216 0.08695652173913043 0.17391304347826086 0.043478260869565216 0.043478260869565216 0.2608695652173913
0.0625 0.25 0.0625 0.0625 0.1875 0.0625 0.0625 0.0625 0.0625 0.125
0.11764705882352941 0.058823529411764705 0.11764705882352941 0.058823529411764705 0.058823529411764705 0.058823529411764705 0.058823529411764705 0.23529411764705882 0.11764705882352941 0.11764705882352941
0.2631578947368421 0.05263157894736842 0.10526315789473684 0.05263157894736842 0.05263157894736842 0.05263157894736842 0.05263157894736842 0.05263157894736842 0.10526315789473684 0.21052631578947367
0.043478260869565216 0.13043478260869565 0.13043478260869565 0.043478260869565216 0.17391304347826086 0.08695652173913043 0.043478260869565216 0.043478260869565216 0.13043478260869565 0.17391304347826086
0.0625 0.0625 0.0625 0.0625 0.125 0.0625 0.0625 0.0625 0.125 0.3125
0.08333333333333333 0.08333333333333333 0.08333333333333333 0.08333333333333333 0.08333333333333333 0.08333333333333333 0.08333333333333333 0.16666666666666666 0.16666666666666666 0.08333333333333333
0.16666666666666666 0.16666666666666666 0.041666666666666664 0.041666666666666664 0.041666666666666664 0.08333333333333333 0.125 0.16666666666666666 0.041666666666666664 0.125
0.05 0.05 0.05 0.3 0.05 0.05 0.05 0.2 0.05 0.15
0.11764705882352941 0.17647058823529413 0.058823529411764705 0.058823529411764705 0.058823529411764705 0.058823529411764705 0.058823529411764705 0.11764705882352941 0.17647058823529413 0.11764705882352941
0.25 0.125 0.0625 0.125 0.0625 0.125 0.0625 0.0625 0.0625 0.0625
0.05263157894736842 0.21052631578947367 0.05263157894736842 0.05263157894736842 0.10526315789473684 0.05263157894736842 0.05263157894736842 0.15789473684210525 0.10526315789473684 0.15789473684210525
0.10526315789473684 0.10526315789473684 0.05263157894736842 0.21052631578947367 0.10526315789473684 0.05263157894736842 0.10526315789473684 0.05263157894736842 0.10526315789473684 0.10526315789473684
0.09523809523809523 0.14285714285714285 0.047619047619047616 0.047619047619047616 0.047619047619047616 0.23809523809523808 0.047619047619047616 0.09523809523809523 0.09523809523809523 0.14285714285714285
0.058823529411764705 0.058823529411764705 0.11764705882352941 0.11764705882352941 0.058823529411764705 0.058823529411764705 0.23529411764705882 0.058823529411764705 0.17647058823529413 0.058823529411764705
0.045454545454545456 0.5 0.045454545454545456 0.045454545454545456 0.09090909090909091 0.045454545454545456 0.045454545454545456 0.045454545454545456 0.09090909090909091 0.045454545454545456
0.125 0.0625 0.0625 0.125 0.0625 0.0625 0.125 0.125 0.0625 0.1875
0.045454545454545456 0.09090909090909091 0.13636363636363635 0.045454545454545456 0.09090909090909091 0.045454545454545456 0.18181818181818182 0.18181818181818182 0.13636363636363635 0.045454545454545456
0.07142857142857142 0.14285714285714285 0.07142857142857142 0.14285714285714285 0.07142857142857142 0.07142857142857142 0.07142857142857142 0.14285714285714285 0.07142857142857142 0.14285714285714285
0.045454545454545456 0.2727272727272727 0.09090909090909091 0.045454545454545456 0.045454545454545456 0.09090909090909091 0.13636363636363635 0.045454545454545456 0.045454545454545456 0.18181818181818182
0.07142857142857142 0.07142857142857142 0.21428571428571427 0.07142857142857142 0.14285714285714285 0.07142857142857142 0.07142857142857142 0.07142857142857142 0.07142857142857142 0.14285714285714285
0.045454545454545456 0.045454545454545456 0.09090909090909091 0.09090909090909091 0.045454545454545456 0.18181818181818182 0.045454545454545456 0.2727272727272727 0.13636363636363635 0.045454545454545456
0.08695652173913043 0.043478260869565216 0.043478260869565216 0.043478260869565216 0.13043478260869565 0.043478260869565216 0.13043478260869565 0.13043478260869565 0.17391304347826086 0.17391304347826086
0.08695652173913043 0.13043478260869565 0.043478260869565216 0.2608695652173913 0.13043478260869565 0.17391304347826086 0.043478260869565216 0.043478260869565216 0.043478260869565216 0.043478260869565216
0.2222222222222222 0.05555555555555555 0.1111111111111111 0.05555555555555555 0.05555555555555555 0.1111111111111111 0.05555555555555555 0.05555555555555555 0.05555555555555555 0.2222222222222222
0.05555555555555555 0.1111111111111111 0.05555555555555555 0.05555555555555555 0.1111111111111111 0.05555555555555555 0.05555555555555555 0.05555555555555555 0.3888888888888889 0.05555555555555555
0.06666666666666667 0.06666666666666667 0.13333333333333333 0.06666666666666667 0.13333333333333333 0.06666666666666667 0.06666666666666667 0.06666666666666667 0.2 0.13333333333333333
0.058823529411764705 0.23529411764705882 0.11764705882352941 0.058823529411764705 0.058823529411764705 0.11764705882352941 0.058823529411764705 0.058823529411764705 0.17647058823529413 0.058823529411764705
0.08333333333333333 0.08333333333333333 0.08333333333333333 0.08333333333333333 0.08333333333333333 0.08333333333333333 0.08333333333333333 0.16666666666666666 0.16666666666666666 0.08333333333333333
0.05 0.05 0.05 0.1 0.05 0.05 0.4 0.15 0.05 0.05
0.08333333333333333 0.08333333333333333 0.08333333333333333 0.08333333333333333 0.08333333333333333 0.08333333333333333 0.08333333333333333 0.16666666666666666 0.16666666666666666 0.08333333333333333
0.038461538461538464 0.15384615384615385 0.038461538461538464 0.038461538461538464 0.19230769230769232 0.038461538461538464 0.07692307692307693 0.11538461538461539 0.11538461538461539 0.19230769230769232
0.3 0.06666666666666667 0.26666666666666666 0.03333333333333333 0.06666666666666667 0.03333333333333333 0.06666666666666667 0.1 0.03333333333333333 0.03333333333333333
0.05 0.1 0.1 0.05 0.25 0.05 0.1 0.05 0.1 0.15
0.0625 0.0625 0.125 0.125 0.0625 0.1875 0.0625 0.1875 0.0625 0.0625
0.05555555555555555 0.1111111111111111 0.1111111111111111 0.05555555555555555 0.2222222222222222 0.1111111111111111 0.05555555555555555 0.05555555555555555 0.1111111111111111 0.1111111111111111
0.09090909090909091 0.13636363636363635 0.045454545454545456 0.13636363636363635 0.09090909090909091 0.045454545454545456 0.09090909090909091 0.045454545454545456 0.22727272727272727 0.09090909090909091
0.07142857142857142 0.07142857142857142 0.07142857142857142 0.25 0.14285714285714285 0.07142857142857142 0.10714285714285714 0.07142857142857142 0.07142857142857142 0.07142857142857142
0.05555555555555555 0.05555555555555555 0.05555555555555555 0.1111111111111111 0.2222222222222222 0.16666666666666666 0.05555555555555555 0.05555555555555555 0.1111111111111111 0.1111111111111111
0.06666666666666667 0.06666666666666667 0.06666666666666667 0.06666666666666667 0.13333333333333333 0.06666666666666667 0.2 0.13333333333333333 0.13333333333333333 0.06666666666666667
0.16666666666666666 0.08333333333333333 0.08333333333333333 0.08333333333333333 0.08333333333333333 0.08333333333333333 0.08333333333333333 0.16666666666666666 0.08333333333333333 0.08333333333333333
0.25 0.0625 0.0625 0.0625 0.125 0.1875 0.0625 0.0625 0.0625 0.0625
0.07692307692307693 0.15384615384615385 0.07692307692307693 0.07692307692307693 0.07692307692307693 0.07692307692307693 0.07692307692307693 0.23076923076923078 0.07692307692307693 0.07692307692307693
0.13333333333333333 0.06666666666666667 0.13333333333333333 0.13333333333333333 0.06666666666666667 0.13333333333333333 0.06666666666666667 0.13333333333333333 0.06666666666666667 0.06666666666666667
0.0625 0.0625 0.125 0.0625 0.1875 0.125 0.0625 0.125 0.125 0.0625
0.07692307692307693 0.3076923076923077 0.07692307692307693 0.07692307692307693 0.07692307692307693 0.07692307692307693 0.07692307692307693 0.07692307692307693 0.07692307692307693 0.07692307692307693
0.05 0.025 0.025 0.05 0.1 0.525 0.05 0.025 0.05 0.1
0.11764705882352941 0.17647058823529413 0.17647058823529413 0.058823529411764705 0.17647058823529413 0.058823529411764705 0.058823529411764705 0.058823529411764705 0.058823529411764705 0.058823529411764705
0.07142857142857142 0.07142857142857142 0.07142857142857142 0.21428571428571427 0.07142857142857142 0.07142857142857142 0.07142857142857142 0.07142857142857142 0.07142857142857142 0.21428571428571427
0.10526315789473684 0.05263157894736842 0.05263157894736842 0.2631578947368421 0.10526315789473684 0.05263157894736842 0.15789473684210525 0.10526315789473684 0.05263157894736842 0.05263157894736842
0.07692307692307693 0.07692307692307693 0.07692307692307693 0.07692307692307693 0.07692307692307693 0.07692307692307693 0.15384615384615385 0.07692307692307693 0.15384615384615385 0.15384615384615385
0.05263157894736842 0.05263157894736842 0.3684210526315789 0.05263157894736842 0.05263157894736842 0.15789473684210525 0.05263157894736842 0.05263157894736842 0.10526315789473684 0.05263157894736842
0.125 0.1875 0.0625 0.0625 0.0625 0.0625 0.0625 0.0625 0.25 0.0625
0.13333333333333333 0.06666666666666667 0.06666666666666667 0.06666666666666667 0.13333333333333333 0.13333333333333333 0.13333333333333333 0.13333333333333333 0.06666666666666667 0.06666666666666667
0.047619047619047616 0.047619047619047616 0.047619047619047616 0.047619047619047616 0.5714285714285714 0.047619047619047616 0.047619047619047616 0.047619047619047616 0.047619047619047616 0.047619047619047616
0.038461538461538464 0.038461538461538464 0.19230769230769232 0.038461538461538464 0.07692307692307693 0.4230769230769231 0.07692307692307693 0.038461538461538464 0.038461538461538464 0.038461538461538464
0.125 0.0625 0.0625 0.1875 0.125 0.0625 0.0625 0.1875 0.0625 0.0625
0.10526315789473684 0.15789473684210525 0.15789473684210525 0.05263157894736842 0.10526315789473684 0.10526315789473684 0.05263157894736842 0.10526315789473684 0.10526315789473684 0.05263157894736842
0.07142857142857142 0.14285714285714285 0.07142857142857142 0.21428571428571427 0.14285714285714285 0.07142857142857142 0.07142857142857142 0.07142857142857142 0.07142857142857142 0.07142857142857142
0.05263157894736842 0.05263157894736842 0.05263157894736842 0.05263157894736842 0.5263157894736842 0.05263157894736842 0.05263157894736842 0.05263157894736842 0.05263157894736842 0.05263157894736842
0.13333333333333333 0.13333333333333333 0.06666666666666667 0.13333333333333333 0.13333333333333333 0.06666666666666667 0.13333333333333333 0.06666666666666667 0.06666666666666667 0.06666666666666667
0.07692307692307693 0.07692307692307693 0.07692307692307693 0.15384615384615385 0.15384615384615385 0.07692307692307693 0.15384615384615385 0.07692307692307693 0.07692307692307693 0.07692307692307693
0.07692307692307693 0.038461538461538464 0.038461538461538464 0.038461538461538464 0.46153846153846156 0.11538461538461539 0.11538461538461539 0.038461538461538464 0.038461538461538464 0.038461538461538464
0.045454545454545456 0.045454545454545456 0.045454545454545456 0.045454545454545456 0.18181818181818182 0.09090909090909091 0.09090909090909091 0.045454545454545456 0.045454545454545456 0.36363636363636365
0.04081632653061224 0.04081632653061224 0.02040816326530612 0.24489795918367346 0.4489795918367347 0.04081632653061224 0.02040816326530612 0.061224489795918366 0.04081632653061224 0.04081632653061224
0.23809523809523808 0.047619047619047616 0.047619047619047616 0.14285714285714285 0.047619047619047616 0.047619047619047616 0.23809523809523808 0.047619047619047616 0.047619047619047616 0.09523809523809523
0.025 0.025 0.05 0.05 0.225 0.125 0.075 0.35 0.05 0.025
0.045454545454545456 0.18181818181818182 0.045454545454545456 0.09090909090909091 0.4090909090909091 0.045454545454545456 0.045454545454545456 0.045454545454545456 0.045454545454545456 0.045454545454545456
0.02564102564102564 0.02564102564102564 0.20512820512820512 0.02564102564102564 0.1794871794871795 0.02564102564102564 0.23076923076923078 0.02564102564102564 0.1282051282051282 0.1282051282051282
0.16666666666666666 0.08333333333333333 0.08333333333333333 0.08333333333333333 0.08333333333333333 0.08333333333333333 0.08333333333333333 0.08333333333333333 0.08333333333333333 0.16666666666666666
0.05263157894736842 0.02631578947368421 0.15789473684210525 0.05263157894736842 0.42105263157894735 0.15789473684210525 0.02631578947368421 0.02631578947368421 0.05263157894736842 0.02631578947368421
0.16666666666666666 0.05555555555555555 0.05555555555555555 0.05555555555555555 0.05555555555555555 0.05555555555555555 0.16666666666666666 0.05555555555555555 0.05555555555555555 0.2777777777777778
0.05 0.05 0.05 0.05 0.45 0.1 0.05 0.05 0.05 0.1
0.07692307692307693 0.07692307692307693 0.15384615384615385 0.07692307692307693 0.07692307692307693 0.23076923076923078 0.07692307692307693 0.07692307692307693 0.07692307692307693 0.07692307692307693
0.08333333333333333 0.25 0.08333333333333333 0.08333333333333333 0.08333333333333333 0.08333333333333333 0.08333333333333333 0.08333333333333333 0.08333333333333333 0.08333333333333333
0.08333333333333333 0.08333333333333333 0.08333333333333333 0.08333333333333333 0.25 0.08333333333333333 0.08333333333333333 0.08333333333333333 0.08333333333333333 0.08333333333333333
0.07692307692307693 0.07692307692307693 0.07692307692307693 0.07692307692307693 0.07692307692307693 0.15384615384615385 0.07692307692307693 0.07692307692307693 0.15384615384615385 0.15384615384615385
0.1 0.15 0.05 0.05 0.35 0.1 0.05 0.05 0.05 0.05
0.07692307692307693 0.23076923076923078 0.07692307692307693 0.07692307692307693 0.07692307692307693 0.07692307692307693 0.07692307692307693 0.07692307692307693 0.07692307692307693 0.15384615384615385
0.08695652173913043 0.043478260869565216 0.2608695652173913 0.043478260869565216 0.2608695652173913 0.043478260869565216 0.043478260869565216 0.13043478260869565 0.043478260869565216 0.043478260869565216
0.08333333333333333 0.08333333333333333 0.08333333333333333 0.25 0.08333333333333333 0.08333333333333333 0.08333333333333333 0.08333333333333333 0.08333333333333333 0.08333333333333333
0.13333333333333333 0.13333333333333333 0.06666666666666667 0.06666666666666667 0.13333333333333333 0.06666666666666667 0.06666666666666667 0.06666666666666667 0.13333333333333333 0.13333333333333333
0.13333333333333333 0.26666666666666666 0.06666666666666667 0.06666666666666667 0.06666666666666667 0.06666666666666667 0.13333333333333333 0.06666666666666667 0.06666666666666667 0.06666666666666667
0.15 0.15 0.05 0.1 0.05 0.3 0.05 0.05 0.05 0.05
0.05263157894736842 0.05263157894736842 0.10526315789473684 0.10526315789473684 0.10526315789473684 0.21052631578947367 0.10526315789473684 0.10526315789473684 0.10526315789473684 0.05263157894736842
0.18421052631578946 0.07894736842105263 0.10526315789473684 0.15789473684210525 0.05263157894736842 0.02631578947368421 0.05263157894736842 0.15789473684210525 0.15789473684210525 0.02631578947368421
0.047619047619047616 0.047619047619047616 0.09523809523809523 0.047619047619047616 0.14285714285714285 0.09523809523809523 0.09523809523809523 0.2857142857142857 0.09523809523809523 0.047619047619047616
0.13043478260869565 0.043478260869565216 0.08695652173913043 0.13043478260869565 0.043478260869565216 0.13043478260869565 0.043478260869565216 0.21739130434782608 0.13043478260869565 0.043478260869565216
0.08333333333333333 0.08333333333333333 0.08333333333333333 0.08333333333333333 0.08333333333333333 0.08333333333333333 0.08333333333333333 0.16666666666666666 0.08333333333333333 0.16666666666666666
0.0625 0.0625 0.0625 0.0625 0.1875 0.125 0.0625 0.0625 0.1875 0.125
0.09523809523809523 0.047619047619047616 0.09523809523809523 0.19047619047619047 0.047619047619047616 0.19047619047619047 0.19047619047619047 0.047619047619047616 0.047619047619047616 0.047619047619047616
0.1111111111111111 0.05555555555555555 0.05555555555555555 0.05555555555555555 0.05555555555555555 0.2222222222222222 0.05555555555555555 0.1111111111111111 0.05555555555555555 0.2222222222222222
0.05263157894736842 0.10526315789473684 0.05263157894736842 0.05263157894736842 0.05263157894736842 0.3684210526315789 0.05263157894736842 0.15789473684210525 0.05263157894736842 0.05263157894736842
0.047619047619047616 0.14285714285714285 0.14285714285714285 0.2857142857142857 0.047619047619047616 0.047619047619047616 0.047619047619047616 0.047619047619047616 0.14285714285714285 0.047619047619047616
0.17647058823529413 0.058823529411764705 0.17647058823529413 0.11764705882352941 0.17647058823529413 0.058823529411764705 0.058823529411764705 0.058823529411764705 0.058823529411764705 0.058823529411764705
0.05555555555555555 0.05555555555555555 0.05555555555555555 0.05555555555555555 0.2222222222222222 0.05555555555555555 0.2777777777777778 0.05555555555555555 0.1111111111111111 0.05555555555555555
0.05263157894736842 0.05263157894736842 0.05263157894736842 0.05263157894736842 0.10526315789473684 0.05263157894736842 0.3157894736842105 0.15789473684210525 0.10526315789473684 0.05263157894736842
0.05 0.3 0.1 0.1 0.1 0.05 0.05 0.1 0.1 0.05
0.09523809523809523 0.047619047619047616 0.3333333333333333 0.14285714285714285 0.047619047619047616 0.09523809523809523 0.09523809523809523 0.047619047619047616 0.047619047619047616 0.047619047619047616
0.10526315789473684 0.05263157894736842 0.21052631578947367 0.05263157894736842 0.05263157894736842 0.10526315789473684 0.15789473684210525 0.05263157894736842 0.05263157894736842 0.15789473684210525
0.1111111111111111 0.2962962962962963 0.037037037037037035 0.07407407407407407 0.1111111111111111 0.1111111111111111 0.07407407407407407 0.037037037037037035 0.1111111111111111 0.037037037037037035
0.045454545454545456 0.09090909090909091 0.045454545454545456 0.09090909090909091 0.045454545454545456 0.09090909090909091 0.13636363636363635 0.045454545454545456 0.22727272727272727 0.18181818181818182
0.041666666666666664 0.08333333333333333 0.16666666666666666 0.375 0.08333333333333333 0.041666666666666664 0.08333333333333333 0.041666666666666664 0.041666666666666664 0.041666666666666664
0.06666666666666667 0.06666666666666667 0.06666666666666667 0.2 0.06666666666666667 0.13333333333333333 0.06666666666666667 0.13333333333333333 0.06666666666666667 0.13333333333333333
0.13333333333333333 0.3333333333333333 0.06666666666666667 0.06666666666666667 0.06666666666666667 0.06666666666666667 0.06666666666666667 0.06666666666666667 0.06666666666666667 0.06666666666666667
0.05555555555555555 0.05555555555555555 0.05555555555555555 0.2222222222222222 0.05555555555555555 0.1111111111111111 0.16666666666666666 0.05555555555555555 0.16666666666666666 0.05555555555555555
0.03571428571428571 0.03571428571428571 0.03571428571428571 0.2857142857142857 0.14285714285714285 0.21428571428571427 0.07142857142857142 0.10714285714285714 0.03571428571428571 0.03571428571428571
0.0625 0.0625 0.125 0.0625 0.0625 0.0625 0.1875 0.125 0.1875 0.0625
0.041666666666666664 0.041666666666666664 0.125 0.08333333333333333 0.16666666666666666 0.125 0.16666666666666666 0.08333333333333333 0.08333333333333333 0.08333333333333333
0.058823529411764705 0.11764705882352941 0.058823529411764705 0.11764705882352941 0.11764705882352941 0.23529411764705882 0.058823529411764705 0.11764705882352941 0.058823529411764705 0.058823529411764705
0.11764705882352941 0.17647058823529413 0.11764705882352941 0.058823529411764705 0.058823529411764705 0.058823529411764705 0.11764705882352941 0.11764705882352941 0.058823529411764705 0.11764705882352941
0.05 0.3 0.1 0.05 0.15 0.05 0.1 0.05 0.1 0.05
0.047619047619047616 0.09523809523809523 0.19047619047619047 0.09523809523809523 0.09523809523809523 0.14285714285714285 0.19047619047619047 0.047619047619047616 0.047619047619047616 0.047619047619047616
0.16666666666666666 0.2222222222222222 0.05555555555555555 0.05555555555555555 0.05555555555555555 0.1111111111111111 0.05555555555555555 0.05555555555555555 0.05555555555555555 0.16666666666666666
0.16666666666666666 0.2222222222222222 0.05555555555555555 0.16666666666666666 0.05555555555555555 0.05555555555555555 0.05555555555555555 0.05555555555555555 0.1111111111111111 0.05555555555555555
0.125 0.0625 0.125 0.0625 0.0625 0.0625 0.125 0.25 0.0625 0.0625
0.16666666666666666 0.08333333333333333 0.08333333333333333 0.08333333333333333 0.08333333333333333 0.08333333333333333 0.16666666666666666 0.08333333333333333 0.08333333333333333 0.08333333333333333
0.06666666666666667 0.06666666666666667 0.06666666666666667 0.06666666666666667 0.06666666666666667 0.4 0.06666666666666667 0.06666666666666667 0.06666666666666667 0.06666666666666667
0.05263157894736842 0.05263157894736842 0.05263157894736842 0.05263157894736842 0.05263157894736842 0.10526315789473684 0.3157894736842105 0.15789473684210525 0.10526315789473684 0.05263157894736842
0.047619047619047616 0.047619047619047616 0.09523809523809523 0.38095238095238093 0.047619047619047616 0.14285714285714285 0.047619047619047616 0.047619047619047616 0.09523809523809523 0.047619047619047616
0.05555555555555555 0.05555555555555555 0.2777777777777778 0.05555555555555555 0.05555555555555555 0.1111111111111111 0.2222222222222222 0.05555555555555555 0.05555555555555555 0.05555555555555555
0.06666666666666667 0.06666666666666667 0.26666666666666666 0.06666666666666667 0.06666666666666667 0.06666666666666667 0.06666666666666667 0.06666666666666667 0.06666666666666667 0.2
0.07142857142857142 0.14285714285714285 0.07142857142857142 0.07142857142857142 0.14285714285714285 0.07142857142857142 0.07142857142857142 0.14285714285714285 0.07142857142857142 0.14285714285714285
0.125 0.3125 0.0625 0.0625 0.125 0.0625 0.0625 0.0625 0.0625 0.0625
0.2777777777777778 0.05555555555555555 0.16666666666666666 0.05555555555555555 0.05555555555555555 0.1111111111111111 0.1111111111111111 0.05555555555555555 0.05555555555555555 0.05555555555555555
0.2727272727272727 0.045454545454545456 0.045454545454545456 0.045454545454545456 0.09090909090909091 0.09090909090909091 0.045454545454545456 0.045454545454545456 0.2727272727272727 0.045454545454545456
0.058823529411764705 0.058823529411764705 0.058823529411764705 0.29411764705882354 0.058823529411764705 0.11764705882352941 0.058823529411764705 0.058823529411764705 0.11764705882352941 0.11764705882352941
0.047619047619047616 0.42857142857142855 0.047619047619047616 0.14285714285714285 0.047619047619047616 0.047619047619047616 0.09523809523809523 0.047619047619047616 0.047619047619047616 0.047619047619047616
0.2 0.06666666666666667 0.13333333333333333 0.06666666666666667 0.06666666666666667 0.06666666666666667 0.06666666666666667 0.06666666666666667 0.06666666666666667 0.2
0.037037037037037035 0.07407407407407407 0.1111111111111111 0.1111111111111111 0.037037037037037035 0.25925925925925924 0.037037037037037035 0.2222222222222222 0.07407407407407407 0.037037037037037035
0.14285714285714285 0.21428571428571427 0.07142857142857142 0.07142857142857142 0.07142857142857142 0.07142857142857142 0.14285714285714285 0.07142857142857142 0.07142857142857142 0.07142857142857142
0.06666666666666667 0.13333333333333333 0.06666666666666667 0.06666666666666667 0.2 0.06666666666666667 0.13333333333333333 0.13333333333333333 0.06666666666666667 0.06666666666666667
0.043478260869565216 0.17391304347826086 0.043478260869565216 0.13043478260869565 0.08695652173913043 0.21739130434782608 0.17391304347826086 0.043478260869565216 0.043478260869565216 0.043478260869565216
0.11764705882352941 0.29411764705882354 0.058823529411764705 0.058823529411764705 0.17647058823529413 0.058823529411764705 0.058823529411764705 0.058823529411764705 0.058823529411764705 0.058823529411764705
0.03571428571428571 0.03571428571428571 0.10714285714285714 0.03571428571428571 0.25 0.14285714285714285 0.14285714285714285 0.03571428571428571 0.17857142857142858 0.03571428571428571
0.08333333333333333 0.125 0.08333333333333333 0.041666666666666664 0.08333333333333333 0.08333333333333333 0.25 0.041666666666666664 0.16666666666666666 0.041666666666666664
