0.03988603988603985 0.04245014245014241 0.04358974358974353 0.03703703703703701 0.03789173789173784 0.039031339031338985 0.04216524216524212 0.03817663817663814 0.04017094017094011 0.041310541310541266 0.04188034188034183 0.037037037037036986 0.0367521367521367 0.040170940170940125 0.031623931623931574 0.0367521367521367 0.04814814814814811 0.03475783475783471 0.04301994301994297 0.0424501424501424 0.03447293447293443 0.04159544159544155 0.04558404558404554 0.044159544159544116 0.03988603988603985
0.04157706093189961 0.04014336917562721 0.03763440860215051 0.04014336917562721 0.03835125448028671 0.040860215053763416 0.04444444444444441 0.04014336917562721 0.040860215053763416 0.04157706093189961 0.03870967741935481 0.03942652329749101 0.03799283154121861 0.04121863799283151 0.03620071684587811 0.03835125448028671 0.04301075268817201 0.04086021505376341 0.03942652329749101 0.04014336917562721 0.038351254480286714 0.03942652329749101 0.04444444444444441 0.03835125448028671 0.03835125448028671
0.038095238095238064 0.04087301587301584 0.036111111111111094 0.044444444444444384 0.03730158730158727 0.048015873015873005 0.036904761904761885 0.03769841269841266 0.03650793650793649 0.03730158730158727 0.044444444444444384 0.05079365079365074 0.04047619047619045 0.03809523809523808 0.036111111111111094 0.03849206349206346 0.03888888888888886 0.04166666666666667 0.04206349206349203 0.03888888888888887 0.03611111111111108 0.03888888888888887 0.03730158730158728 0.04563492063492063 0.03888888888888888
0.042145593869731754 0.038697318007662775 0.03869731800766279 0.040229885057471215 0.03678160919540226 0.040229885057471236 0.03793103448275857 0.04022988505747122 0.03984674329501913 0.040613026819923334 0.04252873563218386 0.04521072796934861 0.04022988505747122 0.04176245210727965 0.03639846743295015 0.039080459770114886 0.0390804597701149 0.04137931034482757 0.0398467432950191 0.040613026819923334 0.036398467432950166 0.0383141762452107 0.04061302681992331 0.04214559386973178 0.04099616858237545
0.03869731800766279 0.040996168582375446 0.03908045977011489 0.0444444444444444 0.0390804597701149 0.0432950191570881 0.037164750957854376 0.038697318007662795 0.03869731800766281 0.03716475095785436 0.042911877394635936 0.049425287356321776 0.03984674329501913 0.03793103448275858 0.035632183908045935 0.037931034482758565 0.04022988505747122 0.042911877394635985 0.04022988505747122 0.04061302681992334 0.03793103448275858 0.03716475095785436 0.036398467432950145 0.043678160919540215 0.03984674329501912
0.03831417624521069 0.03984674329501911 0.039846743295019096 0.040996168582375446 0.04176245210727966 0.04137931034482754 0.04022988505747122 0.038314176245210704 0.039080459770114914 0.040229885057471236 0.039080459770114914 0.03793103448275858 0.039463601532567005 0.040613026819923334 0.03639846743295015 0.039080459770114914 0.04329501915708806 0.03831417624521067 0.04137931034482756 0.03908045977011489 0.04137931034482755 0.04137931034482753 0.03984674329501913 0.03908045977011488 0.04367816091954018
0.04040404040404037 0.040740740740740716 0.041077441077441046 0.03771043771043768 0.043097643097643065 0.03939393939393937 0.04276094276094273 0.04208754208754206 0.0387205387205387 0.04040404040404037 0.03703703703703701 0.04141414141414139 0.04141414141414138 0.040067340067340036 0.03703703703703701 0.03771043771043768 0.04107744107744105 0.03838383838383835 0.03872053872053869 0.03872053872053869 0.0397306397306397 0.03771043771043768 0.03973063973063971 0.040067340067340036 0.04478114478114475
0.03999999999999994 0.037460317460317395 0.039047619047618984 0.04095238095238089 0.03523809523809517 0.03968253968253962 0.0431746031746031 0.03841269841269835 0.04190476190476186 0.0412698412698412 0.042539682539682475 0.03714285714285708 0.04031746031746026 0.03873015873015866 0.03492063492063486 0.04380952380952374 0.0377777777777777 0.041587301587301534 0.04031746031746026 0.040317460317460266 0.039999999999999925 0.040317460317460245 0.0412698412698412 0.04253968253968247 0.041269841269841206
0.03692810457516333 0.03823529411764698 0.04117647058823523 0.038235294117646985 0.0447712418300653 0.03986928104575156 0.041176470588235224 0.039542483660130655 0.039542483660130655 0.038562091503267906 0.039542483660130655 0.03594771241830058 0.04313725490196072 0.03758169934640516 0.03496732026143785 0.04019607843137247 0.04379084967320255 0.04215686274509797 0.038888888888888806 0.039542483660130655 0.042810457516339814 0.040196078431372476 0.03954248366013064 0.04346405228758162 0.04019607843137249
0.044444444444444446 0.04222222222222222 0.038888888888888896 0.04296296296296295 0.040370370370370355 0.039999999999999994 0.03814814814814814 0.03888888888888888 0.041111111111111105 0.037777777777777764 0.04074074074074073 0.03777777777777777 0.04296296296296297 0.03962962962962962 0.037407407407407396 0.04074074074074073 0.04037037037037035 0.03814814814814816 0.04296296296296295 0.04185185185185184 0.0374074074074074 0.03962962962962962 0.04 0.03666666666666667 0.03888888888888889
0.03835978835978831 0.03941798941798937 0.03994708994708991 0.04259259259259254 0.04126984126984124 0.03968253968253964 0.0391534391534391 0.04285714285714283 0.039947089947089925 0.0431216931216931 0.03253968253968251 0.041798941798941766 0.04391534391534386 0.0415343915343915 0.032010582010581975 0.03756613756613752 0.04100529100529097 0.03888888888888884 0.0423280423280423 0.03915343915343912 0.039153439153439114 0.037566137566137525 0.041269841269841234 0.0465608465608465 0.03835978835978834
0.03991769547325108 0.03950617283950621 0.039917695473251066 0.0386831275720165 0.04279835390946506 0.039506172839506214 0.0386831275720165 0.039506172839506214 0.04074074074074079 0.03950617283950622 0.039506172839506214 0.041975308641975344 0.04279835390946506 0.03950617283950622 0.03827160493827165 0.03950617283950623 0.04320987654320992 0.03950617283950622 0.039094650205761354 0.04032921810699591 0.03868312757201651 0.037860082304526796 0.04115226337448564 0.04074074074074077 0.03909465020576136
0.04253968253968247 0.038095238095238036 0.04063492063492057 0.041269841269841206 0.0393650793650793 0.03841269841269835 0.04349206349206342 0.040952380952380886 0.04063492063492057 0.038095238095238036 0.03999999999999993 0.037460317460317395 0.039682539682539625 0.040634920634920565 0.034285714285714225 0.042539682539682475 0.03841269841269834 0.046666666666666606 0.03841269841269835 0.04158730158730152 0.04126984126984121 0.0412698412698412 0.039682539682539625 0.03587301587301581 0.03873015873015866
0.04301075268817201 0.03906810035842291 0.04193548387096772 0.03620071684587811 0.04265232974910391 0.04336917562724012 0.042293906810035815 0.040860215053763416 0.04086021505376341 0.03870967741935481 0.03906810035842291 0.04014336917562721 0.03620071684587811 0.04157706093189961 0.03476702508960571 0.04086021505376341 0.03978494623655911 0.037275985663082406 0.03799283154121861 0.03942652329749101 0.04121863799283151 0.03870967741935481 0.04408602150537631 0.03906810035842291 0.04086021505376341
0.03715277777777778 0.03784722222222222 0.04131944444444444 0.0375 0.036458333333333336 0.04722222222222222 0.03923611111111111 0.043055555555555555 0.04027777777777778 0.03958333333333333 0.04236111111111111 0.04756944444444444 0.03854166666666667 0.03680555555555556 0.03680555555555556 0.04236111111111111 0.03854166666666667 0.0375 0.03888888888888889 0.044444444444444446 0.03958333333333333 0.040625 0.03576388888888889 0.03993055555555555 0.040625
0.040229885057471215 0.03793103448275858 0.03831417624521069 0.04137931034482754 0.039463601532567 0.038697318007662795 0.04061302681992333 0.04099616858237543 0.040996168582375446 0.04061302681992333 0.04022988505747123 0.04022988505747121 0.03984674329501911 0.03831417624521067 0.04099616858237544 0.03946360153256702 0.038314176245210683 0.04061302681992333 0.03946360153256701 0.04137931034482756 0.03984674329501911 0.0398467432950191 0.0390804597701149 0.04214559386973176 0.040996168582375446
0.03654970760233916 0.03654970760233917 0.037426900584795336 0.038304093567251445 0.036549707602339165 0.05584795321637421 0.03654970760233917 0.03596491228070173 0.0391812865497076 0.0347953216374269 0.04385964912280699 0.05818713450292396 0.03333333333333331 0.03830409356725146 0.03216374269005844 0.04327485380116958 0.03391812865497073 0.041228070175438586 0.04561403508771928 0.03918128654970761 0.03625730994152043 0.040643274853801155 0.03801169590643274 0.04415204678362571 0.044152046783625706
0.032175925925925934 0.03402777777777779 0.03425925925925928 0.03518518518518519 0.03472222222222224 0.0349537037037037 0.03356481481481482 0.030555555555555555 0.031944444444444456 0.03634259259259261 0.03171296296296297 0.03449074074074075 0.03819444444444445 0.03194444444444446 0.18842592592592589 0.03217592592592594 0.03773148148148151 0.036574074074074085 0.03356481481481482 0.03518518518518518 0.0337962962962963 0.03287037037037037 0.030555555555555575 0.03263888888888889 0.03240740740740741
0.030994152046783612 0.03216374269005848 0.03362573099415204 0.030701754385964893 0.03479532163742688 0.02982456140350877 0.033625730994152024 0.03596491228070174 0.03450292397660815 0.03479532163742691 0.03304093567251458 0.030994152046783605 0.03391812865497076 0.03128654970760233 0.22134502923976598 0.0330409356725146 0.03099415204678361 0.03099415204678362 0.0327485380116959 0.03128654970760234 0.03391812865497075 0.031286549707602314 0.03333333333333331 0.029239766081871326 0.03157894736842103
0.04166666666666665 0.03968253968253967 0.04047619047619044 0.038492063492063466 0.04047619047619046 0.03968253968253965 0.040873015873015846 0.03968253968253965 0.04007936507936505 0.039682539682539666 0.04007936507936506 0.04007936507936504 0.03928571428571426 0.03849206349206348 0.04206349206349204 0.04126984126984125 0.03928571428571426 0.03849206349206348 0.038492063492063466 0.03928571428571426 0.038492063492063466 0.04206349206349204 0.04166666666666665 0.038492063492063466 0.04166666666666666
0.033333333333333305 0.03128654970760235 0.03333333333333331 0.030994152046783623 0.03508771929824561 0.03245614035087718 0.03274853801169589 0.03245614035087718 0.0350877192982456 0.03625730994152045 0.0333333333333333 0.03187134502923975 0.03245614035087717 0.03421052631578946 0.20906432748538006 0.032456140350877176 0.033040935672514614 0.030701754385964907 0.031578947368421026 0.03421052631578947 0.0330409356725146 0.03216374269005845 0.033040935672514614 0.033040935672514614 0.0327485380116959
0.03678160919540227 0.04099616858237543 0.039463601532567005 0.03831417624521068 0.0444444444444444 0.03984674329501911 0.04137931034482756 0.0390804597701149 0.0402298850574712 0.041762452107279635 0.03869731800766281 0.04214559386973176 0.04137931034482756 0.040229885057471215 0.03831417624521069 0.03984674329501913 0.04022988505747123 0.0390804597701149 0.039463601532567005 0.040613026819923306 0.04099616858237543 0.03908045977011491 0.0390804597701149 0.04176245210727966 0.03678160919540226
0.040196078431372476 0.03888888888888882 0.04052287581699342 0.03758169934640516 0.038888888888888806 0.04052287581699339 0.03986928104575157 0.03758169934640516 0.04444444444444438 0.0405228758169934 0.03954248366013065 0.03921568627450973 0.038235294117646985 0.039215686274509734 0.04477124183006528 0.042810457516339794 0.03954248366013065 0.03921568627450973 0.04248366013071888 0.041830065359477066 0.04019607843137248 0.03562091503267966 0.035620915032679674 0.040522875816993396 0.04215686274509797
0.03869731800766279 0.04099616858237543 0.04137931034482755 0.03908045977011491 0.04252873563218385 0.04022988505747123 0.03754789272030647 0.039846743295019124 0.03793103448275856 0.03946360153256702 0.0436781609195402 0.038314176245210683 0.041379310344827544 0.042911877394635964 0.03678160919540225 0.03946360153256702 0.0386973180076628 0.04022988505747122 0.04061302681992334 0.039080459770114914 0.042528735632183866 0.03793103448275858 0.03869731800766279 0.04099616858237544 0.040996168582375425
0.045185185185185175 0.037777777777777764 0.03888888888888889 0.040370370370370355 0.037407407407407396 0.04148148148148148 0.03666666666666665 0.03925925925925922 0.03814814814814813 0.03851851851851851 0.04074074074074074 0.0411111111111111 0.037777777777777764 0.038888888888888876 0.037777777777777764 0.03962962962962961 0.04370370370370373 0.04148148148148149 0.04222222222222224 0.041851851851851835 0.038888888888888876 0.041111111111111105 0.04185185185185185 0.039999999999999994 0.03925925925925925
0.03909465020576135 0.04197530864197536 0.03991769547325108 0.03991769547325108 0.039506172839506214 0.03950617283950622 0.04115226337448564 0.04074074074074079 0.04032921810699592 0.04320987654320992 0.03868312757201651 0.039094650205761354 0.040740740740740786 0.038271604938271656 0.03786008230452678 0.041975308641975344 0.040329218106995926 0.039917695473251066 0.03909465020576136 0.041152263374485624 0.040740740740740786 0.039506172839506214 0.03827160493827165 0.03909465020576137 0.03991769547325107
0.036363636363636334 0.04040404040404037 0.037373737373737344 0.04444444444444441 0.0397306397306397 0.047138047138047104 0.037373737373737344 0.04074074074074071 0.038047138047138024 0.037373737373737344 0.04006734006734004 0.048148148148148114 0.04074074074074071 0.03905723905723903 0.042087542087542056 0.03838383838383835 0.03939393939393936 0.04175084175084172 0.0387205387205387 0.0397306397306397 0.036026936026936 0.040067340067340036 0.036026936026936004 0.04074074074074071 0.040067340067340036
0.039869281045751555 0.039542483660130655 0.038235294117646985 0.04052287581699339 0.040196078431372476 0.036601307189542416 0.0428104575163398 0.04183006535947705 0.04084967320261431 0.04215686274509799 0.03692810457516333 0.037254901960784244 0.043137254901960714 0.04215686274509798 0.04509803921568619 0.03986928104575156 0.03856209150326791 0.03758169934640516 0.0385620915032679 0.039542483660130655 0.039869281045751555 0.04084967320261431 0.04019607843137249 0.039869281045751555 0.03790849673202607
0.03986928104575157 0.038235294117646985 0.040849673202614324 0.038235294117646985 0.03921568627450973 0.04183006535947704 0.040849673202614324 0.039542483660130655 0.04444444444444437 0.04183006535947705 0.037254901960784244 0.04346405228758162 0.041176470588235224 0.042156862745097966 0.040196078431372476 0.039215686274509734 0.03888888888888883 0.04117647058823523 0.042483660130718894 0.03823529411764699 0.037254901960784244 0.03888888888888883 0.03790849673202607 0.03692810457516333 0.03986928104575156
0.04007936507936505 0.04087301587301585 0.03809523809523806 0.038492063492063466 0.03888888888888887 0.039682539682539666 0.04087301587301584 0.04007936507936506 0.04007936507936506 0.04047619047619044 0.04206349206349206 0.03928571428571426 0.041666666666666644 0.03849206349206347 0.03888888888888886 0.04087301587301586 0.04206349206349203 0.04047619047619045 0.039285714285714264 0.038888888888888855 0.03809523809523808 0.039285714285714264 0.04206349206349204 0.041666666666666644 0.039285714285714264
0.04014336917562721 0.04050179211469531 0.04086021505376341 0.04265232974910391 0.03978494623655911 0.04121863799283151 0.04336917562724012 0.03978494623655911 0.04265232974910391 0.03978494623655911 0.03799283154121861 0.03906810035842291 0.041218637992831514 0.03835125448028671 0.03978494623655911 0.037275985663082406 0.04050179211469531 0.04050179211469531 0.03512544802867381 0.03870967741935481 0.04193548387096771 0.03870967741935481 0.03799283154121861 0.03942652329749101 0.04265232974910391
0.040329218106995926 0.039094650205761354 0.03909465020576136 0.04032921810699592 0.03991769547325107 0.03950617283950621 0.03950617283950622 0.03827160493827165 0.03950617283950621 0.04115226337448564 0.039917695473251066 0.039917695473251066 0.03909465020576137 0.04115226337448564 0.038271604938271635 0.040329218106995926 0.044032921810699635 0.04074074074074078 0.04032921810699593 0.039506172839506214 0.04032921810699593 0.03991769547325108 0.04032921810699593 0.04032921810699593 0.03909465020576136
0.043137254901960714 0.03986928104575156 0.041176470588235224 0.037581699346405165 0.04313725490196072 0.0385620915032679 0.04150326797385614 0.04281045751633981 0.04084967320261431 0.0424836601307189 0.041830065359477066 0.036601307189542416 0.04052287581699338 0.04117647058823524 0.03562091503267967 0.03921568627450974 0.038235294117646985 0.041176470588235224 0.03758169934640515 0.04019607843137247 0.03529411764705876 0.04052287581699338 0.04640522875816986 0.035620915032679674 0.03888888888888881
0.03925925925925925 0.03888888888888888 0.03999999999999995 0.04481481481481482 0.03777777777777778 0.03962962962962963 0.0437037037037037 0.037777777777777764 0.04037037037037036 0.03851851851851851 0.039629629629629605 0.04296296296296293 0.03851851851851851 0.04111111111111112 0.043703703703703696 0.04111111111111109 0.03962962962962964 0.0425925925925926 0.03962962962962963 0.03814814814814815 0.038148148148148125 0.0374074074074074 0.03925925925925923 0.03888888888888888 0.038518518518518494
0.04024024024024027 0.03633633633633638 0.040840840840840865 0.040840840840840865 0.04234234234234237 0.04084084084084086 0.036036036036036084 0.03573573573573575 0.04414414414414416 0.03813813813813817 0.03993993993993995 0.039639639639639644 0.04174174174174178 0.040840840840840865 0.03363363363363365 0.03903903903903905 0.04204204204204207 0.041141141141141195 0.04294294294294298 0.040840840840840865 0.03903903903903908 0.03393393393393395 0.04504504504504505 0.04234234234234238 0.04234234234234238
0.04014336917562721 0.04086021505376341 0.03906810035842291 0.03835125448028671 0.03799283154121861 0.03835125448028671 0.04157706093189961 0.04086021505376341 0.03870967741935481 0.04193548387096772 0.04014336917562721 0.03870967741935481 0.03942652329749101 0.04014336917562721 0.037275985663082406 0.041218637992831514 0.04014336917562721 0.03978494623655911 0.04157706093189961 0.04480286738351252 0.04193548387096771 0.03870967741935481 0.04086021505376341 0.03655913978494621 0.04086021505376341
0.043243243243243266 0.03903903903903908 0.047447447447447465 0.03813813813813817 0.04234234234234236 0.037537537537537566 0.04054054054054055 0.04204204204204206 0.03603603603603604 0.040840840840840845 0.04384384384384388 0.03363363363363366 0.04384384384384388 0.03783783783783789 0.03993993993993996 0.03993993993993996 0.04144144144144147 0.03873873873873877 0.03663663663663667 0.04144144144144147 0.03903903903903907 0.03843843843843847 0.03723723723723725 0.04024024024024025 0.04054054054054059
0.03978494623655911 0.03655913978494621 0.03942652329749101 0.035842293906810006 0.043727598566308215 0.03691756272401431 0.03691756272401431 0.041218637992831514 0.038351254480286714 0.04301075268817201 0.03870967741935481 0.03799283154121861 0.04157706093189961 0.04265232974910391 0.03655913978494621 0.04480286738351252 0.03763440860215051 0.03763440860215051 0.04193548387096771 0.04193548387096771 0.04050179211469531 0.04014336917562721 0.04336917562724011 0.04050179211469531 0.04229390681003581
0.03809523809523807 0.03849206349206348 0.03769841269841267 0.04484126984126979 0.036904761904761885 0.04444444444444443 0.03650793650793649 0.038095238095238064 0.03690476190476188 0.03690476190476188 0.04404761904761899 0.052777777777777715 0.04007936507936506 0.03809523809523807 0.03650793650793649 0.03849206349206345 0.037698412698412676 0.043650793650793655 0.041269841269841234 0.039682539682539666 0.03690476190476188 0.03888888888888886 0.03730158730158728 0.04603174603174603 0.039682539682539666
0.044126984126984056 0.04158730158730152 0.03841269841269834 0.04031746031746026 0.039999999999999945 0.03841269841269834 0.04571428571428565 0.03714285714285708 0.04190476190476184 0.038412698412698364 0.03999999999999994 0.034285714285714225 0.03682539682539675 0.04571428571428565 0.04063492063492057 0.039999999999999925 0.040317460317460266 0.03682539682539676 0.038095238095238036 0.03809523809523802 0.040634920634920565 0.042222222222222175 0.04031746031746026 0.04095238095238088 0.03904761904761898
0.035947712418300595 0.03790849673202607 0.040196078431372476 0.03725490196078425 0.03758169934640516 0.058169934640522815 0.04117647058823522 0.03921568627450973 0.0362745098039215 0.035294117647058754 0.03986928104575156 0.055555555555555504 0.03954248366013064 0.03594771241830059 0.04084967320261431 0.04183006535947705 0.03660130718954242 0.03986928104575157 0.035620915032679674 0.03692810457516333 0.036601307189542416 0.03986928104575156 0.03954248366013065 0.04607843137254897 0.0362745098039215
0.03904761904761898 0.04412698412698406 0.040317460317460245 0.0374603174603174 0.04158730158730152 0.03587301587301581 0.03777777777777772 0.04095238095238089 0.040317460317460245 0.040317460317460245 0.040952380952380886 0.035555555555555486 0.04253968253968247 0.042539682539682475 0.03238095238095232 0.04253968253968246 0.036507936507936455 0.0412698412698412 0.041904761904761834 0.04063492063492057 0.04349206349206343 0.03746031746031741 0.041269841269841206 0.037460317460317395 0.04571428571428563
0.03873015873015867 0.04253968253968248 0.03841269841269836 0.043809523809523736 0.03841269841269834 0.0393650793650793 0.03968253968253962 0.039365079365079304 0.0428571428571428 0.03809523809523802 0.04031746031746026 0.04031746031746025 0.03587301587301581 0.046031746031745965 0.033650793650793584 0.04158730158730154 0.04126984126984121 0.037142857142857075 0.04222222222222215 0.042539682539682475 0.03460317460317455 0.04158730158730152 0.040317460317460245 0.04063492063492058 0.04063492063492057
0.03968253968253965 0.038492063492063466 0.04047619047619047 0.03769841269841269 0.039285714285714264 0.04047619047619045 0.03769841269841267 0.042063492063492025 0.03968253968253967 0.042063492063492025 0.04087301587301585 0.037698412698412676 0.044047619047619016 0.04206349206349204 0.03690476190476187 0.03809523809523807 0.03769841269841267 0.040079365079365055 0.04087301587301585 0.04325396825396823 0.04126984126984125 0.039682539682539646 0.04087301587301585 0.03968253968253966 0.03928571428571426
0.03742690058479535 0.03411306042884994 0.04249512670565306 0.037621832358674494 0.0417153996101365 0.03489278752436652 0.043274853801169626 0.03684210526315795 0.05341130604288498 0.0450292397660819 0.03586744639376222 0.042300194931773914 0.03781676413255364 0.03918128654970765 0.06803118908382068 0.03216374269005851 0.033528265107212504 0.03508771929824565 0.039181286549707636 0.036647173489278775 0.035867446393762215 0.03781676413255364 0.03703703703703707 0.03664717348927879 0.046003898635477596
0.04121863799283151 0.04157706093189961 0.04014336917562721 0.03906810035842291 0.04444444444444441 0.03655913978494621 0.03691756272401431 0.04050179211469531 0.03978494623655911 0.03691756272401431 0.04157706093189961 0.03763440860215051 0.041218637992831514 0.04014336917562721 0.037275985663082406 0.04050179211469531 0.03906810035842291 0.04014336917562721 0.04121863799283151 0.043727598566308215 0.03906810035842291 0.04301075268817201 0.039784946236559114 0.03727598566308241 0.041218637992831514
0.039080459770114914 0.04252873563218385 0.04482758620689653 0.040613026819923334 0.03984674329501911 0.04099616858237542 0.041379310344827544 0.040229885057471236 0.03869731800766279 0.03946360153256702 0.03754789272030647 0.0386973180076628 0.039463601532567005 0.03908045977011491 0.03601532567049804 0.03984674329501912 0.04176245210727965 0.040229885057471215 0.04099616858237544 0.040613026819923306 0.04022988505747122 0.040229885057471215 0.039080459770114914 0.03869731800766279 0.03984674329501912
0.04111111111111109 0.04222222222222222 0.04111111111111112 0.038888888888888855 0.04037037037037035 0.03888888888888887 0.0437037037037037 0.0385185185185185 0.039999999999999994 0.04074074074074074 0.03925925925925924 0.038518518518518514 0.03851851851851851 0.04111111111111111 0.03518518518518517 0.039259259259259265 0.038888888888888896 0.04407407407407405 0.039999999999999994 0.03962962962962962 0.03814814814814815 0.03851851851851851 0.042222222222222223 0.04148148148148148 0.039629629629629626
0.039846743295019124 0.043295019157088076 0.03639846743295015 0.041379310344827544 0.04291187739463598 0.03563218390804594 0.038697318007662775 0.04176245210727966 0.03869731800766279 0.039463601532567 0.03946360153256699 0.03946360153256701 0.04137931034482755 0.0390804597701149 0.03563218390804595 0.039463601532567005 0.039846743295019096 0.04137931034482754 0.03908045977011491 0.03908045977011492 0.042528735632183845 0.04099616858237545 0.04099616858237545 0.04137931034482754 0.042145593869731754
0.03854166666666667 0.041666666666666664 0.036458333333333336 0.04027777777777778 0.03993055555555555 0.035069444444444445 0.04097222222222222 0.040625 0.041666666666666664 0.03819444444444445 0.03993055555555555 0.0375 0.03923611111111111 0.041666666666666664 0.03958333333333333 0.040625 0.03819444444444445 0.04097222222222222 0.03854166666666667 0.04131944444444444 0.040625 0.04722222222222222 0.04201388888888889 0.03923611111111111 0.03993055555555555
0.03925925925925926 0.03925925925925924 0.04074074074074072 0.039999999999999994 0.037407407407407396 0.03666666666666665 0.04037037037037037 0.03925925925925922 0.03962962962962963 0.039629629629629626 0.042592592592592585 0.039629629629629626 0.04148148148148147 0.04111111111111111 0.03962962962962961 0.041851851851851835 0.038888888888888896 0.04222222222222223 0.04148148148148146 0.03962962962962962 0.04407407407407406 0.03851851851851851 0.03851851851851851 0.0374074074074074 0.040740740740740744
0.03716475095785436 0.03754789272030647 0.038314176245210683 0.03793103448275858 0.03754789272030647 0.06245210727969341 0.03754789272030647 0.03678160919540225 0.03678160919540226 0.03678160919540226 0.03946360153256701 0.062452107279693504 0.03869731800766279 0.03678160919540226 0.034865900383141725 0.042528735632183845 0.0383141762452107 0.03908045977011491 0.03678160919540226 0.03754789272030647 0.037931034482758565 0.03754789272030647 0.03793103448275859 0.04329501915708808 0.03793103448275858
0.03918128654970759 0.03596491228070173 0.03976608187134503 0.03742690058479531 0.037426900584795315 0.05760233918128647 0.037426900584795295 0.039766081871345026 0.041812865497075996 0.03684210526315787 0.04122807017543858 0.05555555555555554 0.040058479532163724 0.03245614035087718 0.03801169590643272 0.03830409356725146 0.042690058479532146 0.035672514619883 0.038596491228070164 0.040935672514619846 0.037719298245614034 0.03888888888888888 0.036842105263157884 0.04064327485380115 0.03918128654970759
0.03905723905723903 0.04309764309764307 0.03703703703703701 0.03872053872053869 0.040067340067340036 0.05690235690235687 0.03804713804713802 0.03771043771043768 0.037037037037037014 0.04040404040404037 0.03804713804713802 0.053872053872053835 0.03872053872053869 0.03872053872053869 0.034343434343434315 0.04107744107744105 0.03838383838383836 0.040067340067340036 0.035353535353535324 0.03872053872053869 0.037373737373737344 0.041077441077441046 0.039057239057239033 0.04208754208754206 0.03501683501683499
0.04047619047619044 0.03928571428571426 0.039682539682539666 0.04166666666666664 0.040079365079365055 0.040079365079365055 0.040079365079365055 0.04047619047619046 0.04325396825396823 0.04126984126984126 0.039285714285714264 0.038888888888888855 0.04047619047619044 0.037698412698412676 0.03611111111111108 0.04126984126984126 0.040476190476190436 0.038492063492063466 0.04087301587301585 0.03928571428571426 0.039285714285714285 0.04007936507936505 0.03968253968253965 0.04126984126984127 0.04047619047619045
0.04265232974910391 0.03942652329749101 0.03942652329749101 0.03870967741935481 0.03835125448028671 0.04193548387096771 0.03763440860215051 0.03942652329749101 0.04265232974910391 0.03978494623655911 0.04265232974910391 0.03870967741935481 0.04265232974910391 0.04193548387096771 0.03512544802867381 0.03906810035842291 0.04480286738351252 0.04265232974910391 0.03620071684587811 0.04157706093189961 0.03906810035842291 0.038351254480286714 0.037275985663082406 0.03763440860215051 0.04229390681003581
0.04365079365079362 0.03928571428571426 0.04047619047619048 0.04007936507936508 0.03769841269841267 0.03928571428571426 0.04087301587301584 0.04206349206349204 0.037698412698412676 0.03888888888888886 0.039682539682539646 0.04007936507936506 0.03809523809523807 0.04047619047619044 0.03730158730158729 0.03690476190476188 0.04047619047619047 0.03928571428571427 0.039682539682539666 0.04007936507936505 0.043253968253968225 0.04047619047619044 0.041666666666666644 0.03968253968253965 0.04285714285714285
0.03819444444444445 0.04097222222222222 0.0375 0.04375 0.03680555555555556 0.04513888888888889 0.03888888888888889 0.03680555555555556 0.03854166666666667 0.03819444444444445 0.04097222222222222 0.04756944444444444 0.04201388888888889 0.03958333333333333 0.036458333333333336 0.03993055555555555 0.03993055555555555 0.04479166666666667 0.03923611111111111 0.03680555555555556 0.04131944444444444 0.03715277777777778 0.03854166666666667 0.043402777777777776 0.0375
0.04157706093189961 0.04014336917562721 0.04014336917562721 0.03835125448028671 0.03906810035842291 0.03870967741935481 0.03763440860215051 0.04121863799283151 0.03906810035842291 0.046236559139784916 0.03620071684587811 0.037275985663082406 0.03655913978494621 0.040860215053763416 0.04731182795698922 0.04086021505376341 0.04014336917562721 0.03763440860215051 0.04157706093189961 0.03978494623655911 0.039426523297491016 0.03978494623655911 0.04014336917562721 0.03799283154121861 0.04229390681003581
0.04329501915708809 0.040229885057471215 0.04061302681992333 0.03678160919540226 0.04099616858237543 0.03869731800766279 0.03869731800766279 0.04099616858237543 0.04214559386973176 0.040613026819923334 0.03869731800766279 0.037164750957854376 0.03754789272030646 0.038697318007662795 0.03678160919540227 0.04252873563218388 0.03946360153256699 0.042911877394635964 0.0398467432950191 0.04061302681992333 0.041379310344827544 0.04061302681992332 0.03946360153256702 0.039463601532567005 0.04176245210727968
0.04166666666666663 0.04166666666666662 0.04365079365079362 0.03928571428571426 0.039682539682539666 0.038492063492063466 0.040476190476190436 0.039682539682539666 0.03928571428571425 0.03928571428571426 0.03769841269841267 0.04047619047619048 0.04087301587301585 0.03888888888888886 0.03849206349206347 0.03968253968253965 0.03888888888888887 0.04126984126984124 0.04047619047619046 0.03968253968253965 0.04087301587301587 0.03928571428571426 0.03928571428571426 0.040873015873015874 0.04007936507936506
0.039999999999999925 0.03841269841269834 0.039999999999999925 0.04571428571428565 0.039682539682539625 0.03714285714285709 0.03714285714285707 0.03841269841269838 0.0374603174603174 0.04253968253968248 0.0355555555555555 0.04190476190476183 0.04031746031746025 0.04412698412698406 0.03301587301587295 0.04349206349206343 0.042857142857142795 0.0393650793650793 0.04095238095238089 0.04095238095238089 0.04380952380952374 0.037777777777777716 0.036825396825396775 0.04158730158730152 0.04095238095238089
0.04050179211469532 0.03835125448028671 0.03799283154121861 0.04551971326164871 0.04050179211469531 0.03835125448028671 0.03835125448028671 0.039784946236559114 0.03906810035842291 0.03799283154121861 0.04014336917562721 0.04336917562724011 0.03835125448028671 0.042293906810035815 0.03620071684587811 0.03799283154121861 0.03942652329749101 0.04193548387096771 0.04086021505376341 0.04372759856630821 0.03906810035842291 0.04086021505376341 0.03799283154121861 0.04121863799283151 0.04014336917562721
0.03888888888888888 0.04370370370370369 0.039629629629629626 0.04037037037037037 0.03925925925925923 0.04185185185185185 0.040370370370370355 0.03777777777777777 0.03999999999999998 0.04518518518518518 0.038518518518518494 0.038888888888888876 0.04037037037037036 0.04037037037037037 0.03592592592592592 0.03888888888888888 0.03814814814814814 0.039999999999999994 0.03962962962962963 0.039629629629629626 0.03999999999999998 0.04037037037037036 0.044074074074074064 0.03814814814814814 0.039999999999999994
0.03835125448028671 0.037275985663082406 0.03835125448028671 0.045161290322580615 0.04086021505376341 0.04408602150537631 0.03835125448028671 0.04265232974910391 0.03942652329749101 0.039426523297491016 0.03906810035842291 0.046236559139784916 0.03906810035842291 0.04086021505376341 0.03620071684587811 0.03835125448028671 0.03870967741935481 0.03763440860215051 0.037275985663082406 0.04265232974910391 0.03691756272401431 0.04157706093189961 0.03763440860215051 0.04480286738351252 0.03906810035842291
0.041762452107279684 0.042528735632183845 0.03716475095785438 0.038314176245210704 0.039463601532566984 0.04176245210727965 0.04022988505747123 0.042911877394635964 0.03984674329501912 0.03793103448275859 0.03908045977011489 0.039463601532567005 0.04061302681992333 0.03984674329501911 0.03716475095785436 0.039463601532567005 0.040996168582375425 0.04022988505747122 0.041379310344827544 0.04252873563218385 0.039846743295019124 0.039463601532567005 0.037547892720306474 0.040613026819923334 0.03984674329501911
0.03888888888888883 0.03734567901234561 0.04444444444444438 0.045061728395061666 0.03827160493827156 0.0379629629629629 0.037654320987654276 0.03888888888888883 0.038271604938271545 0.03796296296296291 0.042901234567901174 0.04135802469135795 0.04074074074074069 0.04351851851851845 0.03209876543209871 0.03950617283950612 0.03888888888888881 0.038580246913580196 0.04197530864197523 0.04598765432098758 0.036111111111111045 0.044753086419753035 0.03672839506172834 0.042592592592592536 0.0395061728395061
0.04222222222222222 0.0411111111111111 0.042222222222222223 0.038888888888888876 0.03999999999999998 0.03888888888888889 0.03925925925925923 0.039259259259259265 0.03962962962962961 0.04111111111111111 0.038888888888888896 0.03962962962962962 0.042592592592592605 0.039999999999999994 0.038518518518518494 0.03962962962962962 0.04111111111111111 0.03629629629629628 0.04074074074074074 0.0385185185185185 0.0388888888888889 0.03851851851851851 0.04074074074074072 0.04037037037037035 0.04296296296296295
0.040860215053763416 0.04014336917562721 0.040860215053763416 0.04157706093189961 0.037275985663082406 0.03942652329749101 0.04121863799283151 0.04408602150537631 0.03978494623655911 0.03870967741935481 0.041218637992831514 0.03978494623655911 0.04229390681003581 0.03870967741935481 0.03799283154121861 0.03906810035842291 0.04050179211469531 0.03978494623655911 0.03870967741935481 0.03906810035842291 0.041218637992831514 0.03942652329749101 0.04086021505376341 0.03835125448028671 0.03906810035842291
0.04148148148148149 0.039259259259259244 0.038148148148148146 0.041111111111111084 0.03999999999999998 0.04074074074074074 0.03851851851851851 0.03703703703703703 0.039999999999999994 0.04185185185185185 0.04259259259259258 0.04444444444444442 0.04148148148148146 0.03888888888888888 0.03518518518518517 0.039999999999999994 0.03851851851851851 0.04592592592592593 0.04037037037037035 0.037777777777777764 0.038148148148148146 0.03777777777777777 0.0374074074074074 0.04370370370370373 0.03962962962962962
0.03754789272030646 0.038314176245210683 0.03601532567049804 0.04636015325670492 0.03716475095785436 0.04789272030651338 0.0386973180076628 0.03793103448275857 0.04137931034482756 0.03831417624521068 0.041379310344827516 0.051340996168582294 0.04061302681992333 0.03639846743295014 0.03524904214559383 0.039463601532567005 0.03831417624521068 0.04252873563218388 0.04061302681992332 0.03984674329501913 0.03678160919540226 0.03754789272030647 0.03639846743295015 0.04521072796934865 0.03869731800766279
0.03991769547325108 0.04032921810699592 0.040740740740740786 0.039094650205761354 0.04156378600823049 0.03950617283950621 0.03786008230452679 0.04197530864197535 0.039094650205761354 0.03991769547325109 0.040740740740740786 0.039506172839506214 0.041975308641975365 0.03950617283950623 0.03703703703703708 0.03950617283950621 0.039506172839506214 0.04032921810699592 0.039917695473251066 0.04074074074074079 0.04115226337448564 0.038271604938271635 0.04115226337448564 0.03991769547325108 0.040740740740740786
0.03888888888888885 0.03928571428571426 0.03968253968253964 0.04166666666666662 0.03888888888888886 0.04484126984126985 0.03769841269841267 0.03809523809523807 0.036904761904761885 0.036904761904761885 0.043253968253968204 0.05039682539682534 0.04126984126984125 0.039285714285714264 0.03571428571428569 0.038888888888888855 0.039285714285714264 0.04285714285714286 0.03849206349206346 0.03928571428571427 0.03809523809523807 0.03968253968253966 0.03849206349206346 0.04444444444444445 0.037698412698412676
0.04363143631436317 0.039837398373983764 0.04471544715447157 0.03821138211382116 0.039837398373983764 0.03848238482384826 0.041192411924119265 0.04173441734417347 0.04173441734417347 0.04010840108401087 0.04173441734417347 0.03848238482384826 0.039566395663956665 0.04200542005420057 0.03252032520325206 0.035772357723577265 0.04065040650406507 0.03712737127371276 0.04037940379403797 0.04010840108401087 0.04010840108401086 0.04146341463414637 0.04146341463414637 0.03902439024390247 0.04010840108401087
0.03973063973063971 0.03703703703703701 0.04175084175084172 0.03939393939393937 0.04074074074074071 0.03939393939393936 0.041750841750841726 0.04040404040404037 0.04040404040404037 0.040067340067340036 0.03939393939393937 0.03939393939393936 0.04175084175084172 0.03737373737373735 0.034343434343434315 0.03670033670033667 0.04343434343434341 0.04040404040404037 0.042760942760942736 0.04141414141414139 0.04040404040404037 0.036363636363636334 0.04309764309764307 0.03838383838383835 0.04410774410774408
0.04021164021164017 0.03703703703703699 0.040211640211640184 0.04761904761904757 0.03968253968253964 0.03968253968253965 0.03624338624338621 0.03703703703703701 0.04365079365079362 0.0378306878306878 0.038624338624338575 0.04470899470899468 0.04153439153439149 0.04232804232804229 0.03280423280423277 0.037830687830687784 0.03968253968253965 0.042063492063492025 0.03941798941798939 0.04126984126984124 0.04126984126984123 0.0378306878306878 0.03968253968253964 0.03888888888888885 0.04285714285714282
0.0437037037037037 0.04296296296296293 0.040370370370370376 0.04111111111111111 0.04037037037037036 0.038888888888888876 0.03777777777777775 0.0362962962962963 0.041481481481481494 0.04259259259259259 0.03666666666666665 0.03814814814814814 0.04222222222222221 0.03851851851851851 0.03666666666666665 0.041481481481481494 0.03962962962962963 0.041111111111111105 0.04037037037037036 0.04037037037037035 0.03703703703703702 0.03962962962962962 0.040370370370370376 0.04185185185185185 0.04037037037037035
0.033650793650793584 0.03714285714285708 0.0412698412698412 0.035555555555555486 0.03873015873015866 0.037777777777777716 0.040634920634920565 0.04063492063492057 0.037777777777777716 0.03873015873015866 0.042539682539682475 0.03396825396825392 0.03841269841269834 0.042539682539682475 0.06761904761904752 0.038095238095238036 0.03904761904761899 0.04349206349206343 0.03587301587301581 0.036825396825396754 0.0431746031746031 0.037777777777777716 0.03999999999999994 0.037777777777777716 0.04095238095238089
0.03908045977011491 0.040229885057471236 0.041379310344827544 0.04061302681992332 0.04061302681992333 0.04099616858237543 0.038314176245210683 0.03984674329501912 0.037931034482758585 0.03946360153256701 0.04099616858237544 0.04099616858237544 0.04061302681992334 0.03831417624521069 0.039846743295019124 0.040996168582375425 0.04252873563218389 0.03984674329501911 0.04099616858237543 0.03908045977011491 0.040996168582375425 0.03831417624521069 0.039463601532567005 0.03984674329501911 0.038697318007662775
