0.045454545454545456 0.2727272727272727 0.09090909090909091 0.045454545454545456 0.09090909090909091 0.045454545454545456 0.09090909090909091 0.045454545454545456 0.18181818181818182 0.09090909090909091
0.125 0.041666666666666664 0.041666666666666664 0.25 0.125 0.08333333333333333 0.041666666666666664 0.041666666666666664 0.20833333333333334 0.041666666666666664
0.04 0.04 0.04 0.04 0.16 0.16 0.04 0.28 0.12 0.08
0.047619047619047616 0.047619047619047616 0.047619047619047616 0.09523809523809523 0.23809523809523808 0.047619047619047616 0.047619047619047616 0.047619047619047616 0.23809523809523808 0.14285714285714285
0.06666666666666667 0.13333333333333333 0.06666666666666667 0.06666666666666667 0.13333333333333333 0.2 0.13333333333333333 0.06666666666666667 0.06666666666666667 0.06666666666666667
0.21052631578947367 0.15789473684210525 0.10526315789473684 0.05263157894736842 0.21052631578947367 0.05263157894736842 0.05263157894736842 0.05263157894736842 0.05263157894736842 0.05263157894736842
0.14285714285714285 0.047619047619047616 0.19047619047619047 0.047619047619047616 0.047619047619047616 0.23809523809523808 0.047619047619047616 0.047619047619047616 0.047619047619047616 0.14285714285714285
0.34615384615384615 0.038461538461538464 0.11538461538461539 0.15384615384615385 0.038461538461538464 0.11538461538461539 0.038461538461538464 0.038461538461538464 0.07692307692307693 0.038461538461538464
0.058823529411764705 0.058823529411764705 0.058823529411764705 0.058823529411764705 0.17647058823529413 0.11764705882352941 0.11764705882352941 0.058823529411764705 0.11764705882352941 0.17647058823529413
0.0625 0.0625 0.0625 0.125 0.0625 0.0625 0.125 0.1875 0.0625 0.1875
0.18181818181818182 0.030303030303030304 0.030303030303030304 0.21212121212121213 0.06060606060606061 0.3333333333333333 0.06060606060606061 0.030303030303030304 0.030303030303030304 0.030303030303030304
0.08333333333333333 0.041666666666666664 0.4583333333333333 0.041666666666666664 0.041666666666666664 0.041666666666666664 0.041666666666666664 0.041666666666666664 0.16666666666666666 0.041666666666666664
0.17647058823529413 0.11764705882352941 0.17647058823529413 0.17647058823529413 0.058823529411764705 0.058823529411764705 0.058823529411764705 0.058823529411764705 0.058823529411764705 0.058823529411764705
0.125 0.0625 0.125 0.125 0.125 0.1875 0.0625 0.0625 0.0625 0.0625
0.07142857142857142 0.07142857142857142 0.07142857142857142 0.14285714285714285 0.07142857142857142 0.14285714285714285 0.07142857142857142 0.14285714285714285 0.14285714285714285 0.07142857142857142
0.07692307692307693 0.07692307692307693 0.07692307692307693 0.07692307692307693 0.07692307692307693 0.07692307692307693 0.07692307692307693 0.3076923076923077 0.07692307692307693 0.07692307692307693
0.06666666666666667 0.06666666666666667 0.13333333333333333 0.06666666666666667 0.06666666666666667 0.06666666666666667 0.26666666666666666 0.13333333333333333 0.06666666666666667 0.06666666666666667
0.07142857142857142 0.07142857142857142 0.07142857142857142 0.14285714285714285 0.07142857142857142 0.07142857142857142 0.07142857142857142 0.2857142857142857 0.07142857142857142 0.07142857142857142
0.06666666666666667 0.06666666666666667 0.13333333333333333 0.13333333333333333 0.06666666666666667 0.13333333333333333 0.06666666666666667 0.06666666666666667 0.06666666666666667 0.2
0.07142857142857142 0.07142857142857142 0.07142857142857142 0.07142857142857142 0.07142857142857142 0.07142857142857142 0.07142857142857142 0.35714285714285715 0.07142857142857142 0.07142857142857142
0.058823529411764705 0.058823529411764705 0.11764705882352941 0.058823529411764705 0.058823529411764705 0.23529411764705882 0.11764705882352941 0.058823529411764705 0.11764705882352941 0.11764705882352941
0.10714285714285714 0.14285714285714285 0.03571428571428571 0.07142857142857142 0.10714285714285714 0.03571428571428571 0.03571428571428571 0.03571428571428571 0.03571428571428571 0.39285714285714285
0.058823529411764705 0.35294117647058826 0.11764705882352941 0.058823529411764705 0.058823529411764705 0.058823529411764705 0.058823529411764705 0.058823529411764705 0.11764705882352941 0.058823529411764705
0.1111111111111111 0.07407407407407407 0.07407407407407407 0.037037037037037035 0.1111111111111111 0.25925925925925924 0.07407407407407407 0.037037037037037035 0.14814814814814814 0.07407407407407407
0.14285714285714285 0.14285714285714285 0.07142857142857142 0.07142857142857142 0.07142857142857142 0.14285714285714285 0.14285714285714285 0.07142857142857142 0.07142857142857142 0.07142857142857142
0.2222222222222222 0.16666666666666666 0.16666666666666666 0.05555555555555555 0.05555555555555555 0.05555555555555555 0.1111111111111111 0.05555555555555555 0.05555555555555555 0.05555555555555555
0.16666666666666666 0.041666666666666664 0.041666666666666664 0.041666666666666664 0.041666666666666664 0.08333333333333333 0.08333333333333333 0.041666666666666664 0.20833333333333334 0.25
0.1 0.05 0.05 0.3 0.05 0.15 0.1 0.05 0.05 0.1
0.5263157894736842 0.05263157894736842 0.05263157894736842 0.05263157894736842 0.05263157894736842 0.05263157894736842 0.05263157894736842 0.05263157894736842 0.05263157894736842 0.05263157894736842
0.26666666666666666 0.06666666666666667 0.06666666666666667 0.06666666666666667 0.06666666666666667 0.13333333333333333 0.06666666666666667 0.13333333333333333 0.06666666666666667 0.06666666666666667
0.07142857142857142 0.07142857142857142 0.14285714285714285 0.07142857142857142 0.07142857142857142 0.07142857142857142 0.07142857142857142 0.2857142857142857 0.07142857142857142 0.07142857142857142
0.07142857142857142 0.14285714285714285 0.07142857142857142 0.21428571428571427 0.07142857142857142 0.07142857142857142 0.07142857142857142 0.07142857142857142 0.07142857142857142 0.14285714285714285
0.06666666666666667 0.06666666666666667 0.13333333333333333 0.2 0.06666666666666667 0.13333333333333333 0.06666666666666667 0.13333333333333333 0.06666666666666667 0.06666666666666667
0.21428571428571427 0.14285714285714285 0.07142857142857142 0.07142857142857142 0.07142857142857142 0.14285714285714285 0.07142857142857142 0.07142857142857142 0.07142857142857142 0.07142857142857142
0.07142857142857142 0.07142857142857142 0.07142857142857142 0.07142857142857142 0.07142857142857142 0.07142857142857142 0.07142857142857142 0.35714285714285715 0.07142857142857142 0.07142857142857142
0.0625 0.0625 0.0625 0.0625 0.1875 0.0625 0.1875 0.1875 0.0625 0.0625
0.0625 0.0625 0.0625 0.0625 0.125 0.125 0.0625 0.125 0.25 0.0625
0.058823529411764705 0.058823529411764705 0.058823529411764705 0.058823529411764705 0.23529411764705882 0.058823529411764705 0.11764705882352941 0.058823529411764705 0.23529411764705882 0.058823529411764705
0.07407407407407407 0.18518518518518517 0.18518518518518517 0.1111111111111111 0.07407407407407407 0.07407407407407407 0.037037037037037035 0.1111111111111111 0.037037037037037035 0.1111111111111111
0.08333333333333333 0.08333333333333333 0.16666666666666666 0.08333333333333333 0.08333333333333333 0.08333333333333333 0.08333333333333333 0.08333333333333333 0.08333333333333333 0.16666666666666666
0.15 0.1 0.35 0.05 0.05 0.05 0.1 0.05 0.05 0.05
0.1111111111111111 0.05555555555555555 0.05555555555555555 0.05555555555555555 0.05555555555555555 0.16666666666666666 0.05555555555555555 0.3333333333333333 0.05555555555555555 0.05555555555555555
0.125 0.25 0.0625 0.0625 0.0625 0.125 0.0625 0.125 0.0625 0.0625
0.05263157894736842 0.3157894736842105 0.05263157894736842 0.10526315789473684 0.10526315789473684 0.05263157894736842 0.05263157894736842 0.05263157894736842 0.15789473684210525 0.05263157894736842
0.058823529411764705 0.17647058823529413 0.058823529411764705 0.11764705882352941 0.058823529411764705 0.23529411764705882 0.058823529411764705 0.058823529411764705 0.11764705882352941 0.058823529411764705
0.13333333333333333 0.13333333333333333 0.2 0.13333333333333333 0.06666666666666667 0.06666666666666667 0.06666666666666667 0.06666666666666667 0.06666666666666667 0.06666666666666667
0.07142857142857142 0.14285714285714285 0.14285714285714285 0.14285714285714285 0.07142857142857142 0.07142857142857142 0.07142857142857142 0.07142857142857142 0.14285714285714285 0.07142857142857142
0.043478260869565216 0.043478260869565216 0.043478260869565216 0.13043478260869565 0.043478260869565216 0.21739130434782608 0.13043478260869565 0.13043478260869565 0.08695652173913043 0.13043478260869565
0.07692307692307693 0.15384615384615385 0.07692307692307693 0.15384615384615385 0.07692307692307693 0.07692307692307693 0.07692307692307693 0.07692307692307693 0.15384615384615385 0.07692307692307693
0.08333333333333333 0.08333333333333333 0.25 0.08333333333333333 0.08333333333333333 0.08333333333333333 0.08333333333333333 0.08333333333333333 0.08333333333333333 0.08333333333333333
0.06060606060606061 0.09090909090909091 0.12121212121212122 0.09090909090909091 0.030303030303030304 0.18181818181818182 0.30303030303030304 0.06060606060606061 0.030303030303030304 0.030303030303030304
0.043478260869565216 0.043478260869565216 0.08695652173913043 0.043478260869565216 0.043478260869565216 0.043478260869565216 0.43478260869565216 0.08695652173913043 0.043478260869565216 0.13043478260869565
0.07692307692307693 0.07692307692307693 0.07692307692307693 0.07692307692307693 0.23076923076923078 0.07692307692307693 0.07692307692307693 0.15384615384615385 0.07692307692307693 0.07692307692307693
0.14285714285714285 0.07142857142857142 0.07142857142857142 0.14285714285714285 0.07142857142857142 0.07142857142857142 0.07142857142857142 0.07142857142857142 0.07142857142857142 0.21428571428571427
0.07692307692307693 0.07692307692307693 0.07692307692307693 0.07692307692307693 0.07692307692307693 0.15384615384615385 0.15384615384615385 0.07692307692307693 0.07692307692307693 0.15384615384615385
0.15 0.15 0.05 0.1 0.1 0.15 0.05 0.05 0.05 0.15
0.13043478260869565 0.08695652173913043 0.043478260869565216 0.043478260869565216 0.043478260869565216 0.043478260869565216 0.4782608695652174 0.043478260869565216 0.043478260869565216 0.043478260869565216
0.05263157894736842 0.10526315789473684 0.05263157894736842 0.2631578947368421 0.10526315789473684 0.05263157894736842 0.05263157894736842 0.10526315789473684 0.15789473684210525 0.05263157894736842
0.09090909090909091 0.09090909090909091 0.09090909090909091 0.09090909090909091 0.09090909090909091 0.09090909090909091 0.09090909090909091 0.09090909090909091 0.09090909090909091 0.18181818181818182
0.10526315789473684 0.05263157894736842 0.05263157894736842 0.05263157894736842 0.05263157894736842 0.10526315789473684 0.42105263157894735 0.05263157894736842 0.05263157894736842 0.05263157894736842
0.14285714285714285 0.07142857142857142 0.07142857142857142 0.07142857142857142 0.07142857142857142 0.21428571428571427 0.14285714285714285 0.07142857142857142 0.07142857142857142 0.07142857142857142
0.1 0.1 0.05 0.1 0.05 0.05 0.05 0.3 0.05 0.15
0.03333333333333333 0.06666666666666667 0.13333333333333333 0.06666666666666667 0.13333333333333333 0.03333333333333333 0.2 0.16666666666666666 0.03333333333333333 0.13333333333333333
0.21052631578947367 0.05263157894736842 0.05263157894736842 0.05263157894736842 0.05263157894736842 0.05263157894736842 0.21052631578947367 0.10526315789473684 0.05263157894736842 0.15789473684210525
0.07692307692307693 0.07692307692307693 0.07692307692307693 0.07692307692307693 0.07692307692307693 0.07692307692307693 0.07692307692307693 0.3076923076923077 0.07692307692307693 0.07692307692307693
0.14285714285714285 0.07142857142857142 0.07142857142857142 0.07142857142857142 0.14285714285714285 0.07142857142857142 0.07142857142857142 0.07142857142857142 0.07142857142857142 0.21428571428571427
0.06666666666666667 0.06666666666666667 0.26666666666666666 0.13333333333333333 0.13333333333333333 0.06666666666666667 0.06666666666666667 0.06666666666666667 0.06666666666666667 0.06666666666666667
0.16666666666666666 0.08333333333333333 0.08333333333333333 0.08333333333333333 0.08333333333333333 0.08333333333333333 0.16666666666666666 0.08333333333333333 0.08333333333333333 0.08333333333333333
0.08 0.08 0.04 0.04 0.16 0.12 0.24 0.12 0.08 0.04
0.13636363636363635 0.09090909090909091 0.045454545454545456 0.045454545454545456 0.045454545454545456 0.09090909090909091 0.22727272727272727 0.045454545454545456 0.18181818181818182 0.09090909090909091
0.08333333333333333 0.08333333333333333 0.08333333333333333 0.16666666666666666 0.08333333333333333 0.08333333333333333 0.08333333333333333 0.16666666666666666 0.08333333333333333 0.08333333333333333
0.08333333333333333 0.08333333333333333 0.08333333333333333 0.08333333333333333 0.08333333333333333 0.08333333333333333 0.08333333333333333 0.16666666666666666 0.08333333333333333 0.16666666666666666
0.07142857142857142 0.07142857142857142 0.14285714285714285 0.14285714285714285 0.21428571428571427 0.07142857142857142 0.07142857142857142 0.07142857142857142 0.07142857142857142 0.07142857142857142
0.07692307692307693 0.15384615384615385 0.15384615384615385 0.07692307692307693 0.07692307692307693 0.07692307692307693 0.07692307692307693 0.15384615384615385 0.07692307692307693 0.07692307692307693
0.36 0.24 0.04 0.08 0.04 0.04 0.04 0.08 0.04 0.04
0.05555555555555555 0.05555555555555555 0.05555555555555555 0.2777777777777778 0.05555555555555555 0.05555555555555555 0.1111111111111111 0.2222222222222222 0.05555555555555555 0.05555555555555555
0.05263157894736842 0.10526315789473684 0.05263157894736842 0.15789473684210525 0.10526315789473684 0.10526315789473684 0.10526315789473684 0.10526315789473684 0.05263157894736842 0.15789473684210525
0.08333333333333333 0.08333333333333333 0.08333333333333333 0.08333333333333333 0.08333333333333333 0.08333333333333333 0.16666666666666666 0.08333333333333333 0.16666666666666666 0.08333333333333333
0.05405405405405406 0.21621621621621623 0.16216216216216217 0.10810810810810811 0.02702702702702703 0.08108108108108109 0.10810810810810811 0.10810810810810811 0.10810810810810811 0.02702702702702703
0.0625 0.0625 0.25 0.0625 0.125 0.0625 0.125 0.0625 0.125 0.0625
0.15789473684210525 0.10526315789473684 0.10526315789473684 0.05263157894736842 0.15789473684210525 0.05263157894736842 0.10526315789473684 0.05263157894736842 0.10526315789473684 0.10526315789473684
0.07692307692307693 0.07692307692307693 0.15384615384615385 0.07692307692307693 0.07692307692307693 0.07692307692307693 0.07692307692307693 0.15384615384615385 0.07692307692307693 0.15384615384615385
0.0625 0.0625 0.0625 0.0625 0.0625 0.125 0.125 0.0625 0.3125 0.0625
0.08333333333333333 0.08333333333333333 0.08333333333333333 0.25 0.08333333333333333 0.08333333333333333 0.08333333333333333 0.08333333333333333 0.08333333333333333 0.08333333333333333
0.05263157894736842 0.05263157894736842 0.10526315789473684 0.05263157894736842 0.05263157894736842 0.05263157894736842 0.15789473684210525 0.05263157894736842 0.05263157894736842 0.3684210526315789
0.14285714285714285 0.07142857142857142 0.07142857142857142 0.14285714285714285 0.07142857142857142 0.07142857142857142 0.07142857142857142 0.14285714285714285 0.07142857142857142 0.14285714285714285
0.06666666666666667 0.06666666666666667 0.06666666666666667 0.2 0.06666666666666667 0.06666666666666667 0.06666666666666667 0.2 0.06666666666666667 0.13333333333333333
0.2727272727272727 0.045454545454545456 0.22727272727272727 0.09090909090909091 0.045454545454545456 0.13636363636363635 0.045454545454545456 0.045454545454545456 0.045454545454545456 0.045454545454545456
0.125 0.0625 0.1875 0.0625 0.0625 0.0625 0.125 0.0625 0.0625 0.1875
0.13636363636363635 0.18181818181818182 0.09090909090909091 0.13636363636363635 0.045454545454545456 0.045454545454545456 0.18181818181818182 0.045454545454545456 0.045454545454545456 0.09090909090909091
0.0625 0.0625 0.0625 0.0625 0.125 0.0625 0.0625 0.0625 0.125 0.3125
0.07692307692307693 0.07692307692307693 0.07692307692307693 0.07692307692307693 0.07692307692307693 0.07692307692307693 0.07692307692307693 0.3076923076923077 0.07692307692307693 0.07692307692307693
0.09523809523809523 0.047619047619047616 0.14285714285714285 0.047619047619047616 0.09523809523809523 0.047619047619047616 0.14285714285714285 0.23809523809523808 0.047619047619047616 0.09523809523809523
0.03571428571428571 0.07142857142857142 0.14285714285714285 0.03571428571428571 0.14285714285714285 0.14285714285714285 0.25 0.03571428571428571 0.10714285714285714 0.03571428571428571
0.1 0.2 0.05 0.1 0.15 0.05 0.05 0.05 0.2 0.05
0.058823529411764705 0.058823529411764705 0.058823529411764705 0.11764705882352941 0.11764705882352941 0.058823529411764705 0.058823529411764705 0.35294117647058826 0.058823529411764705 0.058823529411764705
0.043478260869565216 0.043478260869565216 0.17391304347826086 0.043478260869565216 0.043478260869565216 0.043478260869565216 0.043478260869565216 0.08695652173913043 0.043478260869565216 0.43478260869565216
0.08333333333333333 0.041666666666666664 0.16666666666666666 0.041666666666666664 0.3333333333333333 0.041666666666666664 0.041666666666666664 0.16666666666666666 0.041666666666666664 0.041666666666666664
0.10526315789473684 0.15789473684210525 0.05263157894736842 0.05263157894736842 0.05263157894736842 0.2631578947368421 0.10526315789473684 0.05263157894736842 0.10526315789473684 0.05263157894736842
0.05 0.05 0.05 0.05 0.1 0.05 0.05 0.1 0.15 0.35
0.15 0.05 0.1 0.05 0.3 0.05 0.05 0.15 0.05 0.05
0.07692307692307693 0.07692307692307693 0.07692307692307693 0.07692307692307693 0.07692307692307693 0.07692307692307693 0.07692307692307693 0.15384615384615385 0.07692307692307693 0.23076923076923078
0.07142857142857142 0.09523809523809523 0.023809523809523808 0.047619047619047616 0.23809523809523808 0.023809523809523808 0.14285714285714285 0.07142857142857142 0.2619047619047619 0.023809523809523808
0.0625 0.0625 0.3125 0.0625 0.125 0.0625 0.0625 0.0625 0.125 0.0625
0.058823529411764705 0.058823529411764705 0.058823529411764705 0.058823529411764705 0.11764705882352941 0.17647058823529413 0.17647058823529413 0.058823529411764705 0.058823529411764705 0.17647058823529413
0.07142857142857142 0.14285714285714285 0.07142857142857142 0.07142857142857142 0.07142857142857142 0.07142857142857142 0.07142857142857142 0.07142857142857142 0.07142857142857142 0.2857142857142857
0.14285714285714285 0.21428571428571427 0.07142857142857142 0.07142857142857142 0.07142857142857142 0.14285714285714285 0.07142857142857142 0.07142857142857142 0.07142857142857142 0.07142857142857142
0.06666666666666667 0.26666666666666666 0.06666666666666667 0.06666666666666667 0.13333333333333333 0.13333333333333333 0.06666666666666667 0.06666666666666667 0.06666666666666667 0.06666666666666667
0.07142857142857142 0.07142857142857142 0.07142857142857142 0.07142857142857142 0.14285714285714285 0.07142857142857142 0.14285714285714285 0.14285714285714285 0.07142857142857142 0.14285714285714285
0.058823529411764705 0.058823529411764705 0.058823529411764705 0.058823529411764705 0.17647058823529413 0.058823529411764705 0.35294117647058826 0.058823529411764705 0.058823529411764705 0.058823529411764705
0.06666666666666667 0.06666666666666667 0.06666666666666667 0.06666666666666667 0.2 0.06666666666666667 0.13333333333333333 0.13333333333333333 0.06666666666666667 0.13333333333333333
0.05 0.05 0.2 0.1 0.05 0.2 0.1 0.1 0.05 0.1
0.07142857142857142 0.07142857142857142 0.07142857142857142 0.07142857142857142 0.07142857142857142 0.21428571428571427 0.07142857142857142 0.21428571428571427 0.07142857142857142 0.07142857142857142
0.2608695652173913 0.13043478260869565 0.043478260869565216 0.043478260869565216 0.043478260869565216 0.21739130434782608 0.08695652173913043 0.043478260869565216 0.08695652173913043 0.043478260869565216
0.05555555555555555 0.05555555555555555 0.16666666666666666 0.16666666666666666 0.05555555555555555 0.2222222222222222 0.05555555555555555 0.05555555555555555 0.1111111111111111 0.05555555555555555
0.05555555555555555 0.05555555555555555 0.16666666666666666 0.05555555555555555 0.05555555555555555 0.16666666666666666 0.2222222222222222 0.1111111111111111 0.05555555555555555 0.05555555555555555
0.07692307692307693 0.07692307692307693 0.07692307692307693 0.07692307692307693 0.07692307692307693 0.15384615384615385 0.07692307692307693 0.07692307692307693 0.15384615384615385 0.15384615384615385
0.07142857142857142 0.07142857142857142 0.14285714285714285 0.07142857142857142 0.14285714285714285 0.07142857142857142 0.14285714285714285 0.07142857142857142 0.07142857142857142 0.14285714285714285
0.07692307692307693 0.07692307692307693 0.07692307692307693 0.07692307692307693 0.15384615384615385 0.15384615384615385 0.07692307692307693 0.07692307692307693 0.15384615384615385 0.07692307692307693
0.0625 0.125 0.0625 0.0625 0.0625 0.25 0.125 0.125 0.0625 0.0625
0.06896551724137931 0.13793103448275862 0.06896551724137931 0.034482758620689655 0.034482758620689655 0.034482758620689655 0.034482758620689655 0.3448275862068966 0.034482758620689655 0.20689655172413793
0.07692307692307693 0.07692307692307693 0.07692307692307693 0.15384615384615385 0.15384615384615385 0.15384615384615385 0.07692307692307693 0.07692307692307693 0.07692307692307693 0.07692307692307693
0.058823529411764705 0.11764705882352941 0.058823529411764705 0.11764705882352941 0.11764705882352941 0.11764705882352941 0.058823529411764705 0.23529411764705882 0.058823529411764705 0.058823529411764705
0.26666666666666666 0.06666666666666667 0.06666666666666667 0.06666666666666667 0.13333333333333333 0.06666666666666667 0.06666666666666667 0.06666666666666667 0.06666666666666667 0.13333333333333333
0.15 0.1 0.05 0.05 0.05 0.1 0.1 0.25 0.1 0.05
0.08333333333333333 0.08333333333333333 0.08333333333333333 0.08333333333333333 0.08333333333333333 0.08333333333333333 0.08333333333333333 0.08333333333333333 0.25 0.08333333333333333
0.07142857142857142 0.07142857142857142 0.07142857142857142 0.07142857142857142 0.07142857142857142 0.07142857142857142 0.21428571428571427 0.07142857142857142 0.14285714285714285 0.14285714285714285
0.07142857142857142 0.07142857142857142 0.07142857142857142 0.07142857142857142 0.07142857142857142 0.07142857142857142 0.07142857142857142 0.14285714285714285 0.2857142857142857 0.07142857142857142
0.125 0.1875 0.125 0.125 0.0625 0.0625 0.0625 0.0625 0.125 0.0625
0.14285714285714285 0.07142857142857142 0.07142857142857142 0.07142857142857142 0.07142857142857142 0.2857142857142857 0.07142857142857142 0.07142857142857142 0.07142857142857142 0.07142857142857142
0.07692307692307693 0.15384615384615385 0.07692307692307693 0.23076923076923078 0.07692307692307693 0.07692307692307693 0.07692307692307693 0.07692307692307693 0.07692307692307693 0.07692307692307693
0.05 0.15 0.05 0.15 0.1 0.05 0.05 0.15 0.15 0.1
0.06666666666666667 0.06666666666666667 0.06666666666666667 0.06666666666666667 0.2 0.2 0.06666666666666667 0.13333333333333333 0.06666666666666667 0.06666666666666667
0.0625 0.0625 0.0625 0.0625 0.125 0.0625 0.0625 0.375 0.0625 0.0625
0.05263157894736842 0.21052631578947367 0.05263157894736842 0.10526315789473684 0.15789473684210525 0.05263157894736842 0.10526315789473684 0.10526315789473684 0.05263157894736842 0.10526315789473684
0.06666666666666667 0.06666666666666667 0.06666666666666667 0.13333333333333333 0.06666666666666667 0.13333333333333333 0.2 0.13333333333333333 0.06666666666666667 0.06666666666666667
0.05 0.05 0.05 0.1 0.15 0.1 0.05 0.25 0.15 0.05
0.07142857142857142 0.07142857142857142 0.07142857142857142 0.07142857142857142 0.07142857142857142 0.07142857142857142 0.07142857142857142 0.35714285714285715 0.07142857142857142 0.07142857142857142
0.07142857142857142 0.07142857142857142 0.07142857142857142 0.07142857142857142 0.2857142857142857 0.07142857142857142 0.07142857142857142 0.07142857142857142 0.07142857142857142 0.14285714285714285
0.125 0.0625 0.125 0.125 0.0625 0.125 0.0625 0.1875 0.0625 0.0625
0.07142857142857142 0.07142857142857142 0.07142857142857142 0.14285714285714285 0.14285714285714285 0.14285714285714285 0.07142857142857142 0.07142857142857142 0.07142857142857142 0.14285714285714285
0.047619047619047616 0.09523809523809523 0.047619047619047616 0.09523809523809523 0.047619047619047616 0.047619047619047616 0.047619047619047616 0.3333333333333333 0.14285714285714285 0.09523809523809523
0.06666666666666667 0.06666666666666667 0.13333333333333333 0.13333333333333333 0.2 0.06666666666666667 0.13333333333333333 0.06666666666666667 0.06666666666666667 0.06666666666666667
0.2 0.08 0.08 0.04 0.04 0.2 0.12 0.04 0.04 0.16
0.125 0.0625 0.1875 0.125 0.0625 0.0625 0.0625 0.0625 0.1875 0.0625
0.06666666666666667 0.13333333333333333 0.06666666666666667 0.06666666666666667 0.06666666666666667 0.13333333333333333 0.06666666666666667 0.2 0.13333333333333333 0.06666666666666667
0.07142857142857142 0.07142857142857142 0.07142857142857142 0.07142857142857142 0.07142857142857142 0.14285714285714285 0.07142857142857142 0.21428571428571427 0.07142857142857142 0.14285714285714285
0.07142857142857142 0.07142857142857142 0.07142857142857142 0.07142857142857142 0.07142857142857142 0.07142857142857142 0.07142857142857142 0.35714285714285715 0.07142857142857142 0.07142857142857142
0.08333333333333333 0.08333333333333333 0.08333333333333333 0.08333333333333333 0.08333333333333333 0.08333333333333333 0.08333333333333333 0.08333333333333333 0.08333333333333333 0.25
0.07692307692307693 0.07692307692307693 0.07692307692307693 0.07692307692307693 0.07692307692307693 0.07692307692307693 0.07692307692307693 0.3076923076923077 0.07692307692307693 0.07692307692307693
0.15384615384615385 0.07692307692307693 0.07692307692307693 0.038461538461538464 0.11538461538461539 0.23076923076923078 0.15384615384615385 0.038461538461538464 0.038461538461538464 0.07692307692307693
0.2777777777777778 0.05555555555555555 0.05555555555555555 0.05555555555555555 0.05555555555555555 0.1111111111111111 0.05555555555555555 0.16666666666666666 0.05555555555555555 0.1111111111111111
0.1111111111111111 0.07407407407407407 0.07407407407407407 0.07407407407407407 0.2962962962962963 0.037037037037037035 0.037037037037037035 0.2222222222222222 0.037037037037037035 0.037037037037037035
0.0625 0.125 0.0625 0.1875 0.0625 0.125 0.0625 0.0625 0.125 0.125
0.13333333333333333 0.2 0.06666666666666667 0.06666666666666667 0.06666666666666667 0.13333333333333333 0.06666666666666667 0.06666666666666667 0.13333333333333333 0.06666666666666667
0.06666666666666667 0.06666666666666667 0.13333333333333333 0.2 0.06666666666666667 0.06666666666666667 0.06666666666666667 0.06666666666666667 0.13333333333333333 0.13333333333333333
0.07692307692307693 0.07692307692307693 0.07692307692307693 0.07692307692307693 0.07692307692307693 0.07692307692307693 0.15384615384615385 0.23076923076923078 0.07692307692307693 0.07692307692307693
0.23076923076923078 0.15384615384615385 0.07692307692307693 0.07692307692307693 0.07692307692307693 0.07692307692307693 0.07692307692307693 0.07692307692307693 0.07692307692307693 0.07692307692307693
0.05 0.35 0.05 0.05 0.05 0.05 0.1 0.05 0.15 0.1
0.07142857142857142 0.07142857142857142 0.14285714285714285 0.14285714285714285 0.07142857142857142 0.07142857142857142 0.07142857142857142 0.07142857142857142 0.14285714285714285 0.14285714285714285
0.14285714285714285 0.07142857142857142 0.07142857142857142 0.07142857142857142 0.14285714285714285 0.14285714285714285 0.07142857142857142 0.07142857142857142 0.14285714285714285 0.07142857142857142
0.09090909090909091 0.09090909090909091 0.09090909090909091 0.09090909090909091 0.09090909090909091 0.09090909090909091 0.09090909090909091 0.09090909090909091 0.09090909090909091 0.18181818181818182
0.07142857142857142 0.07142857142857142 0.14285714285714285 0.07142857142857142 0.07142857142857142 0.07142857142857142 0.07142857142857142 0.2857142857142857 0.07142857142857142 0.07142857142857142
0.06666666666666667 0.13333333333333333 0.13333333333333333 0.06666666666666667 0.06666666666666667 0.13333333333333333 0.06666666666666667 0.13333333333333333 0.06666666666666667 0.13333333333333333
0.05 0.1 0.1 0.3 0.1 0.05 0.1 0.05 0.1 0.05
0.08 0.04 0.28 0.08 0.2 0.04 0.04 0.12 0.04 0.08
0.07692307692307693 0.07692307692307693 0.15384615384615385 0.15384615384615385 0.15384615384615385 0.07692307692307693 0.07692307692307693 0.07692307692307693 0.07692307692307693 0.07692307692307693
0.06666666666666667 0.06666666666666667 0.06666666666666667 0.06666666666666667 0.13333333333333333 0.26666666666666666 0.06666666666666667 0.13333333333333333 0.06666666666666667 0.06666666666666667
0.05 0.05 0.05 0.05 0.05 0.1 0.1 0.05 0.4 0.1
0.034482758620689655 0.034482758620689655 0.034482758620689655 0.1724137931034483 0.06896551724137931 0.034482758620689655 0.034482758620689655 0.3103448275862069 0.06896551724137931 0.20689655172413793
0.038461538461538464 0.2692307692307692 0.038461538461538464 0.11538461538461539 0.23076923076923078 0.038461538461538464 0.07692307692307693 0.038461538461538464 0.11538461538461539 0.038461538461538464
0.05263157894736842 0.05263157894736842 0.05263157894736842 0.10526315789473684 0.05263157894736842 0.05263157894736842 0.10526315789473684 0.21052631578947367 0.05263157894736842 0.2631578947368421
0.125 0.0625 0.0625 0.0625 0.0625 0.0625 0.125 0.25 0.125 0.0625
0.15789473684210525 0.10526315789473684 0.05263157894736842 0.05263157894736842 0.10526315789473684 0.10526315789473684 0.10526315789473684 0.10526315789473684 0.15789473684210525 0.05263157894736842
0.058823529411764705 0.058823529411764705 0.058823529411764705 0.11764705882352941 0.11764705882352941 0.29411764705882354 0.058823529411764705 0.058823529411764705 0.11764705882352941 0.058823529411764705
0.21428571428571427 0.14285714285714285 0.14285714285714285 0.07142857142857142 0.07142857142857142 0.07142857142857142 0.07142857142857142 0.07142857142857142 0.07142857142857142 0.07142857142857142
0.06666666666666667 0.06666666666666667 0.06666666666666667 0.13333333333333333 0.06666666666666667 0.06666666666666667 0.06666666666666667 0.3333333333333333 0.06666666666666667 0.06666666666666667
0.058823529411764705 0.058823529411764705 0.058823529411764705 0.058823529411764705 0.23529411764705882 0.17647058823529413 0.058823529411764705 0.058823529411764705 0.11764705882352941 0.11764705882352941
0.29411764705882354 0.058823529411764705 0.11764705882352941 0.058823529411764705 0.11764705882352941 0.058823529411764705 0.058823529411764705 0.058823529411764705 0.11764705882352941 0.058823529411764705
0.058823529411764705 0.058823529411764705 0.058823529411764705 0.11764705882352941 0.058823529411764705 0.058823529411764705 0.17647058823529413 0.29411764705882354 0.058823529411764705 0.058823529411764705
0.0625 0.0625 0.125 0.125 0.125 0.0625 0.0625 0.0625 0.25 0.0625
0.0625 0.0625 0.125 0.0625 0.125 0.0625 0.0625 0.0625 0.0625 0.3125
0.07142857142857142 0.14285714285714285 0.07142857142857142 0.07142857142857142 0.07142857142857142 0.07142857142857142 0.07142857142857142 0.07142857142857142 0.07142857142857142 0.2857142857142857
0.03225806451612903 0.03225806451612903 0.03225806451612903 0.0967741935483871 0.0967741935483871 0.0967741935483871 0.06451612903225806 0.06451612903225806 0.3548387096774194 0.12903225806451613
0.0625 0.0625 0.125 0.0625 0.125 0.125 0.125 0.0625 0.0625 0.1875
0.038461538461538464 0.038461538461538464 0.11538461538461539 0.038461538461538464 0.07692307692307693 0.038461538461538464 0.07692307692307693 0.038461538461538464 0.07692307692307693 0.46153846153846156
0.07142857142857142 0.07142857142857142 0.07142857142857142 0.14285714285714285 0.07142857142857142 0.14285714285714285 0.07142857142857142 0.07142857142857142 0.14285714285714285 0.14285714285714285
0.07692307692307693 0.15384615384615385 0.07692307692307693 0.15384615384615385 0.07692307692307693 0.07692307692307693 0.07692307692307693 0.07692307692307693 0.15384615384615385 0.07692307692307693
0.23076923076923078 0.07692307692307693 0.07692307692307693 0.07692307692307693 0.07692307692307693 0.15384615384615385 0.07692307692307693 0.07692307692307693 0.07692307692307693 0.07692307692307693
0.14285714285714285 0.14285714285714285 0.07142857142857142 0.07142857142857142 0.07142857142857142 0.07142857142857142 0.14285714285714285 0.07142857142857142 0.07142857142857142 0.14285714285714285
0.041666666666666664 0.08333333333333333 0.08333333333333333 0.041666666666666664 0.041666666666666664 0.5 0.041666666666666664 0.041666666666666664 0.08333333333333333 0.041666666666666664
0.05263157894736842 0.10526315789473684 0.10526315789473684 0.05263157894736842 0.05263157894736842 0.05263157894736842 0.05263157894736842 0.3157894736842105 0.05263157894736842 0.15789473684210525
0.07142857142857142 0.07142857142857142 0.14285714285714285 0.07142857142857142 0.07142857142857142 0.07142857142857142 0.14285714285714285 0.07142857142857142 0.07142857142857142 0.21428571428571427
0.07142857142857142 0.07142857142857142 0.07142857142857142 0.07142857142857142 0.14285714285714285 0.07142857142857142 0.07142857142857142 0.07142857142857142 0.07142857142857142 0.2857142857142857
0.07142857142857142 0.07142857142857142 0.07142857142857142 0.07142857142857142 0.07142857142857142 0.07142857142857142 0.07142857142857142 0.35714285714285715 0.07142857142857142 0.07142857142857142
0.11764705882352941 0.17647058823529413 0.058823529411764705 0.058823529411764705 0.058823529411764705 0.058823529411764705 0.17647058823529413 0.058823529411764705 0.058823529411764705 0.17647058823529413
0.08695652173913043 0.08695652173913043 0.043478260869565216 0.043478260869565216 0.17391304347826086 0.08695652173913043 0.2608695652173913 0.13043478260869565 0.043478260869565216 0.043478260869565216
0.125 0.0625 0.0625 0.0625 0.0625 0.0625 0.125 0.25 0.125 0.0625
0.05263157894736842 0.05263157894736842 0.10526315789473684 0.05263157894736842 0.05263157894736842 0.10526315789473684 0.10526315789473684 0.05263157894736842 0.05263157894736842 0.3684210526315789
0.058823529411764705 0.058823529411764705 0.35294117647058826 0.11764705882352941 0.058823529411764705 0.11764705882352941 0.058823529411764705 0.058823529411764705 0.058823529411764705 0.058823529411764705
0.05263157894736842 0.05263157894736842 0.05263157894736842 0.10526315789473684 0.10526315789473684 0.10526315789473684 0.15789473684210525 0.10526315789473684 0.10526315789473684 0.15789473684210525
0.043478260869565216 0.043478260869565216 0.043478260869565216 0.34782608695652173 0.08695652173913043 0.043478260869565216 0.043478260869565216 0.17391304347826086 0.08695652173913043 0.08695652173913043
0.0625 0.125 0.0625 0.125 0.0625 0.0625 0.125 0.125 0.125 0.125
0.08333333333333333 0.08333333333333333 0.08333333333333333 0.16666666666666666 0.16666666666666666 0.08333333333333333 0.08333333333333333 0.08333333333333333 0.08333333333333333 0.08333333333333333
0.08333333333333333 0.041666666666666664 0.125 0.041666666666666664 0.041666666666666664 0.041666666666666664 0.041666666666666664 0.3333333333333333 0.125 0.125
0.15 0.05 0.2 0.25 0.05 0.05 0.1 0.05 0.05 0.05
0.058823529411764705 0.058823529411764705 0.11764705882352941 0.11764705882352941 0.058823529411764705 0.058823529411764705 0.058823529411764705 0.35294117647058826 0.058823529411764705 0.058823529411764705
0.0625 0.0625 0.0625 0.1875 0.0625 0.0625 0.0625 0.3125 0.0625 0.0625
0.05263157894736842 0.10526315789473684 0.10526315789473684 0.15789473684210525 0.05263157894736842 0.10526315789473684 0.15789473684210525 0.05263157894736842 0.10526315789473684 0.10526315789473684
0.10526315789473684 0.10526315789473684 0.2631578947368421 0.05263157894736842 0.05263157894736842 0.05263157894736842 0.10526315789473684 0.15789473684210525 0.05263157894736842 0.05263157894736842
0.09523809523809523 0.09523809523809523 0.09523809523809523 0.19047619047619047 0.047619047619047616 0.09523809523809523 0.047619047619047616 0.23809523809523808 0.047619047619047616 0.047619047619047616
0.11764705882352941 0.058823529411764705 0.058823529411764705 0.11764705882352941 0.23529411764705882 0.058823529411764705 0.058823529411764705 0.058823529411764705 0.11764705882352941 0.11764705882352941
0.045454545454545456 0.045454545454545456 0.045454545454545456 0.045454545454545456 0.045454545454545456 0.13636363636363635 0.045454545454545456 0.5 0.045454545454545456 0.045454545454545456
0.0625 0.0625 0.25 0.125 0.0625 0.1875 0.0625 0.0625 0.0625 0.0625
0.045454545454545456 0.13636363636363635 0.13636363636363635 0.18181818181818182 0.13636363636363635 0.045454545454545456 0.045454545454545456 0.045454545454545456 0.045454545454545456 0.18181818181818182
0.07142857142857142 0.21428571428571427 0.07142857142857142 0.07142857142857142 0.21428571428571427 0.07142857142857142 0.07142857142857142 0.07142857142857142 0.07142857142857142 0.07142857142857142
0.09090909090909091 0.045454545454545456 0.13636363636363635 0.045454545454545456 0.22727272727272727 0.045454545454545456 0.045454545454545456 0.22727272727272727 0.09090909090909091 0.045454545454545456
0.07142857142857142 0.14285714285714285 0.07142857142857142 0.07142857142857142 0.21428571428571427 0.07142857142857142 0.14285714285714285 0.07142857142857142 0.07142857142857142 0.07142857142857142
0.045454545454545456 0.09090909090909091 0.09090909090909091 0.22727272727272727 0.09090909090909091 0.045454545454545456 0.22727272727272727 0.045454545454545456 0.045454545454545456 0.09090909090909091
0.13043478260869565 0.21739130434782608 0.08695652173913043 0.13043478260869565 0.043478260869565216 0.043478260869565216 0.17391304347826086 0.043478260869565216 0.043478260869565216 0.08695652173913043
0.08695652173913043 0.13043478260869565 0.2608695652173913 0.043478260869565216 0.17391304347826086 0.13043478260869565 0.043478260869565216 0.043478260869565216 0.043478260869565216 0.043478260869565216
0.3333333333333333 0.1111111111111111 0.05555555555555555 0.05555555555555555 0.05555555555555555 0.16666666666666666 0.05555555555555555 0.05555555555555555 0.05555555555555555 0.05555555555555555
0.1111111111111111 0.1111111111111111 0.05555555555555555 0.16666666666666666 0.1111111111111111 0.05555555555555555 0.16666666666666666 0.05555555555555555 0.05555555555555555 0.1111111111111111
0.13333333333333333 0.06666666666666667 0.13333333333333333 0.2 0.06666666666666667 0.06666666666666667 0.06666666666666667 0.06666666666666667 0.13333333333333333 0.06666666666666667
0.058823529411764705 0.058823529411764705 0.17647058823529413 0.058823529411764705 0.11764705882352941 0.058823529411764705 0.058823529411764705 0.23529411764705882 0.11764705882352941 0.058823529411764705
0.08333333333333333 0.08333333333333333 0.08333333333333333 0.08333333333333333 0.08333333333333333 0.08333333333333333 0.08333333333333333 0.08333333333333333 0.08333333333333333 0.25
0.15 0.05 0.05 0.15 0.2 0.05 0.1 0.05 0.15 0.05
0.08333333333333333 0.08333333333333333 0.08333333333333333 0.25 0.08333333333333333 0.08333333333333333 0.08333333333333333 0.08333333333333333 0.08333333333333333 0.08333333333333333
0.07692307692307693 0.2692307692307692 0.07692307692307693 0.11538461538461539 0.038461538461538464 0.038461538461538464 0.11538461538461539 0.07692307692307693 0.07692307692307693 0.11538461538461539
0.06666666666666667 0.06666666666666667 0.13333333333333333 0.2 0.1 0.23333333333333334 0.03333333333333333 0.03333333333333333 0.06666666666666667 0.06666666666666667
0.05 0.05 0.05 0.05 0.1 0.15 0.3 0.15 0.05 0.05
0.375 0.0625 0.0625 0.125 0.0625 0.0625 0.0625 0.0625 0.0625 0.0625
0.16666666666666666 0.05555555555555555 0.05555555555555555 0.05555555555555555 0.05555555555555555 0.1111111111111111 0.1111111111111111 0.16666666666666666 0.16666666666666666 0.05555555555555555
0.045454545454545456 0.045454545454545456 0.09090909090909091 0.09090909090909091 0.045454545454545456 0.045454545454545456 0.13636363636363635 0.22727272727272727 0.045454545454545456 0.22727272727272727
