0.046511627906976744 0.023255813953488372 0.023255813953488372 0.046511627906976744 0.023255813953488372 0.023255813953488372 0.023255813953488372 0.06976744186046512 0.023255813953488372 0.023255813953488372 0.046511627906976744 0.09302325581395349 0.023255813953488372 0.023255813953488372 0.023255813953488372 0.023255813953488372 0.046511627906976744 0.023255813953488372 0.023255813953488372 0.13953488372093023 0.046511627906976744 0.023255813953488372 0.06976744186046512 0.046511627906976744 0.023255813953488372
0.03125 0.03125 0.03125 0.03125 0.09375 0.0625 0.0625 0.03125 0.03125 0.03125 0.03125 0.0625 0.03125 0.03125 0.03125 0.03125 0.03125 0.03125 0.03125 0.03125 0.09375 0.03125 0.03125 0.03125 0.03125
0.03333333333333333 0.03333333333333333 0.03333333333333333 0.03333333333333333 0.13333333333333333 0.06666666666666667 0.06666666666666667 0.03333333333333333 0.03333333333333333 0.03333333333333333 0.03333333333333333 0.03333333333333333 0.03333333333333333 0.03333333333333333 0.03333333333333333 0.03333333333333333 0.03333333333333333 0.03333333333333333 0.03333333333333333 0.03333333333333333 0.03333333333333333 0.03333333333333333 0.03333333333333333 0.03333333333333333 0.03333333333333333
0.027777777777777776 0.027777777777777776 0.027777777777777776 0.08333333333333333 0.027777777777777776 0.027777777777777776 0.05555555555555555 0.027777777777777776 0.027777777777777776 0.1111111111111111 0.027777777777777776 0.027777777777777776 0.05555555555555555 0.027777777777777776 0.027777777777777776 0.027777777777777776 0.027777777777777776 0.027777777777777776 0.027777777777777776 0.027777777777777776 0.1111111111111111 0.027777777777777776 0.027777777777777776 0.027777777777777776 0.05555555555555555
0.037037037037037035 0.037037037037037035 0.037037037037037035 0.037037037037037035 0.037037037037037035 0.037037037037037035 0.037037037037037035 0.037037037037037035 0.07407407407407407 0.037037037037037035 0.037037037037037035 0.037037037037037035 0.037037037037037035 0.037037037037037035 0.037037037037037035 0.037037037037037035 0.037037037037037035 0.037037037037037035 0.037037037037037035 0.037037037037037035 0.037037037037037035 0.037037037037037035 0.037037037037037035 0.07407407407407407 0.037037037037037035
0.02702702702702703 0.02702702702702703 0.02702702702702703 0.02702702702702703 0.02702702702702703 0.02702702702702703 0.02702702702702703 0.05405405405405406 0.08108108108108109 0.08108108108108109 0.08108108108108109 0.02702702702702703 0.02702702702702703 0.05405405405405406 0.02702702702702703 0.05405405405405406 0.02702702702702703 0.02702702702702703 0.02702702702702703 0.05405405405405406 0.02702702702702703 0.02702702702702703 0.02702702702702703 0.08108108108108109 0.02702702702702703
0.037037037037037035 0.037037037037037035 0.037037037037037035 0.037037037037037035 0.037037037037037035 0.037037037037037035 0.037037037037037035 0.037037037037037035 0.037037037037037035 0.07407407407407407 0.037037037037037035 0.037037037037037035 0.037037037037037035 0.037037037037037035 0.037037037037037035 0.037037037037037035 0.07407407407407407 0.037037037037037035 0.037037037037037035 0.037037037037037035 0.037037037037037035 0.037037037037037035 0.037037037037037035 0.037037037037037035 0.037037037037037035
0.029411764705882353 0.029411764705882353 0.029411764705882353 0.058823529411764705 0.058823529411764705 0.029411764705882353 0.029411764705882353 0.029411764705882353 0.029411764705882353 0.029411764705882353 0.058823529411764705 0.029411764705882353 0.029411764705882353 0.029411764705882353 0.029411764705882353 0.029411764705882353 0.029411764705882353 0.029411764705882353 0.058823529411764705 0.058823529411764705 0.08823529411764706 0.029411764705882353 0.029411764705882353 0.08823529411764706 0.029411764705882353
0.02564102564102564 0.02564102564102564 0.07692307692307693 0.02564102564102564 0.02564102564102564 0.05128205128205128 0.02564102564102564 0.05128205128205128 0.02564102564102564 0.02564102564102564 0.07692307692307693 0.07692307692307693 0.07692307692307693 0.07692307692307693 0.02564102564102564 0.02564102564102564 0.02564102564102564 0.02564102564102564 0.02564102564102564 0.02564102564102564 0.02564102564102564 0.02564102564102564 0.02564102564102564 0.05128205128205128 0.05128205128205128
0.03225806451612903 0.03225806451612903 0.03225806451612903 0.03225806451612903 0.03225806451612903 0.06451612903225806 0.03225806451612903 0.03225806451612903 0.03225806451612903 0.06451612903225806 0.06451612903225806 0.03225806451612903 0.03225806451612903 0.03225806451612903 0.03225806451612903 0.03225806451612903 0.03225806451612903 0.06451612903225806 0.0967741935483871 0.03225806451612903 0.03225806451612903 0.03225806451612903 0.03225806451612903 0.03225806451612903 0.03225806451612903
0.07142857142857142 0.03571428571428571 0.03571428571428571 0.03571428571428571 0.03571428571428571 0.03571428571428571 0.03571428571428571 0.03571428571428571 0.03571428571428571 0.03571428571428571 0.03571428571428571 0.03571428571428571 0.07142857142857142 0.03571428571428571 0.03571428571428571 0.03571428571428571 0.03571428571428571 0.07142857142857142 0.03571428571428571 0.03571428571428571 0.03571428571428571 0.03571428571428571 0.03571428571428571 0.03571428571428571 0.03571428571428571
0.02631578947368421 0.02631578947368421 0.02631578947368421 0.05263157894736842 0.02631578947368421 0.02631578947368421 0.02631578947368421 0.02631578947368421 0.02631578947368421 0.10526315789473684 0.02631578947368421 0.05263157894736842 0.05263157894736842 0.05263157894736842 0.02631578947368421 0.10526315789473684 0.02631578947368421 0.02631578947368421 0.05263157894736842 0.07894736842105263 0.02631578947368421 0.02631578947368421 0.02631578947368421 0.02631578947368421 0.02631578947368421
0.034482758620689655 0.034482758620689655 0.034482758620689655 0.034482758620689655 0.034482758620689655 0.034482758620689655 0.034482758620689655 0.06896551724137931 0.034482758620689655 0.034482758620689655 0.034482758620689655 0.034482758620689655 0.034482758620689655 0.034482758620689655 0.034482758620689655 0.034482758620689655 0.034482758620689655 0.034482758620689655 0.034482758620689655 0.06896551724137931 0.034482758620689655 0.034482758620689655 0.034482758620689655 0.06896551724137931 0.06896551724137931
0.034482758620689655 0.034482758620689655 0.034482758620689655 0.10344827586206896 0.034482758620689655 0.034482758620689655 0.034482758620689655 0.034482758620689655 0.034482758620689655 0.034482758620689655 0.034482758620689655 0.034482758620689655 0.034482758620689655 0.034482758620689655 0.034482758620689655 0.034482758620689655 0.034482758620689655 0.06896551724137931 0.034482758620689655 0.06896551724137931 0.034482758620689655 0.034482758620689655 0.034482758620689655 0.034482758620689655 0.034482758620689655
0.03571428571428571 0.03571428571428571 0.03571428571428571 0.03571428571428571 0.03571428571428571 0.03571428571428571 0.10714285714285714 0.03571428571428571 0.03571428571428571 0.03571428571428571 0.03571428571428571 0.03571428571428571 0.07142857142857142 0.03571428571428571 0.03571428571428571 0.03571428571428571 0.03571428571428571 0.03571428571428571 0.03571428571428571 0.03571428571428571 0.03571428571428571 0.03571428571428571 0.03571428571428571 0.03571428571428571 0.03571428571428571
0.034482758620689655 0.034482758620689655 0.06896551724137931 0.06896551724137931 0.034482758620689655 0.034482758620689655 0.034482758620689655 0.06896551724137931 0.034482758620689655 0.034482758620689655 0.034482758620689655 0.034482758620689655 0.034482758620689655 0.034482758620689655 0.034482758620689655 0.034482758620689655 0.034482758620689655 0.034482758620689655 0.034482758620689655 0.06896551724137931 0.034482758620689655 0.034482758620689655 0.034482758620689655 0.034482758620689655 0.034482758620689655
0.03333333333333333 0.03333333333333333 0.03333333333333333 0.03333333333333333 0.03333333333333333 0.03333333333333333 0.03333333333333333 0.03333333333333333 0.03333333333333333 0.06666666666666667 0.03333333333333333 0.03333333333333333 0.13333333333333333 0.03333333333333333 0.03333333333333333 0.03333333333333333 0.03333333333333333 0.03333333333333333 0.03333333333333333 0.03333333333333333 0.06666666666666667 0.03333333333333333 0.03333333333333333 0.03333333333333333 0.03333333333333333
0.02631578947368421 0.02631578947368421 0.02631578947368421 0.02631578947368421 0.02631578947368421 0.02631578947368421 0.05263157894736842 0.02631578947368421 0.23684210526315788 0.02631578947368421 0.05263157894736842 0.02631578947368421 0.02631578947368421 0.07894736842105263 0.02631578947368421 0.02631578947368421 0.02631578947368421 0.02631578947368421 0.02631578947368421 0.02631578947368421 0.02631578947368421 0.02631578947368421 0.05263157894736842 0.02631578947368421 0.02631578947368421
0.02631578947368421 0.02631578947368421 0.07894736842105263 0.02631578947368421 0.07894736842105263 0.05263157894736842 0.05263157894736842 0.05263157894736842 0.02631578947368421 0.05263157894736842 0.02631578947368421 0.02631578947368421 0.02631578947368421 0.02631578947368421 0.07894736842105263 0.02631578947368421 0.02631578947368421 0.02631578947368421 0.05263157894736842 0.05263157894736842 0.02631578947368421 0.02631578947368421 0.02631578947368421 0.05263157894736842 0.02631578947368421
0.037037037037037035 0.037037037037037035 0.037037037037037035 0.037037037037037035 0.037037037037037035 0.037037037037037035 0.037037037037037035 0.037037037037037035 0.037037037037037035 0.037037037037037035 0.037037037037037035 0.037037037037037035 0.07407407407407407 0.037037037037037035 0.037037037037037035 0.037037037037037035 0.037037037037037035 0.037037037037037035 0.037037037037037035 0.037037037037037035 0.037037037037037035 0.037037037037037035 0.037037037037037035 0.07407407407407407 0.037037037037037035
0.025 0.05 0.025 0.025 0.025 0.025 0.025 0.05 0.025 0.025 0.05 0.025 0.025 0.025 0.025 0.05 0.075 0.125 0.025 0.125 0.05 0.025 0.025 0.025 0.025
0.027777777777777776 0.027777777777777776 0.027777777777777776 0.027777777777777776 0.027777777777777776 0.05555555555555555 0.1111111111111111 0.027777777777777776 0.027777777777777776 0.027777777777777776 0.027777777777777776 0.05555555555555555 0.027777777777777776 0.027777777777777776 0.027777777777777776 0.027777777777777776 0.027777777777777776 0.027777777777777776 0.027777777777777776 0.027777777777777776 0.19444444444444445 0.027777777777777776 0.027777777777777776 0.027777777777777776 0.027777777777777776
0.03571428571428571 0.03571428571428571 0.03571428571428571 0.03571428571428571 0.07142857142857142 0.03571428571428571 0.03571428571428571 0.03571428571428571 0.03571428571428571 0.03571428571428571 0.03571428571428571 0.03571428571428571 0.03571428571428571 0.03571428571428571 0.03571428571428571 0.03571428571428571 0.03571428571428571 0.03571428571428571 0.03571428571428571 0.07142857142857142 0.03571428571428571 0.03571428571428571 0.03571428571428571 0.07142857142857142 0.03571428571428571
0.03571428571428571 0.03571428571428571 0.07142857142857142 0.03571428571428571 0.03571428571428571 0.03571428571428571 0.03571428571428571 0.03571428571428571 0.03571428571428571 0.03571428571428571 0.03571428571428571 0.03571428571428571 0.03571428571428571 0.03571428571428571 0.03571428571428571 0.03571428571428571 0.03571428571428571 0.03571428571428571 0.03571428571428571 0.03571428571428571 0.03571428571428571 0.10714285714285714 0.03571428571428571 0.03571428571428571 0.03571428571428571
0.047619047619047616 0.07142857142857142 0.023809523809523808 0.023809523809523808 0.047619047619047616 0.023809523809523808 0.047619047619047616 0.047619047619047616 0.023809523809523808 0.023809523809523808 0.023809523809523808 0.023809523809523808 0.047619047619047616 0.047619047619047616 0.023809523809523808 0.023809523809523808 0.023809523809523808 0.023809523809523808 0.023809523809523808 0.047619047619047616 0.16666666666666666 0.023809523809523808 0.023809523809523808 0.07142857142857142 0.023809523809523808
0.03571428571428571 0.03571428571428571 0.07142857142857142 0.03571428571428571 0.03571428571428571 0.07142857142857142 0.03571428571428571 0.03571428571428571 0.03571428571428571 0.03571428571428571 0.03571428571428571 0.03571428571428571 0.03571428571428571 0.03571428571428571 0.03571428571428571 0.03571428571428571 0.03571428571428571 0.03571428571428571 0.03571428571428571 0.03571428571428571 0.03571428571428571 0.07142857142857142 0.03571428571428571 0.03571428571428571 0.03571428571428571
0.03333333333333333 0.03333333333333333 0.03333333333333333 0.03333333333333333 0.06666666666666667 0.03333333333333333 0.03333333333333333 0.06666666666666667 0.03333333333333333 0.03333333333333333 0.03333333333333333 0.03333333333333333 0.03333333333333333 0.03333333333333333 0.03333333333333333 0.03333333333333333 0.03333333333333333 0.03333333333333333 0.03333333333333333 0.03333333333333333 0.03333333333333333 0.03333333333333333 0.03333333333333333 0.13333333333333333 0.03333333333333333
0.034482758620689655 0.034482758620689655 0.034482758620689655 0.034482758620689655 0.034482758620689655 0.034482758620689655 0.034482758620689655 0.034482758620689655 0.034482758620689655 0.034482758620689655 0.06896551724137931 0.034482758620689655 0.034482758620689655 0.06896551724137931 0.034482758620689655 0.06896551724137931 0.06896551724137931 0.034482758620689655 0.034482758620689655 0.034482758620689655 0.034482758620689655 0.034482758620689655 0.034482758620689655 0.034482758620689655 0.034482758620689655
0.034482758620689655 0.034482758620689655 0.034482758620689655 0.06896551724137931 0.034482758620689655 0.034482758620689655 0.06896551724137931 0.034482758620689655 0.034482758620689655 0.034482758620689655 0.034482758620689655 0.034482758620689655 0.034482758620689655 0.034482758620689655 0.034482758620689655 0.06896551724137931 0.034482758620689655 0.06896551724137931 0.034482758620689655 0.034482758620689655 0.034482758620689655 0.034482758620689655 0.034482758620689655 0.034482758620689655 0.034482758620689655
0.029411764705882353 0.029411764705882353 0.029411764705882353 0.029411764705882353 0.058823529411764705 0.029411764705882353 0.029411764705882353 0.029411764705882353 0.029411764705882353 0.11764705882352941 0.058823529411764705 0.058823529411764705 0.058823529411764705 0.029411764705882353 0.029411764705882353 0.029411764705882353 0.058823529411764705 0.029411764705882353 0.029411764705882353 0.029411764705882353 0.029411764705882353 0.029411764705882353 0.058823529411764705 0.029411764705882353 0.029411764705882353
0.02631578947368421 0.05263157894736842 0.02631578947368421 0.02631578947368421 0.02631578947368421 0.02631578947368421 0.02631578947368421 0.02631578947368421 0.02631578947368421 0.02631578947368421 0.02631578947368421 0.05263157894736842 0.07894736842105263 0.05263157894736842 0.02631578947368421 0.07894736842105263 0.05263157894736842 0.02631578947368421 0.02631578947368421 0.02631578947368421 0.13157894736842105 0.02631578947368421 0.05263157894736842 0.02631578947368421 0.02631578947368421
0.02631578947368421 0.02631578947368421 0.02631578947368421 0.07894736842105263 0.02631578947368421 0.07894736842105263 0.02631578947368421 0.05263157894736842 0.02631578947368421 0.02631578947368421 0.02631578947368421 0.02631578947368421 0.02631578947368421 0.02631578947368421 0.02631578947368421 0.02631578947368421 0.02631578947368421 0.02631578947368421 0.05263157894736842 0.02631578947368421 0.15789473684210525 0.07894736842105263 0.02631578947368421 0.02631578947368421 0.02631578947368421
0.05405405405405406 0.13513513513513514 0.02702702702702703 0.08108108108108109 0.02702702702702703 0.05405405405405406 0.02702702702702703 0.02702702702702703 0.05405405405405406 0.02702702702702703 0.02702702702702703 0.02702702702702703 0.02702702702702703 0.02702702702702703 0.02702702702702703 0.02702702702702703 0.08108108108108109 0.02702702702702703 0.02702702702702703 0.02702702702702703 0.02702702702702703 0.02702702702702703 0.02702702702702703 0.02702702702702703 0.05405405405405406
0.037037037037037035 0.037037037037037035 0.037037037037037035 0.07407407407407407 0.037037037037037035 0.037037037037037035 0.037037037037037035 0.037037037037037035 0.037037037037037035 0.037037037037037035 0.037037037037037035 0.037037037037037035 0.037037037037037035 0.037037037037037035 0.037037037037037035 0.037037037037037035 0.037037037037037035 0.037037037037037035 0.037037037037037035 0.037037037037037035 0.037037037037037035 0.037037037037037035 0.037037037037037035 0.037037037037037035 0.07407407407407407
0.034482758620689655 0.034482758620689655 0.10344827586206896 0.034482758620689655 0.034482758620689655 0.034482758620689655 0.034482758620689655 0.06896551724137931 0.034482758620689655 0.034482758620689655 0.034482758620689655 0.034482758620689655 0.034482758620689655 0.034482758620689655 0.034482758620689655 0.034482758620689655 0.034482758620689655 0.034482758620689655 0.034482758620689655 0.034482758620689655 0.06896551724137931 0.034482758620689655 0.034482758620689655 0.034482758620689655 0.034482758620689655
0.03225806451612903 0.06451612903225806 0.03225806451612903 0.03225806451612903 0.03225806451612903 0.03225806451612903 0.03225806451612903 0.03225806451612903 0.03225806451612903 0.06451612903225806 0.03225806451612903 0.03225806451612903 0.0967741935483871 0.03225806451612903 0.03225806451612903 0.03225806451612903 0.03225806451612903 0.03225806451612903 0.03225806451612903 0.03225806451612903 0.06451612903225806 0.06451612903225806 0.03225806451612903 0.03225806451612903 0.03225806451612903
0.05263157894736842 0.05263157894736842 0.03508771929824561 0.03508771929824561 0.05263157894736842 0.017543859649122806 0.05263157894736842 0.017543859649122806 0.017543859649122806 0.05263157894736842 0.017543859649122806 0.017543859649122806 0.03508771929824561 0.10526315789473684 0.05263157894736842 0.017543859649122806 0.017543859649122806 0.017543859649122806 0.017543859649122806 0.017543859649122806 0.14035087719298245 0.017543859649122806 0.03508771929824561 0.017543859649122806 0.08771929824561403
0.034482758620689655 0.034482758620689655 0.034482758620689655 0.034482758620689655 0.06896551724137931 0.034482758620689655 0.034482758620689655 0.034482758620689655 0.034482758620689655 0.034482758620689655 0.06896551724137931 0.034482758620689655 0.034482758620689655 0.034482758620689655 0.06896551724137931 0.034482758620689655 0.06896551724137931 0.034482758620689655 0.034482758620689655 0.034482758620689655 0.034482758620689655 0.034482758620689655 0.034482758620689655 0.034482758620689655 0.034482758620689655
0.022727272727272728 0.022727272727272728 0.09090909090909091 0.022727272727272728 0.022727272727272728 0.022727272727272728 0.022727272727272728 0.045454545454545456 0.022727272727272728 0.045454545454545456 0.022727272727272728 0.022727272727272728 0.09090909090909091 0.045454545454545456 0.022727272727272728 0.022727272727272728 0.06818181818181818 0.022727272727272728 0.06818181818181818 0.022727272727272728 0.13636363636363635 0.022727272727272728 0.045454545454545456 0.022727272727272728 0.022727272727272728
0.03333333333333333 0.06666666666666667 0.03333333333333333 0.03333333333333333 0.03333333333333333 0.03333333333333333 0.03333333333333333 0.03333333333333333 0.03333333333333333 0.03333333333333333 0.03333333333333333 0.03333333333333333 0.1 0.03333333333333333 0.03333333333333333 0.03333333333333333 0.03333333333333333 0.03333333333333333 0.06666666666666667 0.03333333333333333 0.03333333333333333 0.03333333333333333 0.06666666666666667 0.03333333333333333 0.03333333333333333
0.03333333333333333 0.13333333333333333 0.03333333333333333 0.03333333333333333 0.03333333333333333 0.03333333333333333 0.03333333333333333 0.03333333333333333 0.06666666666666667 0.03333333333333333 0.03333333333333333 0.06666666666666667 0.03333333333333333 0.03333333333333333 0.03333333333333333 0.03333333333333333 0.03333333333333333 0.03333333333333333 0.03333333333333333 0.03333333333333333 0.03333333333333333 0.03333333333333333 0.03333333333333333 0.03333333333333333 0.03333333333333333
0.03225806451612903 0.03225806451612903 0.03225806451612903 0.03225806451612903 0.03225806451612903 0.03225806451612903 0.06451612903225806 0.03225806451612903 0.03225806451612903 0.03225806451612903 0.03225806451612903 0.06451612903225806 0.03225806451612903 0.06451612903225806 0.03225806451612903 0.03225806451612903 0.03225806451612903 0.03225806451612903 0.06451612903225806 0.06451612903225806 0.03225806451612903 0.03225806451612903 0.03225806451612903 0.06451612903225806 0.03225806451612903
0.05555555555555555 0.05555555555555555 0.027777777777777776 0.08333333333333333 0.05555555555555555 0.027777777777777776 0.05555555555555555 0.05555555555555555 0.027777777777777776 0.027777777777777776 0.027777777777777776 0.027777777777777776 0.027777777777777776 0.027777777777777776 0.027777777777777776 0.05555555555555555 0.027777777777777776 0.05555555555555555 0.027777777777777776 0.027777777777777776 0.05555555555555555 0.027777777777777776 0.027777777777777776 0.05555555555555555 0.027777777777777776
0.029411764705882353 0.058823529411764705 0.029411764705882353 0.029411764705882353 0.029411764705882353 0.029411764705882353 0.029411764705882353 0.029411764705882353 0.029411764705882353 0.029411764705882353 0.029411764705882353 0.20588235294117646 0.029411764705882353 0.029411764705882353 0.029411764705882353 0.029411764705882353 0.058823529411764705 0.058823529411764705 0.029411764705882353 0.029411764705882353 0.029411764705882353 0.029411764705882353 0.029411764705882353 0.029411764705882353 0.029411764705882353
0.03225806451612903 0.03225806451612903 0.16129032258064516 0.03225806451612903 0.03225806451612903 0.03225806451612903 0.03225806451612903 0.03225806451612903 0.03225806451612903 0.03225806451612903 0.03225806451612903 0.06451612903225806 0.06451612903225806 0.03225806451612903 0.03225806451612903 0.03225806451612903 0.03225806451612903 0.03225806451612903 0.03225806451612903 0.03225806451612903 0.03225806451612903 0.03225806451612903 0.03225806451612903 0.03225806451612903 0.03225806451612903
0.023255813953488372 0.023255813953488372 0.046511627906976744 0.023255813953488372 0.023255813953488372 0.023255813953488372 0.023255813953488372 0.06976744186046512 0.06976744186046512 0.046511627906976744 0.023255813953488372 0.046511627906976744 0.023255813953488372 0.023255813953488372 0.046511627906976744 0.023255813953488372 0.046511627906976744 0.023255813953488372 0.046511627906976744 0.046511627906976744 0.06976744186046512 0.09302325581395349 0.023255813953488372 0.046511627906976744 0.046511627906976744
0.03125 0.03125 0.03125 0.03125 0.03125 0.03125 0.0625 0.03125 0.125 0.03125 0.03125 0.03125 0.03125 0.0625 0.03125 0.03125 0.03125 0.03125 0.03125 0.03125 0.03125 0.03125 0.0625 0.0625 0.03125
0.02702702702702703 0.02702702702702703 0.05405405405405406 0.02702702702702703 0.08108108108108109 0.02702702702702703 0.02702702702702703 0.02702702702702703 0.02702702702702703 0.02702702702702703 0.02702702702702703 0.02702702702702703 0.02702702702702703 0.10810810810810811 0.02702702702702703 0.02702702702702703 0.05405405405405406 0.02702702702702703 0.02702702702702703 0.02702702702702703 0.05405405405405406 0.02702702702702703 0.05405405405405406 0.08108108108108109 0.05405405405405406
0.03333333333333333 0.03333333333333333 0.03333333333333333 0.03333333333333333 0.03333333333333333 0.03333333333333333 0.06666666666666667 0.06666666666666667 0.03333333333333333 0.03333333333333333 0.03333333333333333 0.03333333333333333 0.03333333333333333 0.1 0.03333333333333333 0.03333333333333333 0.03333333333333333 0.03333333333333333 0.03333333333333333 0.06666666666666667 0.03333333333333333 0.03333333333333333 0.03333333333333333 0.03333333333333333 0.03333333333333333
0.037037037037037035 0.037037037037037035 0.037037037037037035 0.037037037037037035 0.037037037037037035 0.037037037037037035 0.1111111111111111 0.037037037037037035 0.037037037037037035 0.037037037037037035 0.037037037037037035 0.037037037037037035 0.037037037037037035 0.037037037037037035 0.037037037037037035 0.037037037037037035 0.037037037037037035 0.037037037037037035 0.037037037037037035 0.037037037037037035 0.037037037037037035 0.037037037037037035 0.037037037037037035 0.037037037037037035 0.037037037037037035
0.027777777777777776 0.1111111111111111 0.027777777777777776 0.027777777777777776 0.027777777777777776 0.08333333333333333 0.08333333333333333 0.027777777777777776 0.027777777777777776 0.027777777777777776 0.027777777777777776 0.027777777777777776 0.05555555555555555 0.027777777777777776 0.027777777777777776 0.027777777777777776 0.027777777777777776 0.027777777777777776 0.027777777777777776 0.08333333333333333 0.05555555555555555 0.027777777777777776 0.027777777777777776 0.027777777777777776 0.027777777777777776
0.027777777777777776 0.027777777777777776 0.027777777777777776 0.027777777777777776 0.05555555555555555 0.027777777777777776 0.027777777777777776 0.027777777777777776 0.027777777777777776 0.05555555555555555 0.027777777777777776 0.027777777777777776 0.027777777777777776 0.027777777777777776 0.05555555555555555 0.05555555555555555 0.05555555555555555 0.027777777777777776 0.08333333333333333 0.05555555555555555 0.05555555555555555 0.05555555555555555 0.027777777777777776 0.027777777777777776 0.05555555555555555
0.038461538461538464 0.07692307692307693 0.038461538461538464 0.038461538461538464 0.038461538461538464 0.038461538461538464 0.038461538461538464 0.038461538461538464 0.038461538461538464 0.038461538461538464 0.038461538461538464 0.038461538461538464 0.038461538461538464 0.038461538461538464 0.038461538461538464 0.038461538461538464 0.038461538461538464 0.038461538461538464 0.038461538461538464 0.038461538461538464 0.038461538461538464 0.038461538461538464 0.038461538461538464 0.038461538461538464 0.038461538461538464
0.03125 0.03125 0.03125 0.03125 0.03125 0.03125 0.03125 0.03125 0.03125 0.03125 0.03125 0.03125 0.1875 0.03125 0.03125 0.03125 0.0625 0.03125 0.03125 0.03125 0.03125 0.03125 0.0625 0.03125 0.03125
0.04878048780487805 0.024390243902439025 0.024390243902439025 0.024390243902439025 0.04878048780487805 0.04878048780487805 0.024390243902439025 0.14634146341463414 0.04878048780487805 0.024390243902439025 0.024390243902439025 0.04878048780487805 0.024390243902439025 0.024390243902439025 0.024390243902439025 0.024390243902439025 0.07317073170731707 0.04878048780487805 0.024390243902439025 0.024390243902439025 0.04878048780487805 0.04878048780487805 0.024390243902439025 0.024390243902439025 0.04878048780487805
0.03125 0.0625 0.03125 0.03125 0.03125 0.03125 0.03125 0.03125 0.03125 0.03125 0.03125 0.03125 0.0625 0.03125 0.0625 0.09375 0.0625 0.03125 0.03125 0.03125 0.0625 0.03125 0.03125 0.03125 0.03125
0.0196078431372549 0.0392156862745098 0.0196078431372549 0.0196078431372549 0.0392156862745098 0.0196078431372549 0.0392156862745098 0.0392156862745098 0.0392156862745098 0.0196078431372549 0.11764705882352941 0.0392156862745098 0.09803921568627451 0.0196078431372549 0.09803921568627451 0.0196078431372549 0.0784313725490196 0.0392156862745098 0.0196078431372549 0.058823529411764705 0.0196078431372549 0.0196078431372549 0.0196078431372549 0.0392156862745098 0.0196078431372549
0.030303030303030304 0.06060606060606061 0.030303030303030304 0.030303030303030304 0.030303030303030304 0.06060606060606061 0.030303030303030304 0.06060606060606061 0.030303030303030304 0.12121212121212122 0.030303030303030304 0.030303030303030304 0.030303030303030304 0.030303030303030304 0.030303030303030304 0.030303030303030304 0.030303030303030304 0.030303030303030304 0.030303030303030304 0.030303030303030304 0.030303030303030304 0.030303030303030304 0.030303030303030304 0.06060606060606061 0.06060606060606061
0.030303030303030304 0.030303030303030304 0.030303030303030304 0.030303030303030304 0.030303030303030304 0.030303030303030304 0.030303030303030304 0.030303030303030304 0.09090909090909091 0.030303030303030304 0.030303030303030304 0.06060606060606061 0.030303030303030304 0.030303030303030304 0.030303030303030304 0.15151515151515152 0.030303030303030304 0.030303030303030304 0.030303030303030304 0.030303030303030304 0.030303030303030304 0.030303030303030304 0.030303030303030304 0.06060606060606061 0.030303030303030304
0.029411764705882353 0.029411764705882353 0.029411764705882353 0.029411764705882353 0.029411764705882353 0.029411764705882353 0.058823529411764705 0.029411764705882353 0.029411764705882353 0.029411764705882353 0.08823529411764706 0.029411764705882353 0.029411764705882353 0.08823529411764706 0.029411764705882353 0.029411764705882353 0.029411764705882353 0.058823529411764705 0.029411764705882353 0.029411764705882353 0.029411764705882353 0.029411764705882353 0.029411764705882353 0.11764705882352941 0.029411764705882353
0.034482758620689655 0.034482758620689655 0.034482758620689655 0.034482758620689655 0.034482758620689655 0.034482758620689655 0.034482758620689655 0.034482758620689655 0.034482758620689655 0.034482758620689655 0.034482758620689655 0.034482758620689655 0.034482758620689655 0.034482758620689655 0.034482758620689655 0.034482758620689655 0.06896551724137931 0.034482758620689655 0.034482758620689655 0.034482758620689655 0.034482758620689655 0.13793103448275862 0.034482758620689655 0.034482758620689655 0.034482758620689655
0.02857142857142857 0.05714285714285714 0.02857142857142857 0.02857142857142857 0.02857142857142857 0.02857142857142857 0.02857142857142857 0.02857142857142857 0.11428571428571428 0.05714285714285714 0.02857142857142857 0.02857142857142857 0.02857142857142857 0.02857142857142857 0.05714285714285714 0.02857142857142857 0.02857142857142857 0.05714285714285714 0.02857142857142857 0.02857142857142857 0.05714285714285714 0.02857142857142857 0.02857142857142857 0.08571428571428572 0.02857142857142857
0.037037037037037035 0.037037037037037035 0.037037037037037035 0.037037037037037035 0.037037037037037035 0.037037037037037035 0.037037037037037035 0.037037037037037035 0.037037037037037035 0.037037037037037035 0.037037037037037035 0.037037037037037035 0.037037037037037035 0.037037037037037035 0.037037037037037035 0.07407407407407407 0.037037037037037035 0.037037037037037035 0.07407407407407407 0.037037037037037035 0.037037037037037035 0.037037037037037035 0.037037037037037035 0.037037037037037035 0.037037037037037035
0.05128205128205128 0.02564102564102564 0.02564102564102564 0.02564102564102564 0.05128205128205128 0.02564102564102564 0.02564102564102564 0.02564102564102564 0.02564102564102564 0.20512820512820512 0.02564102564102564 0.02564102564102564 0.05128205128205128 0.02564102564102564 0.05128205128205128 0.02564102564102564 0.02564102564102564 0.02564102564102564 0.02564102564102564 0.10256410256410256 0.02564102564102564 0.02564102564102564 0.02564102564102564 0.02564102564102564 0.02564102564102564
0.03225806451612903 0.03225806451612903 0.03225806451612903 0.06451612903225806 0.03225806451612903 0.03225806451612903 0.03225806451612903 0.06451612903225806 0.03225806451612903 0.03225806451612903 0.03225806451612903 0.03225806451612903 0.03225806451612903 0.03225806451612903 0.06451612903225806 0.06451612903225806 0.03225806451612903 0.03225806451612903 0.03225806451612903 0.03225806451612903 0.06451612903225806 0.06451612903225806 0.03225806451612903 0.03225806451612903 0.03225806451612903
0.06896551724137931 0.034482758620689655 0.034482758620689655 0.034482758620689655 0.034482758620689655 0.034482758620689655 0.034482758620689655 0.10344827586206896 0.034482758620689655 0.034482758620689655 0.034482758620689655 0.034482758620689655 0.034482758620689655 0.034482758620689655 0.034482758620689655 0.034482758620689655 0.034482758620689655 0.034482758620689655 0.034482758620689655 0.06896551724137931 0.034482758620689655 0.034482758620689655 0.034482758620689655 0.034482758620689655 0.034482758620689655
0.020833333333333332 0.020833333333333332 0.020833333333333332 0.020833333333333332 0.0625 0.020833333333333332 0.020833333333333332 0.020833333333333332 0.020833333333333332 0.08333333333333333 0.020833333333333332 0.20833333333333334 0.041666666666666664 0.020833333333333332 0.020833333333333332 0.020833333333333332 0.020833333333333332 0.0625 0.020833333333333332 0.020833333333333332 0.041666666666666664 0.0625 0.041666666666666664 0.0625 0.020833333333333332
0.02631578947368421 0.02631578947368421 0.02631578947368421 0.02631578947368421 0.02631578947368421 0.02631578947368421 0.02631578947368421 0.02631578947368421 0.18421052631578946 0.05263157894736842 0.05263157894736842 0.02631578947368421 0.02631578947368421 0.02631578947368421 0.02631578947368421 0.05263157894736842 0.02631578947368421 0.02631578947368421 0.02631578947368421 0.02631578947368421 0.05263157894736842 0.02631578947368421 0.02631578947368421 0.10526315789473684 0.02631578947368421
0.02631578947368421 0.02631578947368421 0.02631578947368421 0.10526315789473684 0.18421052631578946 0.02631578947368421 0.07894736842105263 0.02631578947368421 0.02631578947368421 0.02631578947368421 0.02631578947368421 0.05263157894736842 0.02631578947368421 0.02631578947368421 0.02631578947368421 0.02631578947368421 0.02631578947368421 0.02631578947368421 0.02631578947368421 0.05263157894736842 0.02631578947368421 0.02631578947368421 0.02631578947368421 0.02631578947368421 0.02631578947368421
0.02702702702702703 0.02702702702702703 0.05405405405405406 0.05405405405405406 0.02702702702702703 0.02702702702702703 0.10810810810810811 0.02702702702702703 0.10810810810810811 0.05405405405405406 0.02702702702702703 0.02702702702702703 0.02702702702702703 0.02702702702702703 0.02702702702702703 0.02702702702702703 0.02702702702702703 0.02702702702702703 0.02702702702702703 0.02702702702702703 0.05405405405405406 0.08108108108108109 0.02702702702702703 0.02702702702702703 0.02702702702702703
0.025 0.025 0.025 0.05 0.025 0.025 0.175 0.025 0.025 0.025 0.075 0.025 0.025 0.025 0.075 0.025 0.025 0.025 0.025 0.075 0.025 0.075 0.025 0.025 0.025
0.04081632653061224 0.02040816326530612 0.04081632653061224 0.04081632653061224 0.04081632653061224 0.02040816326530612 0.14285714285714285 0.04081632653061224 0.02040816326530612 0.04081632653061224 0.02040816326530612 0.08163265306122448 0.04081632653061224 0.02040816326530612 0.04081632653061224 0.02040816326530612 0.04081632653061224 0.02040816326530612 0.02040816326530612 0.08163265306122448 0.04081632653061224 0.04081632653061224 0.02040816326530612 0.04081632653061224 0.02040816326530612
0.029411764705882353 0.029411764705882353 0.058823529411764705 0.029411764705882353 0.029411764705882353 0.058823529411764705 0.029411764705882353 0.029411764705882353 0.029411764705882353 0.029411764705882353 0.029411764705882353 0.058823529411764705 0.029411764705882353 0.029411764705882353 0.029411764705882353 0.029411764705882353 0.058823529411764705 0.029411764705882353 0.029411764705882353 0.058823529411764705 0.029411764705882353 0.11764705882352941 0.058823529411764705 0.029411764705882353 0.029411764705882353
0.03571428571428571 0.03571428571428571 0.03571428571428571 0.03571428571428571 0.03571428571428571 0.03571428571428571 0.03571428571428571 0.03571428571428571 0.03571428571428571 0.03571428571428571 0.03571428571428571 0.07142857142857142 0.03571428571428571 0.03571428571428571 0.03571428571428571 0.03571428571428571 0.07142857142857142 0.03571428571428571 0.03571428571428571 0.03571428571428571 0.03571428571428571 0.07142857142857142 0.03571428571428571 0.03571428571428571 0.03571428571428571
0.03571428571428571 0.10714285714285714 0.03571428571428571 0.03571428571428571 0.03571428571428571 0.03571428571428571 0.03571428571428571 0.03571428571428571 0.03571428571428571 0.03571428571428571 0.03571428571428571 0.03571428571428571 0.03571428571428571 0.07142857142857142 0.03571428571428571 0.03571428571428571 0.03571428571428571 0.03571428571428571 0.03571428571428571 0.03571428571428571 0.03571428571428571 0.03571428571428571 0.03571428571428571 0.03571428571428571 0.03571428571428571
0.03571428571428571 0.03571428571428571 0.03571428571428571 0.03571428571428571 0.07142857142857142 0.03571428571428571 0.03571428571428571 0.03571428571428571 0.03571428571428571 0.03571428571428571 0.03571428571428571 0.03571428571428571 0.07142857142857142 0.07142857142857142 0.03571428571428571 0.03571428571428571 0.03571428571428571 0.03571428571428571 0.03571428571428571 0.03571428571428571 0.03571428571428571 0.03571428571428571 0.03571428571428571 0.03571428571428571 0.03571428571428571
0.03333333333333333 0.03333333333333333 0.03333333333333333 0.06666666666666667 0.03333333333333333 0.06666666666666667 0.03333333333333333 0.03333333333333333 0.03333333333333333 0.03333333333333333 0.03333333333333333 0.03333333333333333 0.06666666666666667 0.03333333333333333 0.03333333333333333 0.06666666666666667 0.03333333333333333 0.06666666666666667 0.03333333333333333 0.03333333333333333 0.03333333333333333 0.03333333333333333 0.03333333333333333 0.03333333333333333 0.03333333333333333
0.03225806451612903 0.06451612903225806 0.03225806451612903 0.03225806451612903 0.06451612903225806 0.03225806451612903 0.03225806451612903 0.03225806451612903 0.0967741935483871 0.03225806451612903 0.03225806451612903 0.06451612903225806 0.03225806451612903 0.06451612903225806 0.03225806451612903 0.03225806451612903 0.03225806451612903 0.03225806451612903 0.03225806451612903 0.03225806451612903 0.03225806451612903 0.03225806451612903 0.03225806451612903 0.03225806451612903 0.03225806451612903
0.034482758620689655 0.034482758620689655 0.034482758620689655 0.034482758620689655 0.034482758620689655 0.06896551724137931 0.034482758620689655 0.06896551724137931 0.034482758620689655 0.034482758620689655 0.034482758620689655 0.034482758620689655 0.034482758620689655 0.034482758620689655 0.06896551724137931 0.034482758620689655 0.034482758620689655 0.034482758620689655 0.034482758620689655 0.034482758620689655 0.034482758620689655 0.034482758620689655 0.034482758620689655 0.034482758620689655 0.06896551724137931
0.02857142857142857 0.02857142857142857 0.02857142857142857 0.05714285714285714 0.02857142857142857 0.02857142857142857 0.02857142857142857 0.02857142857142857 0.02857142857142857 0.02857142857142857 0.02857142857142857 0.05714285714285714 0.02857142857142857 0.02857142857142857 0.05714285714285714 0.02857142857142857 0.11428571428571428 0.02857142857142857 0.02857142857142857 0.05714285714285714 0.05714285714285714 0.05714285714285714 0.02857142857142857 0.05714285714285714 0.02857142857142857
0.034482758620689655 0.034482758620689655 0.034482758620689655 0.034482758620689655 0.034482758620689655 0.034482758620689655 0.034482758620689655 0.034482758620689655 0.034482758620689655 0.034482758620689655 0.034482758620689655 0.06896551724137931 0.034482758620689655 0.06896551724137931 0.034482758620689655 0.034482758620689655 0.034482758620689655 0.034482758620689655 0.034482758620689655 0.034482758620689655 0.06896551724137931 0.034482758620689655 0.034482758620689655 0.06896551724137931 0.034482758620689655
0.03571428571428571 0.03571428571428571 0.03571428571428571 0.03571428571428571 0.03571428571428571 0.03571428571428571 0.03571428571428571 0.03571428571428571 0.03571428571428571 0.03571428571428571 0.07142857142857142 0.03571428571428571 0.03571428571428571 0.03571428571428571 0.03571428571428571 0.03571428571428571 0.03571428571428571 0.07142857142857142 0.03571428571428571 0.03571428571428571 0.03571428571428571 0.03571428571428571 0.07142857142857142 0.03571428571428571 0.03571428571428571
